dst_id,conf_0,conf_1,conf_2,conf_3,conf_4,conf_5,conf_6,conf_7,conf_8,conf_9,conf_10,conf_11,conf_12,conf_13,conf_14,conf_15,conf_16,conf_17,conf_18,conf_19,conf_20,conf_21,conf_22,conf_23,conf_24,conf_25,conf_26,conf_27,conf_28,conf_29,conf_30,conf_31,conf_32,conf_33,conf_34,conf_35,conf_36,conf_37,conf_38,conf_39,conf_40,conf_41,conf_42,conf_43,conf_44,conf_45,conf_46,conf_47,conf_48,conf_49,conf_50,conf_51,conf_52,conf_53,conf_54,conf_55,conf_56,conf_57,conf_58,conf_59,conf_60,conf_61,conf_62,conf_63,conf_64,conf_65,conf_66,conf_67,conf_68,conf_69,conf_70,conf_71,conf_72,conf_73,conf_74,conf_75,conf_76,conf_77,conf_78,conf_79,conf_80,conf_81,conf_82,conf_83,conf_84,conf_85,conf_86,conf_87,conf_88,conf_89,conf_90,conf_91,conf_92,conf_93,conf_94,conf_95,conf_96,conf_97,conf_98,conf_99,conf_100,conf_101,conf_102,conf_103,conf_104,conf_105,conf_106,conf_107,conf_108,conf_109,conf_110,conf_111,conf_112,conf_113,conf_114,conf_115,conf_116,conf_117,conf_118,conf_119,conf_120,conf_121,conf_122,conf_123,conf_124,conf_125,conf_126,conf_127,conf_128,conf_129,conf_130,conf_131,conf_132,conf_133,conf_134,conf_135,conf_136,conf_137,conf_138,conf_139,conf_140,conf_141,conf_142,conf_143,conf_144,conf_145,conf_146,conf_147,conf_148,conf_149,conf_150,conf_151,conf_152,conf_153,conf_154,conf_155,conf_156,conf_157,conf_158,conf_159,conf_160,conf_161,conf_162,conf_163,conf_164,conf_165,conf_166,conf_167,conf_168,conf_169,conf_170,conf_171,conf_172,conf_173,conf_174,conf_175,conf_176,conf_177,conf_178,conf_179,conf_180,conf_181,conf_182,conf_183,conf_184,conf_185,conf_186,conf_187,conf_188,conf_189,conf_190,conf_191,conf_192,conf_193,conf_194,conf_195,conf_196,conf_197,conf_198,conf_199,conf_200,conf_201,conf_202,conf_203,conf_204,conf_205,conf_206,conf_207,conf_208,conf_209,conf_210,conf_211,conf_212,conf_213,conf_214,conf_215,conf_216,conf_217,conf_218,conf_219,conf_220,conf_221,conf_222,conf_223,conf_224,conf_225,conf_226,conf_227,conf_228,conf_229,conf_230,conf_231,conf_232,conf_233,conf_234,conf_235,conf_236,conf_237,conf_238,conf_239,conf_240,conf_241,conf_242,conf_243,conf_244,conf_245,conf_246,conf_247,conf_248,conf_249,conf_250,conf_251,conf_252,conf_253,conf_254,conf_255,conf_256,conf_257,conf_258,conf_259,conf_260,conf_261,conf_262,conf_263,conf_264,conf_265,conf_266,conf_267,conf_268,conf_269,conf_270,conf_271,conf_272,conf_273,conf_274,conf_275,conf_276,conf_277,conf_278,conf_279,conf_280,conf_281,conf_282,conf_283,conf_284,conf_285,conf_286,conf_287,conf_288,conf_289,conf_290,conf_291,conf_292,conf_293,conf_294,conf_295,conf_296,conf_297,conf_298,conf_299,conf_300,conf_301,conf_302,conf_303,conf_304,conf_305,conf_306,conf_307,conf_308,conf_309,conf_310,conf_311,conf_312,conf_313,conf_314,conf_315,conf_316,conf_317,conf_318,conf_319,conf_320,conf_321,conf_322,conf_323,conf_324,conf_325,conf_326,conf_327,conf_328,conf_329,conf_330,conf_331,conf_332,conf_333,conf_334,conf_335,conf_336,conf_337,conf_338,conf_339,conf_340,conf_341,conf_342,conf_343,conf_344,conf_345,conf_346,conf_347,conf_348,conf_349,conf_350,conf_351,conf_352,conf_353,conf_354,conf_355,conf_356,conf_357,conf_358,conf_359,conf_360,conf_361,conf_362,conf_363,conf_364,conf_365,conf_366,conf_367,conf_368,conf_369,conf_370,conf_371,conf_372,conf_373,conf_374,conf_375,conf_376,conf_377,conf_378,conf_379,conf_380,conf_381,conf_382,conf_383,conf_384,conf_385,conf_386,conf_387,conf_388,conf_389,conf_390,conf_391,conf_392,conf_393,conf_394,conf_395,conf_396,conf_397,conf_398,conf_399,conf_400,conf_401,conf_402,conf_403,conf_404,conf_405,conf_406,conf_407,conf_408,conf_409,conf_410,conf_411,conf_412,conf_413,conf_414,conf_415,conf_416,conf_417,conf_418,conf_419,conf_420,conf_421,conf_422,conf_423,conf_424,conf_425,conf_426,conf_427,conf_428,conf_429,conf_430,conf_431,conf_432,conf_433,conf_434,conf_435,conf_436,conf_437,conf_438,conf_439,conf_440,conf_441,conf_442,conf_443,conf_444,conf_445,conf_446,conf_447,conf_448,conf_449,conf_450,conf_451,conf_452,conf_453,conf_454,conf_455,conf_456,conf_457,conf_458,conf_459,conf_460,conf_461,conf_462,conf_463,conf_464,conf_465,conf_466,conf_467,conf_468,conf_469,conf_470,conf_471,conf_472,conf_473,conf_474,conf_475,conf_476,conf_477,conf_478,conf_479,conf_480,conf_481,conf_482,conf_483,conf_484,conf_485,conf_486,conf_487,conf_488,conf_489,conf_490,conf_491,conf_492,conf_493,conf_494,conf_495,conf_496,conf_497,conf_498,conf_499,conf_500,conf_501,conf_502,conf_503,conf_504,conf_505,conf_506,conf_507,conf_508,conf_509,conf_510,conf_511,conf_512,conf_513,conf_514,conf_515,conf_516,conf_517,conf_518,conf_519,conf_520,conf_521,conf_522,conf_523,conf_524,conf_525,conf_526,conf_527,conf_528,conf_529,conf_530,conf_531,conf_532,conf_533,conf_534,conf_535,conf_536,conf_537,conf_538,conf_539,conf_540,conf_541,conf_542,conf_543,conf_544,conf_545,conf_546,conf_547,conf_548,conf_549,conf_550,conf_551,conf_552,conf_553,conf_554,conf_555,conf_556,conf_557,conf_558,conf_559,conf_560,conf_561,conf_562,conf_563,conf_564,conf_565,conf_566,conf_567,conf_568,conf_569,conf_570,conf_571,conf_572,conf_573,conf_574,conf_575
1_1,0.9560637693324046,-5.7292745932175455,0.7502725172807228,-8.0,1.1097404906270325,-5.807112100950641,1.0955247921323492,-6.545307550760523,1.0944851092469363,-6.326979092871103,1.1617495739356616,-6.246302063581783,0.6357064249814781,-0.02503005777120896,0.6047531028677314,-0.2826904452034015,0.8370446971285274,-0.2644949727403881,1.035077079501092,-7.0301183562535,1.0741524657818367,-6.7517814388099255,1.1609596584028161,-6.280006173632396,1.4173272793064284,-2.7654528028277072,1.1041665057669043,-8.0,1.5236174964025042,-2.7934112973201803,1.2485788094748267,-5.140864706135508,1.2496834532789645,-5.714139016073114,1.3886601078706353,-4.287023438059673,1.8395391277660023,0.9224168122719497,1.4318177885787007,-4.261154460706563,1.868922004821857,0.6080277202946651,1.4818550128097048,-1.4552554778639248,1.4468202409178068,-4.738956118421718,1.5760833800167269,-2.962334168165642,1.4410170552089505,0.1555407703311845,1.0958760212253755,-8.0,1.5009540268337291,-0.9659133052085529,1.2494283599892273,-4.092370740417094,1.2229441832215675,-5.1326002838674,1.3717772146987264,-3.0898538223354373,1.300560011119976,-4.775851679802408,1.030306349702827,-6.669383332705562,1.4526835037387982,-3.5151980932906013,1.2789431200210277,-4.33260682508807,1.2750875896580796,-5.379676520230741,1.3523468014732063,-3.711893363606696,1.6421653326346264,-0.023579869599444497,1.242354312941213,-8.0,1.7281618194051804,-0.12188279028048128,1.3314886919015592,-3.169078553198446,1.376959100037923,-4.71323262922708,1.5052367507683517,-2.405908023511004,1.912237817141097,0.01686998556405631,1.4660292917485325,-5.39021889495262,1.9391459726401497,0.31262271837730593,1.5092689474250496,-2.528915662705962,1.5029124592046643,-4.438514602598005,1.624710463053342,-1.5744201516338774,1.4186350170519921,-0.6905654627453879,1.1237135598573746,-0.24064015954048226,1.4831950629562627,-0.145436859001391,1.2768077275910972,-4.075864727114491,1.2666881282013023,-5.23556232319833,1.3776905551540486,-3.0799121964835217,1.277709776434496,-5.411061952432357,1.0145166077828522,-6.102978043939637,1.4483523032707515,-3.9071288867705882,1.1663851919592698,-4.539729256138052,1.2511070563633242,-5.548589706638722,1.3567884289259318,-3.6495908960464067,1.6481816996017704,0.07162737166041606,1.2878903901080323,-6.799012780836834,1.6955940667244591,0.018761810645526025,1.34178860159402,-3.2765378423300526,1.346666306607847,-4.706879524173128,1.4706421008466557,-2.3491870075225174,1.8602659054478141,0.1691726836779831,1.4604271322794746,-5.4971019668758805,1.897844259523452,0.36333873167876973,1.5037195072052556,-2.64811897723573,1.4725252718034068,-4.32095568752916,1.622868736408294,-1.7366187453067943,1.4986954721782575,-0.5301513530174212,1.1848555910006189,-7.874518734299406,1.564419958571183,-0.5394256898360573,1.303853615985042,-3.6029566922121905,1.2905670260977649,-4.904994630049825,1.38609437049182,-2.762779640070645,1.4542829455076633,-3.988421098948911,1.0979042049888152,-1.5152278510673436,1.6208477426452386,-2.381043660775022,1.2735133909477467,-4.05907083261822,1.296931939389296,-4.924409246413905,1.4105847922088595,-2.9878688033389658,1.6822765759083518,0.19983582430963953,1.3405107224413941,-6.856204796154233,1.7739744338983576,0.11371630558269892,1.3746228871346076,-3.0506216560264208,1.409477176801836,-4.477266333306091,1.5280222310071208,-2.0968739219219517,1.916751859107787,0.04781469691441568,1.4540121271156166,-3.498994788203314,1.9991272467295549,0.45262668436433107,1.502586968715795,-2.371065601557695,1.4857422174852188,-4.328431934733624,1.6275754718388942,-1.5839928061268744,-0.4905226883484382,0.1274606962057623,-1.391443688274474,0.7198723405790064,0.005574672414182693,0.9047127242537346,0.6969129167413932,-7.585862637815524,0.7000019222983987,-6.656788409820253,0.6490207868433745,-7.007004901568658,-2.986589463514357,0.9142126241178153,-2.8951121706410476,0.7677740992746935,-1.98939642117693,0.6195096998750101,0.6476281625574729,-8.0,0.6594433229565245,-5.086326521565375,0.3245295053691657,-3.7805424016667426,0.8774590123535881,0.40978850148093476,-0.5681197084868992,0.08921432396955435,1.1200687808068852,-4.595121830314513,1.032074068950655,-5.877292745681652,1.0595095322857542,-6.775985188627136,1.1298075150946683,-5.30358681590346,1.4727889657106017,1.3390120893746615,-0.5391289575713535,0.07751089562354456,1.5396502359140714,1.5683767280410976,1.3526060632177517,-1.1846208101448799,1.272604760514794,-5.79522906371448,1.4433133517993173,0.1523235544818503,0.742504838570043,1.1654562032311242,-0.3704241002995776,0.5683833667753316,1.0760114826413065,0.2746087177244759,1.049426078127712,-4.675707253485807,1.035544955321408,-5.402398043855723,1.1636489831923686,-3.9707704851323546,0.11737670154996016,-4.084570350940833,-1.8201812974240987,-3.970726839434922,0.7293275404102927,-5.447137185707379,1.0444827892393151,-5.076253568453061,0.9730972873520058,-5.870938807630032,1.062291549774285,-4.526272957000664,1.3915780335034975,0.21821534138416024,-0.2546769947304822,0.0892143329168235,1.4528659218645943,-0.0676958274486395,1.2282211792900042,-3.6042727031601585,1.1813322996738513,-5.898441940252781,1.3859479940836947,-2.738346917469055,1.7223639453964257,0.8750959736714425,0.010526326752567807,0.11887627090271834,1.7524118493681136,0.6670602362616198,1.3828887313724372,-2.827753128961114,1.368530700938879,-4.943516313693169,1.5538841046584897,-1.9405259340325183,1.2732302436319434,0.7949708347967196,0.6423130069541104,0.9778478669402114,1.3908600728374982,0.9642497561307742,1.257556812627009,-3.747882252385661,1.2064978303370737,-5.099788589731629,1.3722500027545654,-2.809192603716176,0.978991641367777,0.3474504082078016,-0.37910622774112673,0.9002499518156479,1.2222373333911876,0.12748674054072417,1.2487815540790534,-3.7958000873718296,1.2289678998751796,-4.925053802191251,1.3487630137919597,-3.157100984238148,1.6421245762839027,0.29301734540939556,0.43076080900015973,0.8593494387060318,1.7225779398714345,0.5449886203592179,1.3273331281930396,-3.005572087761416,1.314336322608517,-4.934861151689299,1.5003173583712595,-2.033143741383697,1.8741783212829204,1.0924505542869636,0.3513591963802002,0.6097831130794169,1.9233819076081382,0.9878872425147496,1.4732289958850513,-2.20231192015147,1.4419236181164476,-4.59560764133735,1.625045274272787,-1.3757732106006626,0.9198409344092978,-4.1710956400028225,-0.7754594638121531,-5.9062107210905825,1.226317429714249,-2.1255607034933544,1.0821704015478772,-5.028253456748202,0.9826815209098372,-7.112101511903128,1.1999657831365025,-4.271743234777944,0.4080775433133174,-8.0,-1.7636369106566718,-3.0618557415631513,0.9616804183153095,-7.484788695672198,1.0371343504444406,-5.277238604424488,1.0511440166429626,-6.465339424171556,1.1169794214788917,-4.930857517590853,1.4019744555744855,-1.0403369202880752,-0.3408943698866471,-7.30189945437661,1.514940143570082,-0.8999996866941952,1.2693716072566574,-3.920668586409025,1.1599546454652292,-6.702896349850743,1.3777019434068034,-2.8283573133066553,1.7374933195148954,-1.899944022110632,-0.12977762686534258,-4.456140467047778,1.7762043971040353,-0.975858875131155,1.4311100694428385,-2.90909744002267,1.3841971071723187,-5.746117045095646,1.5650223926282147,-2.0206005195901655,1.5701092948273443,-2.390580373449058,1.5693427643027464,-2.8042262697509948,1.5722977565831775,-2.596862725336487,1.7191210753437434,-1.1361461962872321,1.6674517990828608,-1.2167844393052862,1.6516947118803895,-1.6412782875045138,1.7130040856191013,0.439887332778584,1.7209280746586684,-0.020880667923798522,1.7797617238167693,0.543862698481572,1.824248805763761,-0.050620663174429946,1.7619075799336683,-0.11333838644500599,1.7035240860366248,-0.1768904296199788,1.7838123181818502,-0.06878573758413202,1.7579483648706777,-1.5378678589512473,1.8016685169516304,-0.3433703449918413,1.6641592293425442,-1.082900629839283,1.757449818446585,-0.7695899055175601,1.7504715646933757,-1.091030043425617,2.074100995376963,1.5943676035054182,1.9599956359866442,0.314073684540657,2.0623628602579815,1.458340096187137,1.6990800115441669,-0.39503486947460914,1.7717543029355651,-0.24922969645541151,1.8062284226707461,-0.08414254792371027,-1.044853948194993,-6.778585762157661,-1.0599613304227145,-8.0,-0.4269921728010376,-8.0,0.9323301282551937,-6.527902071630646,1.015757730796368,-6.830178671137864,0.6968249408365588,-4.595085929236813,-2.452611951863768,1.3276879382649482,-1.7934493124125575,-3.2030536926508693,-1.6328597932987399,1.0564030989202244,0.9046588186530418,-5.810200989360173,1.0121269821536976,-6.120703370248832,0.6184259879170381,-0.8815072106207651,0.8335642423126832,-8.0,0.3304881972328719,-8.0,1.1081242948650731,-6.388542234331657,1.1972604919375645,-5.309161816309937,1.2795836973733128,-4.891009008407885,1.2201521094347403,-5.520216013749201,1.492346875017383,-5.834562762923343,1.1943001919032048,-5.917591660407326,1.4423078907787763,-5.579425451383844,1.4425564500423176,-3.7657766480374306,1.4442891099556827,-3.3495125782537754,1.5157018117053773,-4.104588228575668,-1.1061974150701457,-4.922546697921322,-1.0671086015230589,-8.0,-0.5142010125407118,-6.298863933907474,0.8838034982957218,-6.355758414156272,1.0000090911019819,-6.711974464611637,0.657577452127909,-5.013842084295578,-2.631135404268311,1.4212835675019464,-2.0715103108387174,-3.202685153431401,-2.125687068132697,1.2998469526200416,0.9226070150956888,-5.870277891304122,0.9874938200209326,-5.933450461238066,0.5501739187151239,-0.9641325355236555,0.7613590492578303,-8.0,0.41667142235587573,-8.0,1.0896375321289846,-6.320072679434361,1.148322268454033,-5.193165684555858,1.2782817398959352,-4.944159330017715,1.2372488500395302,-5.399457257921557,1.4327956721626596,-5.874697693986553,1.1600562717355447,-5.350523969840547,1.425206780895592,-5.31760218542447,1.4487828737888306,-3.6438315377924657,1.5168862921755026,-3.296604360722228,1.4297199683864112,-4.075163984854143,-0.5160545083479087,-4.917460560228397,-0.5571407603628161,-7.886056647693163,0.10087161571894852,-7.40837896178668,1.0746531696206685,-6.450874073241889,1.1353766072418936,-6.808269606637143,0.8998038190779527,-3.8395469260778134,-0.7948739737040773,1.3959332192756022,-0.3793881657633536,-0.6241220232855068,-0.472432978567414,1.3270973533259147,1.0675131750063425,-5.590303521782047,1.1408155472011923,-5.957345746832207,0.9391641415433709,-0.5020351451258289,1.002610552551591,-7.623423042943488,0.5115485017232326,-7.7121982700697735,1.1896025382824797,-5.956480539754244,1.2696848802749399,-5.226301300141219,1.3364479634770057,-4.954858993506674,1.3004522391609088,-5.212925815485285,1.6304222810279017,-4.822241359715108,1.3126286745531022,-4.28011211203563,1.5972561020764726,-4.161961088699087,1.4425259791566114,-3.722629656045779,1.5308569625314388,-3.410780157274652,1.5493595071429591,-3.7423680962996455
2_1,4.273404132889238,2.3082731229878912,4.207628030066554,3.346001955082682,4.55807647053617,2.0486641259523704,5.239483811370491,-2.615814806728038,5.287853568509662,-2.819749232932803,5.218109113070016,-2.5327202696925233,3.8898658953952734,3.5573885166630275,3.945546375790902,3.1101572800331767,4.127841860546643,3.4534425764311956,5.256196979622947,-2.9016838314941946,5.381162983996844,0.3207510982613782,5.221402561993152,-2.83992247986907,4.77060292285619,2.4031813009805183,4.587892636999438,1.5161723855427462,5.008735029282492,0.4913756583908522,5.5030082024061135,-0.9809728286509256,5.555661689796145,-2.288818702840242,5.485133647921541,-0.4338975581421374,5.2602461353619585,4.90561121264102,5.0347995696532335,3.5180204099141688,5.479438437138753,4.7259757262708435,5.746790848771782,2.5930085994230874,5.816599483875678,-1.0303752552647227,5.83215680466976,0.9481242048407026,4.72046267895542,4.302724945444572,4.573140021866482,3.996012831936639,4.939704435823771,3.649102627058063,5.3967945337207155,-0.12824760301739493,5.35914651700856,-1.5848060288530181,5.462309328076094,0.6296607187604999,4.471124581673202,1.2223761278533296,4.361433764411382,1.8861541233525405,4.766643295873597,-0.46728035188156636,5.470571299372282,-0.6183580724749652,5.52170386009836,-1.9877998759187863,5.388413229661832,0.0645894250902343,5.049624453075907,2.900156648289749,4.812431778577811,2.5002313591586565,5.218793754862238,2.6938862626493947,5.574995575072433,0.6035627484701058,5.566014199808478,-1.6038712908031352,5.573718616846946,1.6109435303228372,5.3401712916986055,3.645932041284635,5.007744451146398,0.5904079414535003,5.503121390964127,4.085613156608362,5.73963798716598,1.5025724256723734,5.731613222619595,-1.0131519118352879,5.703785024145707,2.194456544390501,4.649211960266405,4.1152381354232235,4.489141626108537,3.4310446655843516,4.867936060050221,3.4957005893876034,5.469935838298411,-0.21752961589602898,5.414797677254759,-2.1480536593133777,5.364945776527536,0.6393627291406316,4.398696248367919,2.0975344312822037,4.3180929460349144,2.5728064368459154,4.733316177265031,1.342231486819807,5.41431501159819,-0.6097578546467557,5.342028640789529,-1.9621914830138372,5.3697519512821765,-0.08624255432171898,4.965041808905309,3.7135692296195066,4.862137638239103,2.8406971734177864,5.2235993705509856,3.2720062249547732,5.481552642980689,0.6548483375301509,5.544001364927126,-1.8570901460952378,5.559059535299746,1.532644194058669,5.347989552720291,4.115429455940594,4.980909853488012,3.2626763753558445,5.499538871543307,3.9819791361905494,5.723775036945438,1.4198674825768078,5.676453553272085,-1.3937516875158547,5.793158267982273,2.1193208559702463,4.825619802173797,2.8087143737557168,4.657604701790866,3.0884870206962685,5.054822895794733,2.463735997667549,5.4752521278838024,0.443138762465783,5.432550797860377,-1.8904639667683485,5.557034582821136,0.957942801623942,4.696547339563792,-0.6554321837106901,4.4818130587689,1.665268293541211,4.992599788475984,1.2543070976029491,5.543919419055754,-0.09555806288149177,5.437285633686299,-1.6089607162041726,5.561890311918545,0.7095889611659798,5.0970129569770295,2.7128589845908246,4.829100574027971,1.9211520139796618,5.320113794575659,2.9644583919627903,5.644232302967696,1.0204488839426316,5.566686573822672,-1.0633937438012433,5.627805049196593,1.8785221547881148,5.435479162700244,3.4002444525378457,5.093545137656403,1.3768054116319544,5.612512941233927,3.0919515522588745,5.821425120848244,1.7424714366935572,5.780483169340974,-1.0526445544927197,5.781692313069224,2.4596366662231977,3.3500382242140283,4.4736252213705905,3.310611831188796,4.379252155420645,3.6336249528510787,3.9485979754053675,4.739166809013278,-4.052326648973318,4.668500280519737,-1.7212085450755537,4.502533398484965,-2.90994368860206,2.3309660725577683,4.723610711275355,2.54796576901497,4.594499559838145,2.671275146706905,4.305285293946907,4.644130559175041,-3.9120610725622376,4.4443439987461435,-0.49620348770169587,4.080497223077899,1.2491390636187834,3.893438977270149,4.541846055764114,3.4026283094506895,4.549822307605898,4.390193425587737,4.705135709035104,5.166052583738346,-2.270312961226539,5.0625755753763855,-1.3671373844144499,5.116128009196919,-1.6832823336996636,4.703316835015656,5.6391221426455065,3.5683572444422738,4.417809970429421,4.936906735116081,5.412661141543799,5.502646261160965,4.124718866437931,5.257732310975805,0.6162292643982175,5.50658494878147,4.972470006584782,3.8216545794495644,5.4055869704603605,3.32872661687784,4.524174577579847,4.255140504330864,4.800362844088844,5.131178348911902,-0.9557253143971545,4.958180047203379,-1.752000370064345,5.045049589439341,-0.001637857099034033,3.2773806998153914,4.411522720022046,2.719127429153594,4.24572786178083,3.8476655638298483,4.836784092035235,5.017674592972098,-1.446469598003242,4.980093466839113,-0.5536313295409542,4.902986114962932,2.4112008595508936,4.518195013111527,4.6855571743509765,3.704979152344008,5.037937255238234,4.841087181493476,4.142802654179616,5.316573673949637,0.02335433893166521,5.199607034103685,-0.9510160074145755,5.361749425312002,0.9284615649948681,4.977841142712042,4.821787696812023,3.7693806191805956,4.376079966469654,5.2654550291239,4.928241919996237,5.606339534549335,1.1474659793955984,5.527883297566438,-0.7293359671456089,5.706350934922995,1.9084433695206058,4.5009843976203,5.228204371158863,4.597266792612637,6.057040791246567,4.832628993893733,6.025383623398932,5.226794985794069,-0.21539026772255224,5.1203553166592775,-0.534457711357315,5.154960126155585,1.5747712229391453,4.048055139890535,4.567243638183224,4.082157330072418,4.578561231807512,4.455150894782903,4.574915883725443,5.200839065140299,-0.3817045579497298,5.060214632554437,-0.923970668198968,5.058295266043023,0.8120364027106902,4.767427171826722,5.093432260444917,4.070950494671122,4.8412969550003275,5.023106654657476,4.708598013028257,5.46833039347995,0.7866071087400226,5.340356018644768,-0.5299516138837194,5.442572882675912,1.6890404682928861,5.150136263594826,5.323780705004359,3.9930157640484656,5.127679536013619,5.357002507168827,5.264247674538191,5.575473011967965,1.472539143934003,5.491901837176197,0.061737781049820986,5.662619290452376,3.5159748957207255,4.082401102271371,4.353942995507138,3.340861898116773,4.67165075738401,4.457353400662366,4.240946260306242,5.221679168587282,-1.0762639304163641,5.136028278523643,-2.162398230138505,5.159329338780069,-0.6425710458350155,3.4272440327830034,3.6268767778970767,3.060394837214005,2.5079609028986094,4.090949616532864,1.3743532968362415,5.235031356340186,-1.8524056445994102,5.0905016790604956,-0.5453957054045584,5.126667888377084,-0.8814829690316377,4.583727441893561,3.753143940326605,3.588076885057953,3.95821495364236,4.965751235090664,3.4725354767550827,5.341618975314328,-0.013696584487456993,5.2992763473504025,-1.4092922127682206,5.4507758458074145,0.7604254006282601,4.950437718102624,4.0029051553716,3.6638570200849174,2.229737069704506,5.284359148894453,3.7241681281857324,5.687200882615203,1.134921019977826,5.473330081311039,-1.0873517026332515,5.6058862538595395,1.6174671340402489,5.231657122061767,0.8903277008496013,5.224456069237698,0.7842221074273954,5.310791718804397,0.8794991961549032,5.879913308407877,3.031870781677112,5.819610297818315,2.5795594338075736,5.8877323604028025,2.2803071233253953,5.302794862005787,3.1058613135820163,5.413392213529251,2.9973880834442697,5.430503470699923,3.335224842491879,5.981977007853567,3.9687995628635826,6.08052858610747,3.857739594357587,6.01046190876091,3.8832142133996603,5.3406383406692255,2.6217614637757305,5.471263572570033,1.6579136700183106,5.508902040130697,2.6101816767535535,5.929893550518179,3.179547165397988,6.023273981946934,3.3124529324470244,5.985860886895345,2.732115102896259,5.727084869629491,4.350034698539556,5.6674118649814735,3.2526685639155994,5.8146162845529075,4.354802213968697,6.052616773737992,4.045076493445694,5.923796043897367,3.9264447332518793,6.076594216596963,4.000982251058592,2.682143096710562,1.3460493389859869,2.9830800902570673,-2.111673084477196,3.2636599672704514,-0.7012005727478039,5.146937041288588,-2.6510178932341653,5.265343917821151,-1.369254115640133,4.722205723974095,-0.27666801150357845,1.7626811081245892,5.216438557697295,2.2274239035498953,-0.029216614006936422,2.0260720710484232,5.1577611124704,5.1369482291675945,-1.9000626659210047,5.185521698271984,0.4646415907057625,4.6562108507114495,2.457574261932342,4.103906597086718,-4.160354175158626,4.063282720559538,-3.043168215963867,4.510409714713906,-2.342021486884277,5.533230275910373,-1.3594014455263272,5.453319072861005,-1.354585418320819,5.279096534580723,-1.703375521270757,4.882006184416308,-2.1447231931396646,4.746839951889338,-1.722082231128262,4.986812843182938,-1.7164819077975124,5.679696049858334,0.2585286336978364,5.757480525888592,-0.42559735593887565,5.642094091716816,-0.2541559793202682,2.94814089622777,1.705762290497672,3.3606417562313453,0.7220730811610523,3.4020654406170463,2.30811266150214,5.146645418896528,-2.435821263817546,5.162160411919744,-1.7978711544990074,4.6759886694442345,-0.5786531519287317,2.727977946016421,5.212094226507158,2.3507131050839276,1.0105484507263587,2.7257145291552316,4.883881063520519,5.136536464695665,-1.646381633034774,5.287841908798896,-0.5852959481390321,4.5281913882872376,2.823452192929706,4.078390971164006,-3.0813475153969443,4.076342722495596,-2.584288944904595,4.421771286342977,-1.7863993099734428,5.376094613182546,-1.5790880019337328,5.548711343901573,-1.5446281105909987,5.245691245196221,-1.776138402333085,4.918251808751782,-2.1637519684616757,4.696265573230252,-1.9542896312097415,5.011963598447746,-1.7561281932609403,5.602039968580458,0.4089510996062839,5.680644305661657,-0.09932758781300088,5.640097025268927,-0.30026462192174996,3.2964900109181032,1.6580726234207763,3.4880058552027653,-2.252318407355315,3.7461571890220196,0.1715108619191667,5.440537557515307,-1.9595420967050643,5.356141154146574,-1.7587834769309274,5.142206118082679,0.14453235261801334,3.180557568872307,5.5450258452708185,3.3282931949765437,1.9941248577438735,3.328837920309222,5.152344913029772,5.370546349257884,-0.7913219537509877,5.362741530611274,0.18816353655299892,5.073513696952204,4.103664000874495,4.366739991567994,-3.7022095159583484,4.350045508180858,-2.809401572838091,4.692799057432471,-2.0801146900151286,5.501831597138223,-1.2768901463684623,5.652961679272694,-1.6873261840681062,5.592244154628603,-1.409457129103339,5.051095093547081,-1.6490144966054603,4.902684128720285,-0.741647062422944,5.302542066357442,-0.6894408977416104,5.816323701420567,0.2245397443708121,5.773210999463009,0.06477487741055238,5.815706298931046,0.2075866828719469
3_1,2.3881812184441173,2.128746122178704,2.3789880892122857,1.605471545834298,2.4218934131329584,1.791619775234316,2.370344602735872,0.43346287821051,2.3829376700839897,0.5603829949882524,2.410239687398386,0.7128702479283491,2.367486719332963,1.7218363941617003,2.3548018694418973,1.7145629175799981,2.3631050057816214,1.7487422962801646,2.395276586860868,0.3939920201331934,2.396415145514612,0.6036374323289353,2.4212949210754635,0.957098344494424,2.513195161682205,2.218800538510929,2.4403584695847105,1.4826630085521735,2.547532643489094,2.0387081430550693,2.4370037265580806,0.9972928193970464,2.461945355167226,0.9487375653873868,2.5157518420483633,1.2926402275419215,2.69068502581513,2.3105984213847237,2.5412108047096953,1.6701628825784707,2.729539074649438,2.0517235749644986,2.506204781061649,1.3657551950319158,2.5516329120006587,0.788262916907882,2.6117448041730906,1.174222980944229,2.507312121882147,2.349731838963558,2.437387572833843,1.5045535420156522,2.526670930072556,2.1382116574862104,2.4287052987407733,1.3281990206596486,2.454346220779063,1.1356940834623732,2.47262060163299,1.4911195775474524,2.503493578458445,2.102227532060039,2.425845861393965,1.2531327905279561,2.53109981137857,2.0198080532889455,2.4163445283924547,1.244636204874541,2.4375376237722053,1.185305997911259,2.473968498600494,1.3888075496955141,2.5891968677619803,2.3263693443026954,2.479320550508406,1.6609044828454527,2.621962999407663,2.2332581056324834,2.4774573137467866,1.4985117112777657,2.503747910181669,1.267748933183485,2.5430071987890557,1.6174477385877266,2.7268683252392196,2.2817652665955674,2.556565851498237,1.4554630400243376,2.753680936450381,2.231112320672215,2.560952905340739,1.4914233999118478,2.5564993794744026,1.2909893171932882,2.5999577780293373,1.627441610614389,2.5236452347964975,2.282826049944252,2.437173251129629,1.7115054994754861,2.5361624749883336,2.1370648010022495,2.412976790494466,1.3310128189434693,2.455967230561781,1.0075396202807638,2.475244665519998,1.5047692234374108,2.486351406733966,2.1530246007512566,2.4440141828641417,1.459843242885166,2.543703984929809,2.0096491222834265,2.399735847103715,1.3222291552606114,2.4461964558612848,0.9357577161155781,2.4661129969589357,1.4387627511972265,2.6069037191984505,2.3439285568081174,2.4892231041782837,1.743538797704585,2.622176148868616,2.216188393107291,2.4663898306780734,1.4393051639709615,2.5006890299491404,1.2264363110737582,2.5227919476526526,1.6027209788947523,2.723819096908535,2.267199964585153,2.563578880989872,1.5188146289068383,2.7432896536142226,2.2234082782730207,2.5559416810955233,1.486231357565998,2.55476374578945,1.3027867044479886,2.625502869328334,1.624110973051473,2.535856500472876,2.32711679213442,2.451398674308726,1.4300466830257366,2.5740032020007826,2.1741381684470906,2.4726176756792833,1.4480023382071114,2.4674591142017532,1.2068502591954267,2.499427904443945,1.6126114800068754,2.519951368317865,2.2360224054170823,2.4439212256910516,1.2641136223278087,2.569944484033506,2.133900482190094,2.449414600161098,1.3555479695373442,2.4567649447757027,1.1401415297219497,2.5206168834579437,1.5204373642580937,2.620687847627531,2.336111133363576,2.5146316137438522,1.6472930162758954,2.6451371477024495,2.2299196101692216,2.4789582301800785,1.551398658812219,2.4987687582120865,1.3100193194810745,2.5602480613218894,1.6495359035151085,2.7356363429673456,2.3378975318112665,2.5814442456705775,1.406431450215257,2.7515990569325717,2.2754890876598903,2.562562822665481,1.6849389514119337,2.5449019812350486,1.4418811549561112,2.625746882390563,1.7797669017103765,2.3209610292905345,2.221987130161158,2.148120348661189,2.3233146503249245,2.3057988574177064,2.174215448582843,2.2808189948413418,0.9378648724196369,2.307214397320067,1.0003114222625418,2.304014039758095,1.4623903908829419,2.1466326587478184,2.392461954745554,1.8993416160768164,2.4489868848214194,2.1460433231790237,2.454663710626965,2.283916105334848,1.162408934063266,2.2728606722855953,1.0536241443873595,2.2701414544056653,1.7323453965126434,2.4410267544986812,2.2677895559725525,2.2364917403067244,2.1001899904022787,2.458542919089601,2.093837399206621,2.3962648998692875,1.0367494845195897,2.354607533816627,0.7483639029933871,2.411358563234471,1.2193070582978618,2.5032238969686644,2.4433276980832304,2.230957138085444,2.2985089459478094,2.5375530581419903,2.5202932026784404,2.4845334232271497,1.5075050952732214,2.4753753141497152,1.0833899073066422,2.543086267100259,1.807118307558905,2.414536041738158,2.5131103602733744,2.2274251181853595,2.3932456250437593,2.430926597146069,2.192680644923746,2.3673353021056665,1.3116592847674422,2.3840568444795056,1.195212280222537,2.4157508323583112,1.518190475371252,2.340609943066709,2.153848771967021,2.118734899394183,2.1857761579898107,2.390179116875542,2.280498588188914,2.325594149007525,1.3622894933900525,2.3678989853138592,1.091671870808181,2.3863443053819817,1.581492886943875,2.4818512872639866,2.4059072294004817,2.3216654874650393,2.2421801274560886,2.5551480176065704,2.3292695711054194,2.4383810342468326,1.4987510505956825,2.408318906220565,1.2304771896121602,2.5075235051765135,1.6294905399981607,2.648186351731244,2.3175602182140205,2.3256708431008963,2.099824846177753,2.687007430338323,2.348639796327841,2.5068996630562435,1.5848264794349352,2.4619373287370636,1.380569556453691,2.5960799884127392,1.6758486416440344,2.520738463618771,2.5344794808510804,2.3950764679237078,2.4315196335310367,2.5274423266255743,2.3394988960669956,2.4435112803339476,1.5564255651850476,2.452412052672425,1.2953932036353686,2.5081613836474586,1.703795133324782,2.4739194529052044,2.3496074355423473,2.2629580342250066,2.217420089773209,2.455257345678998,2.266710774192403,2.4202106524284757,1.6152820891947821,2.4388276917350056,1.2937983090157734,2.4916627076034072,1.7314756535860751,2.6139036566005176,2.4458679548586257,2.378790499617039,2.270911272101462,2.614850102924407,2.2807202620256004,2.4856455264064556,1.6282608027969887,2.4871228124251226,1.3279168823844585,2.5525441405004385,1.718334581435612,2.6748444799732916,2.495708636090854,2.3764678084032074,2.296563233998744,2.729799157924038,2.423509443300933,2.555968368146661,1.7296028188031922,2.5509251754529254,1.4142682888559315,2.5966976276563254,1.8374654661730028,2.408703650937825,2.295440451252784,2.240758365524978,2.183944976937847,2.4546450870779895,2.203218607924732,2.370460317903108,1.264559473382891,2.385711742051428,1.0863548938949408,2.4152773440093296,1.3518703242290357,2.352983497512833,2.102026782513117,2.178253052842934,2.0133480762543394,2.4155861618833145,2.0584059111561004,2.37976818734587,1.1808228215010235,2.3810194749336184,0.9959720139849407,2.3765270728505508,1.4801292335568825,2.5038889588968347,2.3217982231868657,2.266640537641635,2.060385121106818,2.553234535228386,2.1699435154928257,2.4460798407531397,1.3823914700670996,2.4258829446661525,1.2053459998768499,2.486297278042715,1.600389576175701,2.656376463503415,2.2879248251310944,2.299012484318627,1.9545509844051006,2.6763183344522035,2.229915171665439,2.5424621318973877,1.6322028284804098,2.508261630703195,1.2901230260415177,2.581028545688489,1.7415160947424755,2.602344501324713,2.2871381191249514,2.6158553347396793,1.900760831078451,2.615760831775677,2.1425468718716094,2.6740490789773936,1.787628955389729,2.678882905321427,1.7014395856015763,2.660851192617205,1.7928655859484623,2.649266265712057,2.4331218154473335,2.661205683140343,2.046640719660903,2.6814467815226517,2.328384534324435,2.666232338346403,1.8971191212853455,2.6897663052567085,1.871562663620322,2.67437539902889,1.9265010574856065,2.698110848342503,2.3632691364811524,2.6978253924192708,1.9075202770207615,2.720263242934896,2.2251959083037276,2.638575578238772,1.7490505032288541,2.633935957546059,1.765963480301577,2.6934032115208106,1.780719147417862,2.8315526008434504,2.588659465291041,2.789633137900332,2.0940104661061154,2.8667732343276286,2.4747003264367455,2.6913255108994067,1.8117603093006391,2.6812910383345674,1.8974262854585757,2.7134638853855586,1.9346431456670443,2.232040822237743,2.0035344301280666,2.2492899854378603,1.6421971562578006,2.2611471106979217,2.040894253114011,2.3297381949938214,1.077272605889588,2.3526282442679984,0.8900267934501495,2.2845137426824556,1.5022507005045687,2.200943054319774,2.1783593546381175,2.2280826864432415,2.1101168778180517,2.2418010071346504,2.2010043563983426,2.3436847967943817,1.2445121751265613,2.372462855313946,0.8475693223689111,2.3163673481736065,1.5624694071861236,2.393008966380686,2.1935018641007846,2.3458531109993754,1.6399238606788868,2.4204508749179,2.0647276877733884,2.4222708500977554,1.088086880324999,2.4602458673659338,1.349617764499136,2.428897176952071,1.43272964881418,2.566680570031248,2.246101693969126,2.4697987415523217,1.715191807685992,2.5571735492162757,2.0826485213042933,2.546152976123105,1.5068958060004338,2.5529794360732017,1.4886776412027036,2.5585847488080757,1.6478793348064709,2.2862467351204896,2.2141429237793675,2.2762244823655453,1.7419167518356382,2.290658852973514,2.1305930495296543,2.3537119880089334,1.0319083895951215,2.3850005743707587,0.9221618709502998,2.2981171798666056,1.509135927747465,2.258555666115859,2.324457080259805,2.273467027314512,2.1067068632057055,2.239017869139827,2.2252921730036435,2.328680943663623,1.188117890913374,2.3856047255461705,0.651434298482343,2.310830779745484,1.6713617824198437,2.417365894223148,2.2127452648771944,2.3542842696021187,1.6926914000510778,2.4310377101793534,2.070796224852956,2.4081647250725196,1.137070290241952,2.4500418558742547,1.3592587901896551,2.4277463001313944,1.4714100175866827,2.5524918228768665,2.2178993314111306,2.4742988171250495,1.5675765054779511,2.5631598586981474,2.115122517229251,2.5375494477124296,1.5636599142108267,2.564065174606034,1.5150130421637815,2.5426962414212264,1.6290587570286994,2.2721471904243664,2.124133859447364,2.252164496941656,1.5152057880699126,2.27510725252522,2.003272505848263,2.3833594940400893,0.8507944554816089,2.418086696962938,0.8650733464803169,2.3742497383752847,1.4040279091007382,2.2624413237682903,2.218489698219797,2.2916378889258207,1.8994148435513998,2.2789265861459564,2.1829209142824375,2.415606981297306,1.1610092844027378,2.4241136753686114,0.8500694245196138,2.3761439725341242,1.5005360241509191,2.415919331067144,2.1999675023526377,2.356960183695635,1.6611563040132877,2.477393764685509,2.0217405314368246,2.4679973342067694,1.1222845939317052,2.4876851264488438,1.3311507282651565,2.459624687999425,1.3904564834470596,2.6175530859675096,2.207578214556639,2.5579351449588663,1.7191034350771357,2.6541713591142475,2.1257837560678006,2.5563220541522895,1.4336960967562324,2.5768718897711196,1.558250820998281,2.5713074818307162,1.6292268491038877
4_1,2.567255970501616,2.1636219608672462,2.513743129830484,1.7140992897215128,2.615082840592235,1.8721272078997298,2.5136840257633275,0.803918799289398,2.532424404212343,0.7926121154128231,2.538098936393347,0.9944222055069303,2.5160176612270098,1.9264767554147018,2.4507144227554796,2.0047435410637973,2.5769460396855552,1.9999727998620127,2.496699512791774,0.9201303157630858,2.5095137798650757,0.9558353994445835,2.549989007817379,1.2214118679195767,2.741273809248762,2.2764108647864627,2.6137741014506557,1.9731053760969566,2.7932207866878893,2.1186467065669445,2.5860251413511253,1.288361472108669,2.5809308386622742,1.1225331529779565,2.6701104036090695,1.5126676919331083,2.9203053801942276,2.370538602578789,2.7721772099491147,1.906355732760093,2.9671033289293995,2.096389239112231,2.63951038537855,1.5117325647489035,2.6784127461844887,1.0791863864063123,2.759932638509434,1.2615190302394086,2.7401610099979825,2.368056105061962,2.6269027094826467,2.109018502667931,2.784906417105119,2.2524708898709527,2.5562926205418735,1.5188607444903766,2.5874319282057185,1.226089163475402,2.6448208818597583,1.7007845565691926,2.71246826924002,2.236591037196202,2.613639288530819,1.722172154302606,2.7379219397707812,2.1463130555924392,2.590522974468683,1.4414850680196896,2.5874601518382168,1.2247980131373397,2.6371026965493223,1.6268347625754476,2.8333055536170915,2.4532537292789254,2.7034825735024777,2.0884319399223847,2.835064088097884,2.360053550773644,2.6181097525389245,1.6204643658848048,2.647977225366121,1.3298338565056056,2.6991334143192343,1.7672781194719063,2.9758187333729373,2.384022124120296,2.773053282096308,1.7550470458480578,2.95035841328029,2.410643490458055,2.685261435739774,1.626295145676086,2.687308442111827,1.3376842535972189,2.756705129431566,1.7903251472720794,2.73804228400352,2.4154078755123822,2.6362941222273033,2.0068468865228906,2.762927884722681,2.2803547089852914,2.54201122124499,1.5164925781336744,2.5686580431245885,1.1981911170780306,2.6407602303159834,1.62744974665027,2.6946252225950205,2.229557945489146,2.609084438900643,1.750502189110674,2.760512491428938,2.167301093156047,2.548270578246957,1.4583361872979292,2.5704376691058024,1.1270408214435652,2.645455910958905,1.6238412041338601,2.840751356879807,2.447823055283496,2.694972690204435,1.9216194023982163,2.8555489937870244,2.3646838126924847,2.6211843433747557,1.669929334495625,2.6411970208520104,1.2621433533495618,2.7029061118326045,1.7811235192382773,2.949192858464477,2.4256292979556497,2.812605854887891,1.9808064239027536,2.9776998092643026,2.375624490667546,2.685549762794087,1.5702097541403586,2.6648798622674974,1.390666863275396,2.7673127342377004,1.7919612423143068,2.7919261610990955,2.383427874168621,2.64388749837814,1.7838286587734296,2.783337572901078,2.308962378188623,2.6171126394427375,1.604710817905179,2.620019474238899,1.272447700984221,2.67677481595737,1.7742329655809004,2.7714304349262955,2.274169608431022,2.6253983789646527,1.77310058392033,2.8036970244647748,2.2129765284369802,2.5899826980574816,1.5873378403807747,2.5938035838125066,1.3188930451458458,2.653786150168944,1.7020006303757935,2.845035291809063,2.484214494275894,2.7298362038230595,1.721477512846308,2.864211336975723,2.3602806736763204,2.6580242649076666,1.7108291960254047,2.6515127391638362,1.3775042177201222,2.719035965052416,1.8091103882404853,3.0044258366778163,2.467317320074479,2.8107912148843295,1.602171100543356,2.997335990035399,2.464946595798663,2.7113281278868446,1.7507975931169488,2.7251665849944295,1.4283017888503227,2.7870775317269327,1.9260546921782586,2.4312985987393594,2.4812191372973493,2.2745374576978126,2.406182789428226,2.412570752384495,2.3678545098772514,2.4255408427553102,1.3507887039530369,2.4061135707640586,1.1744340180038646,2.4286698097848616,1.6671168740557993,2.2004937371887126,2.6557720430829623,2.0860779765306914,2.620129520456191,2.2505417024290546,2.686872696812704,2.39330086267802,1.3251127107271603,2.3908340507146426,1.3710350771538113,2.3922564037039495,1.8479097540523417,2.6071679881222285,2.332869456410171,2.35811664329405,2.4059707280958738,2.6668765301156006,2.2179544156326036,2.520567170316817,1.1839081612154048,2.496097422632159,1.1524240722463672,2.5708947218810336,1.4132673329678898,2.768390593839333,2.6405068543064782,2.343421648871324,2.371304789892833,2.755791687428875,2.7000793638684084,2.6059079414055666,1.676795378149925,2.6035750142582303,1.1783392082412194,2.727616905942287,1.8467001462608743,2.6443091692360032,2.6705505278360664,2.3802937818867234,2.495700795533467,2.682603503370288,2.396229269051886,2.50267763783481,1.5842311024324227,2.504935422264629,1.3592765421991193,2.594280899075149,1.7060535160224932,2.5473309499746217,2.425373113548467,2.2484104016796516,2.5544143988149983,2.6147326444649823,2.3927647460544663,2.5087203764840944,1.611272752693904,2.503518939693505,1.353967175246719,2.562292406663981,1.7674075743511053,2.7549330886589214,2.540396173185144,2.4709606787300333,2.5008108759473155,2.7877323210712532,2.4509389968164115,2.578277030588552,1.6947569993332507,2.5752670614283866,1.3267447042900897,2.645416271504465,1.8213240883372042,2.9100337584100218,2.4582063982327282,2.4491304622444368,2.3580002018881365,2.9104909552890468,2.4309849887824515,2.6786651716440164,1.69396730021054,2.6619352891512875,1.448457242350829,2.7543421487622766,1.787510655819108,2.7853292678069588,2.620200719346321,2.5335979897085643,2.549315307730354,2.811067033696153,2.5010437808121266,2.6047004489888357,1.7661902654438426,2.5977722173431266,1.4382533536040147,2.65956475896724,1.9209871069550621,2.742857858703021,2.4985579062741397,2.4563029426319707,2.469490044833681,2.793027249931208,2.3753204272109274,2.606167545578792,1.815486163436619,2.6028202446956734,1.406513823653507,2.6449356441540806,1.8549785762093536,2.84459609537228,2.6236787880042374,2.5308747911649645,2.5147139472850797,2.8387881349542625,2.4792886192801658,2.650550805125056,1.8274386167312302,2.6012883281838333,1.3939546488781345,2.7119258427285335,1.9018022092022437,2.9636993397608133,2.55951534892465,2.585114972323054,2.53949176433769,2.9689372407535917,2.6206163581592103,2.695342257378369,1.8704659714715952,2.7021340450718396,1.4781594002086207,2.793205884030117,1.9690351677581064,2.6333570300027467,2.403504834137896,2.326632870267045,2.316164174082885,2.6582368734790482,2.323224281546072,2.5204939333466054,1.5091365107262114,2.5008759270321574,1.2030376017332807,2.591502714116324,1.6364466297507032,2.5369109983130906,2.3335999224292054,2.250400016852296,2.2983482509267286,2.6372351043166447,2.202504652703291,2.5199402920855882,1.4398986755375376,2.518247191884628,1.1872683759475575,2.5815843894508754,1.6150948517545485,2.760276212200624,2.469284973963422,2.4622181775111764,2.395858422203032,2.7916282294976753,2.3316919739592343,2.5799210493091396,1.6533761276205488,2.5752159771491,1.259151699296154,2.6501685399605375,1.753206763263007,2.913598436076448,2.4059389754856837,2.4540686007818326,2.2628530580985315,2.939549511273297,2.360429066507833,2.678427412745254,1.7429885738296125,2.6496419135329923,1.3631225140608492,2.7288798534010685,1.8368681376251759,2.802936810022274,2.3378415156159775,2.825632851446565,1.985791739442029,2.8142701828713546,2.254291227670588,2.7418190861297966,1.9195962625465814,2.809093326637427,1.844977501911018,2.7926665890591704,1.9658979646002572,2.853016733296503,2.5634521981154816,2.8461656167649143,2.255945996513465,2.866015308113987,2.493297205375246,2.781072515924007,2.0506495210359335,2.7966478207023875,1.9994618277083234,2.786958288148243,2.0790104659416486,2.9012791301759298,2.4431446524893805,2.8605118602646007,2.115672392653561,2.919423016659055,2.3428193924648832,2.7692013279428,1.8991901459449725,2.7454364208598725,1.9364217820071201,2.7757681605318045,1.9047489354821303,3.025068793407099,2.7867898092515815,3.013700041781373,2.3295739902789285,3.041369288459362,2.6777029406364643,2.8073917468707457,1.9785210188687392,2.826072454853623,2.0351030086771407,2.8295485230590836,2.0880913706271937,2.311139533050079,2.073764841136303,2.3265652065089117,1.8093422206443799,2.356062890207716,2.045687031573932,2.4657536044750774,1.4133537365274231,2.499700548280892,1.19780012927139,2.46573063639298,1.6093029530608498,2.3228449286122235,2.417219017177074,2.342483665889174,2.2822393596231962,2.316423815165713,2.4180629620694676,2.490861018756568,1.534972813770967,2.509129015500766,1.1455653834439603,2.462480451416773,1.812452384557938,2.5379588356086407,2.21655638849755,2.461133229046863,1.8610754925733546,2.6088817933898256,2.051688636482322,2.573497182783973,1.4065941575911938,2.5969823972731216,1.5154332782653603,2.588451573061657,1.5867834952910005,2.796651294480465,2.290511295832595,2.7141800537472527,1.790459215959871,2.8261449353982577,2.204672283838435,2.6533910464257935,1.6296078575659574,2.6668158731554716,1.6788162139469496,2.725317405702727,1.7380665562936914,2.3561976656871044,2.1797377318189115,2.364810778276849,2.0543914500134446,2.3893252275912733,2.1935354093611856,2.453099164272257,1.3424195935637644,2.5014385148560496,1.1662559699665882,2.4654590668586343,1.7262129122459717,2.3323357445428927,2.4564905000442616,2.3377770620608134,2.3106356776721566,2.3430915664173098,2.5249407202928564,2.4894059983938757,1.5574573032463224,2.4975005074527745,1.1396909217719629,2.421298032587209,1.8793919817629503,2.526279235141415,2.2550539595021704,2.4625179184857093,1.9408365212484948,2.605543333989771,2.1015601764906844,2.54936671092912,1.4165039308219167,2.5808619243118116,1.5463562975541743,2.601123010062701,1.5973029239558394,2.809024065550385,2.286218528610756,2.7034540120494643,1.8224988245638833,2.75800804975027,2.1960887736840164,2.6726513110489996,1.6836826559875788,2.6960963384529375,1.6784136456396206,2.7190197734931236,1.7695914420461036,2.35080664703048,2.1179084709949554,2.3662779831606504,1.7747622409479378,2.402701412132918,2.085236914306957,2.483858983488703,1.398748266716436,2.518166217186041,1.2817057047789802,2.498939154382731,1.552847880070568,2.4025250437810315,2.364495932222627,2.4331291717017987,2.090877240022455,2.4148354222688146,2.3463333557636443,2.5271998239594353,1.5439170786107899,2.5584015876801636,1.2253849169950675,2.524498826446987,1.7061335246935663,2.582243000381279,2.2215914392828573,2.5482592202591015,1.8211835470776279,2.6509101090442866,2.1321329020385473,2.5429216152454535,1.3877612982093415,2.6319918380837137,1.5469471840966371,2.623517622529254,1.5516059273988019,2.8822928517196886,2.2968929098499893,2.8015795689947116,1.8689363780860557,2.9000319780771022,2.214119066164935,2.6555727262199773,1.6473597656785315,2.7189093996108777,1.6437604673913948,2.7610432114190555,1.770122387549609
5_1,-1.9351715321929281,-8.0,-2.0690011805623922,-8.0,-1.352022059008937,-8.0,0.9571774026015895,-8.0,1.0197320601995723,-8.0,0.6578023623605926,-8.0,0.394139413056056,-1.667523098644215,0.40346980061000476,-8.0,0.7309026746847334,-8.0,1.2118261429925217,-8.0,1.182502183918027,-8.0,1.0677998374817066,-8.0,-0.3549720404397384,-8.0,-0.24359144903290936,-8.0,0.12982426184026744,-8.0,1.0715271112726605,-8.0,1.0032963687330818,-8.0,0.8576311913918288,-8.0,0.5790195567590511,-8.0,0.6818124927242453,-8.0,0.5709673023551561,-8.0,1.0016844481670197,-8.0,0.8853554194668933,-8.0,0.797821348740465,-8.0,-2.9736800742590104,-8.0,-3.2459909364180675,-8.0,-2.5182660117898896,-8.0,-0.20451821309772844,-8.0,-0.790264833589682,-8.0,-8.0,-8.0,-0.5648882626888726,-8.0,-0.5922556804844975,-8.0,-0.014681602901499747,-8.0,0.32081809551480284,-8.0,0.1260095138893404,-8.0,-0.031144402454916554,-8.0,-1.0427299485318537,-8.0,-1.1612854905934635,-8.0,-0.7937455716480905,-8.0,-0.7156204101057387,-8.0,-0.07104720872334552,-8.0,-1.5492991078179819,-8.0,0.2724517170956542,-8.0,0.26503310055522644,-8.0,0.3282154547386485,-8.0,0.16412430876569867,-8.0,-0.15976570319527938,-8.0,-1.3286857475425478,-8.0,-8.0,0.8024182801987989,-8.0,-8.0,-8.0,0.6989700043360189,-0.32470543569295385,-8.0,-8.0,-8.0,-8.0,-8.0,-1.2518517573538364,-8.0,-1.2283706774856913,-8.0,-0.7586190394263462,-8.0,-0.08832706024602348,-8.0,-0.3563209405451015,-8.0,-1.1250610540532129,-8.0,-1.903939675746846,-8.0,-2.0428993995944,-8.0,-1.5230902467937946,-8.0,-1.0330473411138132,-8.0,-0.5208861495942486,-8.0,-2.2653616331994804,-8.0,-0.7072861497395947,-8.0,-0.3980509909001784,-8.0,-0.7315251162621305,-8.0,-0.13101638016291606,-8.0,-0.9299676652303382,-8.0,-8.0,-8.0,-0.8376841256744711,-8.0,-0.8568526214429797,-8.0,-0.3129035542017382,-8.0,0.6631254440885315,-8.0,0.5931940384627167,-8.0,0.2467672972599617,-8.0,0.5281082499290197,-8.0,0.4634750502596377,-8.0,0.7297630342292807,-8.0,0.5868378332186263,-8.0,0.7744026131784373,-8.0,0.7106719663476289,-8.0,-0.036574740954917515,-8.0,-0.17352911002601656,-8.0,0.33563271346313567,-8.0,0.7626233649651739,-8.0,0.6283291326425031,-8.0,0.3795455586762964,-8.0,1.0391629820884964,-8.0,0.949291124739094,-8.0,1.0212276142760517,-8.0,0.6249823510488977,-8.0,0.36744906958812895,-8.0,0.5558617640429695,-8.0,-8.0,1.2629240023006105,-8.0,1.0093148319228757,-8.0,1.3651418636137436,-0.6371995477424975,-8.0,-1.5024049011568104,-8.0,-8.0,-8.0,-6.599893929571455,1.6061681190275354,-8.0,-8.0,-8.0,1.31776127254739,0.42928352585235985,-8.0,0.06795670097279252,-8.0,-1.0829455779688488,-8.0,-7.704432900037521,-8.0,-7.80271944187438,1.4088881587546338,-6.278601624478495,-8.0,0.14955252066533728,-8.0,-0.43988686948479455,-8.0,-2.4483751909876217,-8.0,-8.0,-8.0,-8.0,1.1210318044748377,-8.0,1.3793103448280422,-8.0,-8.0,-8.0,-8.0,-8.0,-8.0,-8.0,1.2589628389583791,-8.0,1.2722279825043072,-8.0,1.5420538873887797,-8.0,-8.0,-8.0,-8.0,-8.0,-8.0,-8.0,-8.0,-8.0,-8.0,-8.0,-8.0,-8.0,-8.0,-8.0,-8.0,-8.0,-8.0,-8.0,-8.0,-8.0,1.3103448275868568,-8.0,1.0547970360280852,-8.0,-8.0,-8.0,-8.0,-8.0,-8.0,-8.0,-8.0,-8.0,-8.0,-8.0,0.7334527629550821,-8.0,-8.0,-8.0,-8.0,-8.0,-8.0,-8.0,1.242746831032758,-8.0,1.454433840219247,-8.0,1.86922649500723,-8.0,-8.0,-8.0,-8.0,-8.0,-8.0,-8.0,0.6989700043360189,-8.0,-8.0,-8.0,1.3845042016733518,-8.0,-8.0,-8.0,-8.0,-8.0,-8.0,-8.0,0.8369010388177459,-8.0,0.6989700043360189,-8.0,1.2512888095408787,-8.0,-8.0,-8.0,-8.0,-8.0,-8.0,-8.0,-8.0,-8.0,1.1210318044748377,-8.0,1.5137356957392278,-8.0,-8.0,-8.0,-8.0,-8.0,-8.0,-8.0,-8.0,-8.0,-8.0,-8.0,1.4856885639744593,-2.1842546523256887,-8.0,-8.0,-8.0,-8.0,-8.0,-3.749738617335915,-8.0,-4.016744803056084,-8.0,-2.6139787892036463,-8.0,-0.9746020632080921,-8.0,-1.3207728651569688,-8.0,-1.235486844618012,-8.0,-4.438714915234943,-8.0,-5.089573046572214,-8.0,-3.2493172281142777,-8.0,-8.0,-8.0,-8.0,-8.0,-8.0,-8.0,-2.3375790423822913,-8.0,-2.5327672144732922,-8.0,-1.2909820016271771,-8.0,-8.0,-8.0,-8.0,-8.0,-8.0,-8.0,1.5962405670960504,-3.5962774628791943,1.4307630116112748,-8.0,1.6217114002245476,-3.964833119528924,2.1355722237693997,-0.1792374265183431,2.1325729977896137,-8.0,2.0732806385785745,-0.9966809761567568,1.964834236509767,-0.9723649877651338,1.931569497060871,-2.1991460065408552,2.0197435865278943,-1.2816554025966802,2.1962951577131937,0.7083040529123824,2.113725680870701,0.26077578960870756,2.1558806836680113,0.2225899755249285,1.724099230629431,-2.7426396924221463,1.7636078471871863,-3.0419514124827445,1.7627646357460554,-3.135069570450356,2.0245132483835913,-8.0,1.9678615493257812,-8.0,1.9183045772245373,-2.2918376670278215,1.870753868991484,-8.0,1.8536072214618364,-8.0,1.8485499029380432,-8.0,1.9065266394538365,-8.0,1.9646119861984195,-8.0,1.9026215679315222,-8.0,-2.2532107824888845,-8.0,-1.9380667870921877,-8.0,-2.381144453266918,-8.0,1.7631042432740403,-4.552889278312007,1.5489699915717288,-8.0,1.1489171727090763,-3.269940481252478,0.6860196753708523,2.0570217353401503,0.3986691597245234,-8.0,0.6022253336024501,1.9539225849762105,1.807285449676366,-0.06421278255120394,1.6514481200238103,-8.0,1.643521202152778,0.831110798796246,-0.5992656566770554,-8.0,-0.27194040655905705,-8.0,-0.5263689703229816,-8.0,1.6090502395765731,-8.0,1.4093070993597578,-8.0,1.2510506561930241,-7.058488567365597,1.2600246195884017,-7.517841304588724,1.1914761860626062,-8.0,1.2832413384029728,-7.585026652029182,1.5708426682057608,-8.0,1.4588260507348705,-8.0,1.4186900338054547,-6.506960411682349,-2.7417595453660133,-8.0,-3.1437064376428547,-8.0,-2.6059557488635634,-8.0,1.7074707148940764,-8.0,1.4866292371499397,-8.0,0.9367712255264962,-3.548453106333917,1.069276086023713,2.1343838754941404,-0.3752127998225347,-8.0,0.19554464470726304,2.09311871731611,1.8507399997549212,-2.187524887130271,1.638083231364001,-8.0,1.461055515821795,1.040794720105285,-1.3675842674325778,-8.0,-1.1282206835250963,-8.0,-1.3499752222134005,-8.0,1.5069461687776524,-8.0,1.345572139892457,-8.0,1.057904686485011,-7.745935547085662,0.8872259550045347,-8.0,0.8272841101326976,-8.0,1.017957242085824,-8.0,1.5652940778914124,-8.0,1.4177031484227365,-8.0,1.3346688986279147,-7.991399828238082,0.022110018693101037,-5.152189900982147,0.15696781743927699,-8.0,-0.0618272280146744,-8.0,1.9361555362371983,0.3076472776812637,1.775015397318338,-8.0,1.7287212787309183,-1.7109883838952724,1.6157468362389933,2.1147215834561766,1.490850146154659,-5.877112713672858,1.608611236991215,1.9316795862043326,2.050677995997318,0.23709588334826998,1.8760559287384113,-8.0,1.9198487024571467,0.7463268378433834,0.6944937864951501,-8.0,0.9018485214911586,-8.0,0.8568977227418789,-8.0,1.7830304900500809,-8.0,1.652447594970854,-8.0,1.6050686692206924,-5.993876393788145,1.7098325701408275,-3.6525260569933575,1.6543563708585318,-4.223238541863297,1.679707619758815,-3.716049737449294,1.7539859234820316,-8.0,1.641686974562292,-8.0,1.6676500328654655,-5.025621886021595
6_1,2.6247627905537065,2.151485087584544,2.624664332827046,1.9874796740601066,2.6468407474679196,2.2012536145712205,3.6368040102713226,2.132262469292519,3.5669348108719334,2.0621780381715302,3.357863216932012,1.7840498110626153,2.711782748550202,1.8164608339452653,2.6965294792499095,1.9555278818371566,2.6533455945945414,1.7795894214499046,3.6243114745626612,2.0170085025737814,3.5670167870628133,2.071998073470597,3.567057991836543,1.7714105945984664,3.228590087999416,2.1140037968220087,2.9854923326846956,1.977357069238061,3.2875537506761803,2.2831193600694686,3.766183377465535,2.1209806124251087,3.7833732457443,2.2873748085082903,3.703856724429576,2.174625390563595,4.4893827491825755,2.527910053357149,4.07212269768243,2.1749514332659365,4.460276617897416,2.5400573837622193,3.889913903190236,2.3541406477663736,4.04985825826143,2.333750897427537,4.247882613764784,2.40547447206705,2.904288010768675,2.505545871434898,2.686022066465221,2.0480416816303424,2.787785173530971,2.369547998036145,3.033098203280761,2.326448734521698,3.309282848639876,2.327585430676003,3.366301605568371,2.332883128747843,3.3862992040810855,2.122003146441601,2.940011547794918,1.6958929374964502,3.424119630066735,2.2086374896510894,3.547485055664968,2.3146251682645227,3.513041888704908,2.336482681439233,3.563802672522021,2.332395302833738,3.1025677580231803,2.5954895782944156,2.954885609354733,2.1428635568258767,3.407470447649574,2.6118378009666405,3.6980804582966704,2.324344533588401,3.3685519326638826,2.3530636269645293,3.5536510898310416,2.4081497089949147,4.306266715023665,2.602274855265347,4.025857381058584,2.06606084810393,4.246071318854039,2.6110459770739465,3.8948745405478498,2.5126169460966246,4.0394782039884864,2.4082551852857117,3.9123009623392067,2.520030942692313,2.73540401971623,2.592510778161683,2.686350619342934,2.253752951102134,2.794616228403622,2.5191810002026265,3.1998955652031893,2.322502604543871,3.3333260453819555,2.3038881256025356,3.079668404273242,2.330891170296707,3.0796950942048813,2.1437000647277484,2.793055401865098,1.9267674044442802,2.8508234942346293,2.244347080802656,3.4077278345012956,2.3231439331280934,3.258099751492702,2.2960767604931314,3.4648704633552305,2.3079412531867516,3.119472447341498,2.5807943671795455,2.9719856688688737,2.287260528517685,3.245774337594094,2.588754163311558,3.4757026059531024,2.342774341169598,3.6883901226257767,2.333780036118029,3.387007162893329,2.365750254700088,4.2712147987742,2.6371651159340366,3.9296753034271634,2.06592260670487,4.171915194659887,2.7004175326540754,3.8135871725711152,2.4235285344530437,3.8471887461965433,2.4704296772251007,3.97628849022995,2.5523309633547435,3.0093123249106095,2.582602797036786,2.887873162382085,1.9210102391786053,3.4735386058459787,2.4853884252594365,3.4171693331465107,2.33348789704378,3.6527014757271346,2.3296854557151754,3.583849061688182,2.3705973905102233,3.842933772682816,2.3345544682564197,3.5776658578577454,1.840934013003059,3.8117051382948874,2.3171163437828115,3.44427662076219,2.3254090775976715,3.5963087133352745,2.316962359147004,3.8801195902155037,2.3634396682676795,3.4416711590611078,2.613926384288067,3.336300228808918,1.9224310211098898,3.857552975041045,2.5990704049916804,3.8768966776363634,2.348025500112468,3.8437377912910335,2.328290306571993,3.924615341512999,2.382347040570413,4.528031202284612,2.658541569340689,4.2819700513533006,1.8319227033522774,4.540368983186602,2.637584780287375,3.9235189224994094,2.450157813805792,3.7501638244782245,2.4923070901415905,4.211532136084925,2.4374458542906012,2.4240967710478323,2.5547956277975805,2.3989777935644647,2.454686774003538,2.562161714750528,2.2887461143335734,2.5574250374810212,2.02332707220887,2.6000786869982413,1.9756687343738142,2.4679159835080533,2.0781056475582633,1.997086486899506,2.5153009939734923,2.0139922839389293,2.5628582290385746,1.9194529132361124,2.9447691035298273,2.550488119599755,2.0594131784625302,2.5513624528851677,2.0325164194740006,2.347975812742416,2.105892598229325,2.5883474678619223,2.33890348237094,2.5163190379295886,2.3161905346080047,2.601095878172991,2.3850066892795043,2.833395499924055,2.088358954521044,2.6686707701676644,2.0755259941938613,2.721736112271526,1.987846344424733,3.0160030217601452,2.6802693596945786,2.5418780401839154,2.512532144562064,2.85892091942536,3.438173492526732,3.2790203053286655,2.3945570730366215,3.294261202107963,2.1579654391016265,3.7622658765513433,2.435202542274085,2.6015878289191887,2.6427227561707785,2.4958904943696503,2.456693965044674,2.6177135777580975,2.6085427588060943,2.6816680593249616,2.339709204098331,2.70000803965471,2.0250601082089985,2.7168594626634217,2.391145391654827,2.5245537614621147,2.286526062295427,2.289112698747813,2.499805233332942,2.599072344133429,2.4007360061965874,2.613038757909326,2.1592243027783966,2.7861394740140693,2.1141785577448333,2.6342010558820768,2.3342080775739067,2.6723905986757117,2.5959721853627347,2.5896013971887593,2.43405443583574,2.715166113384121,2.6406908168601446,2.8542551164717147,2.3325830106705054,2.8531969841819107,2.201021903203298,2.8306027672478953,2.458513947485866,3.3499077964749198,2.599761767638474,2.5368187889960745,2.4561422322812683,3.4167961934808253,2.645773513471414,3.3028252048742606,2.41455845067726,3.465359964564094,2.293666166317069,3.2676166306623995,2.528978047334523,2.7623347580122526,2.821076383349849,2.615049020152744,2.5551092251746637,2.740957295975823,2.7755888029278566,2.6573040034256805,2.3323178189546576,2.9042675777360305,2.3338168859226576,2.8470197874710896,2.3309600085854396,2.6451560949953397,2.4480448131407777,2.488477904331112,2.4715367369072125,2.6243673392583013,2.579776115177278,3.0604592426438884,2.28848471634847,3.41742642938569,2.2946287267826455,2.831536386799379,2.3309923583668417,2.82786982182623,2.632115291821351,2.6163024861174016,2.5928713822004625,2.76283841310649,2.6097632749565265,3.3075100600703706,2.346020932947453,2.9464430717447048,2.2657816091233043,2.863362718229732,2.376577106010005,3.451413717120829,2.732354729582252,2.6016959785005613,2.5879492435670954,3.3316368932666265,2.872220804832757,3.5505531341519636,2.4879043849456837,3.5928811497666002,2.4418489084803197,3.718341877752507,2.6019186208207534,2.607861459533705,2.4539193816750466,2.331624673986136,2.3915092688336466,2.6177487430436903,2.358541610619974,2.63661011398184,2.216766825287929,2.855892385469942,2.00544563821154,2.6553977636910964,2.142470868818454,2.499340330153157,2.0211249317551934,2.23003616320439,2.2287483620737034,2.598255234430245,2.0804893094458197,2.762995903791793,2.105539720901743,2.6401658740643037,2.1634214746715164,2.684064589493618,2.1959098577811655,2.8635420377014342,2.360726972303066,2.541168410837855,2.2143906420985595,2.7975558994019973,2.528262331987869,3.027889712523688,2.327959501876683,3.2174319082056932,2.118813982249957,3.1680233678800676,2.3369254502183177,3.434606129318904,2.566023101669217,2.5636244097523035,2.01707000658297,3.654162281216954,2.5404788350922227,3.679406904519157,2.3353835314648976,3.564741956892339,2.357551555688418,3.5663565822583236,2.399698067882424,3.5942121608789797,2.075446016063371,3.967083096354524,1.7027090309084714,3.7659735128735363,1.8447228738426316,4.555289552189752,2.1863754435302627,4.791163103612581,2.187675250057718,4.382046826977776,2.0215246899554966,4.43226875554543,2.5798957077464046,4.4279677215037445,2.2913580769358264,4.410905958308931,2.6004501697055544,4.542528469807412,2.256113789366648,4.731507618844932,2.3209462553870868,4.704160740299383,2.3520364457991447,4.359717896997186,2.523939557496406,4.140478961727946,2.062407194984564,4.339182450551694,2.3421851619584464,4.593913298838574,2.2971408326979867,4.6774936875968,2.2614548455372665,4.533452366515445,2.2603315306922367,4.785678403069284,3.2923620541555545,4.789571181928168,2.4595968071173835,4.796005837984114,3.5075811057066555,4.525156569812272,2.3399837355195108,4.7150416275585645,2.400705576115645,4.650621489546042,2.544829166474292,1.9877615570785094,1.5806969356118437,1.8107513153700292,1.9934972413441971,2.085618617032271,1.8498912996290204,3.0091346144566637,1.6960215930600957,2.8229010208399745,1.6269025776187682,2.3249405342636624,1.622202111456389,1.6274994676863186,3.3079172575143305,1.7866532212175965,1.8834707852296029,1.7963721901785763,3.5917215903629702,3.283292738480361,1.7748586081645412,3.4102074578069748,1.6039608496399484,2.339222530859783,1.777721622148627,2.5780980831089604,1.2566265708609854,2.377941525180178,1.5740452992604355,2.5917557570037433,1.4181272853397877,3.397333152734415,2.0690858539173806,3.5014636684814553,1.7449022154038192,2.8549067292815695,1.846847248970753,3.918378370775557,1.1684914416580827,3.3247550360921867,1.4345799775456975,3.8124301170649453,1.3543834325926927,4.010331652887453,2.31221872604456,4.064148576474419,2.063767507957317,3.907847198492822,1.8679416853577706,2.0221418587064144,1.9077465336967048,1.982313379976644,2.095601601758284,2.1765240965273236,2.0534725092337864,2.813217803263336,1.6709549166485491,2.84584714473497,1.47644555810505,2.353173368804534,1.8035696044062886,1.6319140723059669,2.7897125062863943,1.813851693831973,2.1740694359727746,1.661045974595084,2.6191392340068247,3.0888753845367987,1.7132959601420352,3.0077254322146754,1.7588613427526163,2.3362823962925425,1.8858907530589448,2.4796167364657262,1.5685119271249444,2.333123628970398,1.584806165062508,2.585556824408411,1.5562225826490024,3.5707653958470664,1.981379531722764,3.618476342954508,1.795610517336118,2.680612333777872,1.6791797059388762,3.5930919293252597,1.263522792848786,2.8443848555228715,1.4667395494522966,3.3389732119198925,1.31268512246908,3.9590133315811675,2.270839948243731,4.065401394424677,2.1087081449782743,3.8897423080965385,1.782394188249238,2.2477041275104006,1.6634938236241559,2.1264372348424647,1.5108828833242525,2.3225233840304376,1.1977203784381465,3.590752136398439,1.7815574393588298,3.6678638447666385,1.7975469597813039,2.587980127020083,1.676105186911421,2.0715263515528832,4.064779481902421,2.067109130527418,2.1168957133143307,2.1128454174882227,2.930877749004603,3.8606233236172804,1.841096759129194,3.793332557646306,1.8393691516440727,3.2365949299349865,1.8499366452113961,2.589014900952734,1.3479723306737894,2.382077888573429,1.4898925532687528,2.8316974910208366,1.0449951689041181,3.8080697205728447,2.065457707424659,3.8491584445752083,1.8854126128783084,3.889101314291803,2.003033494194646,4.453326304128915,1.4924749473034515,4.165611928359303,1.4826867746016372,4.391847726336997,1.6117037734917328,4.25717585945502,2.3300025135935503,4.143600270912282,2.063919365645945,4.0978632265669725,2.2041811465684487
7_1,2.393539259595375,1.5285006199770435,2.3593784439608796,1.467098219797442,2.3013649486584846,1.4501557227131021,2.305061822541402,1.7580085335272473,2.3558965380163963,1.6529818477929916,2.2632444972754575,1.482939798571893,2.3367788313554403,1.2383756108829738,2.3112956968828926,1.551298857225426,2.2007229027289883,1.632576942588999,2.3253242146560034,1.747479984455284,2.3351055036396002,1.600773913971142,2.3057529718251586,1.4734617534182595,2.548659126802867,1.81666256078322,2.4917954712132855,1.5714031715088448,2.5216409786670027,1.4748599185964588,2.3668641307825355,1.8760215149915562,2.3572098569654107,1.7865586015056176,2.428763408805489,1.592975276916711,2.735167770597477,2.1599244708929612,2.6416171515740117,1.6640364486614292,2.6835899193662054,2.0390192102356477,2.44866261986173,2.0708997741057544,2.4939876979120457,1.9348839518807066,2.5212669804462493,1.951887563326874,2.5135866776920706,2.0891027167867438,2.4712339523950577,1.6107955879212457,2.498118639983188,1.8782454245653744,2.3909252657417412,1.988014777781464,2.3853295660141205,2.020179563578656,2.392951051654325,1.7695364747850344,2.5642729316147013,1.6202361446659566,2.493365911089409,1.5006271130767446,2.464518672282206,1.5559657907327367,2.364270649922242,2.01848586393449,2.4532662380138754,1.9400345191936645,2.4102422317936627,1.7378925807958125,2.6142364245488894,2.197913079154181,2.592696050371663,1.7555242494055372,2.5745266654600854,1.9655427883247345,2.3836963636660773,1.999160204599628,2.396674143937537,1.8476503898348675,2.413474518677256,1.9617368473594612,2.7433948458968276,2.2946648735653397,2.653743693459641,1.7115120610172196,2.7419974045916398,2.1144332320266943,2.4888078285685595,2.1246343669290506,2.467915276563232,2.026844832550489,2.4960895888986716,2.12194414568694,2.4699235731449023,2.015979467528839,2.46671877493099,1.8004568311645115,2.3990890140173695,1.8371293259899573,2.3468736346228245,1.9664134810804728,2.3583809596008436,1.9056860417518582,2.4240562638572145,1.8469619166003262,2.475795770748946,1.634310670009786,2.466966759447824,1.599613499086517,2.4381631428693042,1.4729234440569015,2.407603570046918,1.9546865290581845,2.33351143595192,1.8575042084410134,2.4027730722649685,1.686496258984306,2.6045786905534,2.2218733019071317,2.555588163976614,1.6871537494418913,2.541979638059018,2.0869211295314303,2.402320365367751,1.9621219916980583,2.434040297286482,2.0431816563479352,2.443390409597974,1.891918887082754,2.7375715467939736,2.323050702626665,2.6977484520440087,1.818728648999304,2.658781884974659,2.118181691111623,2.423911824088927,2.1177770589613525,2.4869289690051968,2.083956393538235,2.556138006943959,2.1628205843544626,2.579033156712904,2.184528236010138,2.488357922378078,1.605381233386989,2.551286319805332,1.925545762274409,2.3622971995989626,2.0455689778248356,2.420714028756961,2.019479528489253,2.399429600818669,1.8898868411733292,2.581926369403835,1.8595316353649527,2.5566225441649193,1.47137640677534,2.58496180874231,1.592236592463994,2.4336291413611315,1.981555055717583,2.442786489713536,1.8486630689935337,2.389620502786453,1.8934299414735059,2.6897617080153013,2.3020297229056386,2.622317892680871,1.5902629178410266,2.6033972157882452,2.05562151851988,2.4440596995423776,2.060738578002697,2.460592206047896,2.0724670379545813,2.508302566242633,1.9955803346694094,2.783473722629595,2.3860507197884853,2.7318132554236176,1.4527136035764303,2.7390393101765866,2.1649033072977995,2.490891470918944,2.07948251295557,2.4682728308622477,2.077651629656873,2.5066001632126755,2.148680573497086,1.7818314426296875,2.016891170546359,1.6920313655462855,2.0497928599470963,1.74335725426904,2.060397172324164,2.1817191016412885,1.7978848582416211,2.2362600636279812,1.6150478244589712,2.01977277515593,1.5972251040312635,1.3841413432079703,2.238923391722154,1.3852811994225307,2.2287967087529785,1.3614105652432482,2.218475139377643,2.1636238520739717,1.7342890059235816,2.1838614310009996,1.638506981898394,1.9142599333774248,1.8697833495508576,2.1495387925751066,1.6461539932319578,1.8040139260592514,1.9427057983134168,2.1380260099260204,1.6518817486749957,2.2712253924203187,1.8347302139359125,2.3193053683385076,1.5821134236195045,2.2893420445371913,1.503590775069921,2.503747883145944,2.2403996516777616,1.9414408969434551,2.042917230916017,2.4147875780587245,2.510169892474766,2.3506209314694364,2.0484535679051334,2.4190220625646948,1.7924549150237066,2.4861731480246636,2.0419942824260673,2.1519324486392546,2.0302611590561446,1.7960782321419226,2.3862118756532062,2.1655741635706516,1.9140558520361302,2.326782826990325,1.9082479989989924,2.273234378632931,1.7222774993318255,2.1922801041256275,1.7509846491741523,2.0550005810407503,1.8294280422317601,1.6409052456814002,1.9197542090751836,2.053269738613548,1.9068886434254388,2.2491951811800175,1.905725104533863,2.272947894024657,1.6903242545081516,2.1716039181686124,1.6607028588723258,2.3307953240477257,2.0188661502372587,1.8833163494405318,1.9895386621020346,2.3565164199329303,1.9623779344548482,2.3022350625094785,1.9725396235382888,2.3502680336918815,1.828232510294199,2.3888385289949974,1.858520299306669,2.5491278560452475,2.1313585198148184,1.9545484901960641,2.043733413237316,2.570913074496732,2.1502553886713454,2.4835998339263057,2.108878598999723,2.368117679174543,1.8686119367002891,2.4858713508719674,2.01315530817063,2.2386056226533553,2.1469848143976873,2.0872971613252953,2.313125964690018,2.295180364760412,2.1281312656575913,2.420329459547171,2.064190618764358,2.3675632841608305,1.6895008550257664,2.345194956712093,1.8704963210621297,2.226373140446676,1.8211891184155007,1.8476559687084615,1.9669508464362258,2.257897364776928,1.9600915809381727,2.3843489445207773,1.9444830202762908,2.3946420823142334,1.836153980761024,2.4121307223354225,1.825523502800618,2.4932822224535705,2.1674995001021746,2.054800604743909,2.0776763249289982,2.4815866216223053,2.0833076911629838,2.356559114940647,1.970524708106237,2.3872730540433835,1.5158250506080984,2.405099444106695,1.9354587184261574,2.5916832187856444,2.3788930086020055,2.1470537275277204,2.072561440780216,2.5822850111440196,2.3694601279753167,2.4394630591726068,2.1674668644330506,2.451815537561159,1.8597301272359041,2.4714987167161504,2.122100838609511,2.176970489245847,1.774265776369953,1.7061260745969111,1.9205721988115738,2.171948121102243,1.814739944400434,2.235982543348268,1.9805534649792043,2.220525347164091,1.5858456912153096,2.2648968578512036,1.6166834693499852,2.1297555550507346,1.6314114984760182,1.5711985552896197,1.736341933645181,2.213482869851977,1.4444706727455745,2.2359311509175246,1.8772457788957917,2.287431338248185,1.665273653682256,2.3144720490222457,1.6973345202868717,2.423912200991436,1.961072618798812,1.8927851214411884,2.0110281357962188,2.441526658802872,1.922134757398032,2.3618907528479567,1.9198556906516988,2.3610387823495818,1.6836957929701317,2.365847984485843,1.8355227855787843,2.5956729952568995,1.9427199013925005,1.9876857225718776,1.770377191102461,2.6226783905566586,1.801214843558429,2.394060987076488,2.0086764823734296,2.4188273876135393,1.6632739373985421,2.4344666540684394,1.9227827817428436,2.3718677997031605,1.4779759015869192,2.3430119912209086,1.420281353968669,2.4033345239682173,1.2385988287991492,2.476293618340369,1.8937901195525886,2.5255254186211187,1.7988899349072067,2.449241825892919,1.576051077805588,2.419861003813885,2.043445909781676,2.4527660541778884,1.7905223051966883,2.465856622053172,1.9871209383355932,2.541681364887119,1.9048507140959727,2.559925698909321,1.9621901460400573,2.4819524193461007,1.9290058796209206,2.497914295706992,2.049687902213453,2.516887986587494,1.5060003863627391,2.524556762419494,1.859949416987761,2.4796779363664174,1.892111772350178,2.4429090201314985,1.9098043922340513,2.4824112484916347,1.885305308907802,2.766837365293392,2.5695662329095526,2.6606767206923103,1.9513239515258174,2.7617546732738028,2.4913573051073503,2.5450606301521597,2.0731656397759175,2.55522904550204,2.1504098567270398,2.6049967400855483,2.2068403705394597,1.4504142061463046,1.3975266096175851,1.259815878079111,1.5548840247641635,1.5657967970155182,1.4208591566460205,2.15803679718495,1.590563440259592,2.232828836433199,1.2533621008180993,1.906587604241794,1.5064939434222975,1.160014788205406,2.0127689530540893,1.1309312207163194,1.777425862389361,1.1657168378224478,2.153796284185172,2.1469498824307713,1.5693183499124703,2.1842520037892936,1.3274537166593232,1.9017280071988785,1.536073357825287,2.1801044684497914,1.1515950012198204,1.8414027037791338,1.4451119913158101,2.1281867176597347,1.2567114487676534,2.25772851368763,1.601179926206252,2.3334684847133245,1.1691338031857141,2.2718084622075367,1.4193914845495075,2.483185173225767,1.259286889612002,2.268479719643903,1.3953670669586118,2.315484461227448,1.3955021228350146,2.4721364241739647,1.9081893823647138,2.4434311571715135,1.2788578338955583,2.3871289057525478,1.3392096681764176,1.4495197277631364,1.765070103885423,1.399128468447512,1.6767983084994291,1.519579379923317,1.7929807119075887,2.1502874165428296,1.5042397406652757,2.22766337408545,1.3529838941455288,1.8636196112276135,1.4110772662355258,1.187143626900798,2.146354242782325,1.123155509382359,2.0235650649444494,1.1898895579927702,2.2709626955194007,2.16105524845066,1.61554128882653,2.175904423657522,1.3100140387647459,1.8052813650840636,1.6031770254781226,2.1199636622527733,1.2512534714605015,1.8070644543414027,1.43759370469358,2.1025551219366445,1.3611167150242682,2.280922308877909,1.6804793391289743,2.3114282081742648,1.3666627431852412,2.2694336777934594,1.343416537988657,2.3503820668164237,1.2793374527329355,2.227204596568067,1.4557395834794522,2.3059796794777947,1.4151547430531342,2.409730490368565,1.9174680411058527,2.382499941036759,1.3356768706816042,2.378201741402678,1.500694635365073,1.6639177201929445,1.401472950859287,1.4639530704645756,1.4453547302024414,1.7675568978025245,1.4357070539314698,2.1938506092492593,1.5961615828537126,2.3031996533969696,1.2882093955133147,2.1036955743229795,1.4189956150943481,1.5139382960839167,1.9292137236664118,1.5735791652496665,1.726505264693568,1.6079586191340711,1.8663628747279277,2.2511825315774066,1.541961022188846,2.298094146432277,1.488064127130876,2.088860572259275,1.501055140398315,2.2984378165176977,1.170004124237113,1.9384258170471602,1.2973822202113234,2.3206571861323586,1.1825873398605609,2.269315927187048,1.757541773379077,2.344444471990509,1.259875541798401,2.3032584452837583,1.4074282408876633,2.5646597922148215,1.2314280771872332,2.3749233336926747,1.3221434470888793,2.5342438116788077,1.3368430757203973,2.454412689749573,1.8688423027879255,2.429024144123523,1.5426721994906039,2.4592587185603105,1.6543516024578815
8_1,3.602792858738558,1.424534457123487,3.411093616509832,1.4491780854690457,3.723867080760955,1.7171182387320374,3.5091352572960273,1.426540436503401,3.560956140515333,1.407066588323034,3.6979520746828656,1.4345716209592057,3.2661674216087913,2.562774827688271,3.2176586484665655,2.2306743768449624,3.405396333816047,2.2622871779918943,3.4742300696383164,1.8338293699630037,3.5755189651355646,1.7931340388336345,3.6865930835942953,1.5221820929678544,4.177560586605942,1.5489529996278326,3.741223058113277,1.4554295789267424,4.285646641023177,1.581623908354513,3.692754910803249,1.63231658612969,3.871191869812983,1.426229152072322,3.9258129717835746,1.4377764270833626,4.842473028341756,3.6448475796114495,4.14741025480136,2.059558165208941,4.881467139050782,3.27876356159727,4.046744950692508,1.7482442286601423,4.108208541013993,1.4430738857124095,4.310010460324499,1.9817388837223497,4.204579867917206,2.776747033430236,3.8077361517648574,2.149938509578328,4.2888509762277796,2.5353451425080338,3.848453117905661,1.6913572366898217,3.754826825042878,1.4328914879178523,3.9424946676625923,1.6647851879072058,4.079573047058184,1.4484126319485098,3.736574295478088,1.936418791157864,4.2431377496895015,1.5433087889220967,3.6929917095516576,1.6130458296756833,3.854275835888996,1.428047534430595,3.882547784669072,1.4992207280006333,4.480983256219396,3.2231027556082843,3.98185503415359,1.4215227449836036,4.629094543921171,2.78408395421038,3.9469301533969015,1.8322040579135732,4.02213318250038,1.4286376620126013,4.2041059057576025,1.8998188471936637,4.928779660974261,3.088898876243372,4.208012472099451,1.8866286846990585,4.868965717476048,3.291928804903168,4.196879291899878,1.960979504979803,4.196733241483873,1.4919583810473696,4.441906625671423,2.097750887159452,4.212811239890154,2.714065281714918,3.7752548103928807,2.277699272960952,4.316118354469146,2.4187535431405953,3.756103388944003,1.6025666132378518,3.7462165833230676,1.4191235184305522,3.8742885323717036,1.6111887232259692,4.045910861625801,1.4657501733424274,3.647763334369128,1.7297413570908151,4.291571700870875,1.7065536435038786,3.749311879743819,1.550866543611071,3.781749652601562,1.4310062847262028,3.9206247986267586,1.5589136458733328,4.5358955155191385,2.92527489945988,4.010899150562462,2.0045330389478404,4.576314171459492,2.8430140892557554,3.921097335799238,1.6919096783012153,3.9031634605778454,1.4282447518095858,4.1272046736351085,2.0000825674077864,4.831785115745464,3.0180811261176816,4.326068321236828,1.9671971278817755,4.9045746020390455,3.2400328364643607,4.172751563505138,1.950621021981838,4.168921093713035,1.471147581334493,4.383554658274179,2.1051061926681465,4.290473030460518,2.830401129560654,3.874505082597773,1.9440737342609933,4.366743102674859,2.6467064268013436,3.7745879792927095,1.6872442418426996,3.8966245293926973,1.4377479539342735,3.9665664664423925,1.7596738138000525,4.269814247700536,1.4819272419235958,3.8032030694889536,1.961951630146177,4.389309975529092,1.8766598709036286,3.8379644142583236,1.5587246725483719,3.8417117588912344,1.4233880821279015,3.98269814162299,1.7152073150581182,4.594211216374058,3.1622112134705764,4.053676201683634,1.8918172550198669,4.631139647695417,3.0091897062027053,3.9608682565929216,1.7724652037622806,4.026208170854954,1.4342340819586237,4.182532423669382,2.0257882151824425,4.890328520857844,3.095617534428115,4.274866110774079,1.6420367010346162,4.951485971682942,3.3300592247234504,4.138116728431954,1.8988956916926902,4.268079213224655,1.4415766453295593,4.421616591213607,2.13968261500866,2.3672044276853423,2.7887487673744378,2.0442214904421503,3.205951809801217,2.606999308190241,2.3475734002458903,3.105069749494185,1.4385266889277313,3.163823279378185,1.3810234160441681,3.0489052420127143,1.888822468669886,1.5206450419100717,3.6936947484955382,2.0308459843861133,2.9442800347499984,1.9238694931391922,3.581008788191031,2.974701803265009,1.5250595506953197,3.0754612287180936,1.6893625027113388,2.8112923002124584,2.0003336842585386,3.482428349363549,1.7129138652605127,2.3126597132962887,2.403021453046155,3.8590501707627403,1.460366417095925,3.5448472564173588,1.4283745475085865,3.5298739180231,1.4334892883931432,3.671216910390178,1.4053910757324959,4.322491691134984,4.309157523834676,2.435799038717581,2.319849082328133,4.421641323197459,4.502402193877463,3.968180038565536,1.8599193887118801,3.840323942837677,1.4183896037430492,4.19384730508812,2.337182840172527,3.4528028677897282,3.3780193025447947,2.431728037575734,3.579921061876809,3.6513616381459015,2.6518422558027113,3.5037411114926575,1.4398818932347333,3.548459471485956,1.425690910196517,3.6769753573731054,1.4635035930685432,2.920322645614186,1.9834489164846991,1.8299391356501857,2.2164063578514086,3.302650956880443,1.9540897737845773,3.4110530921407936,1.4663644394182092,3.431414089300043,1.9116331485303657,3.5562491378414016,1.458185667882131,4.192273302963953,2.7411351496289704,2.6729302486210647,2.45023225238283,4.331047956310303,2.821611511117601,3.7049701575948233,1.5195172824661352,3.763935075331661,1.4157695816600864,4.009107068374323,1.6935300899237824,4.633227298348596,3.292033154658554,2.485505674475459,2.4036873845613225,4.694041874545683,3.2525170765615927,4.067672438628164,1.6702771469981954,3.9668673426285133,1.4566493093202029,4.328581555267817,2.0104178220075193,4.184975555063477,4.020989598119118,2.814104052237983,3.258506255395119,4.095764225205016,3.0576165389841488,3.881227830460669,1.6942362432056788,3.839520592967785,1.4120072208013106,3.9620209256361965,1.6324766614891486,3.5181196991283237,3.4134533009116734,2.542338082616192,2.9017954520867137,4.023343465644523,2.1806181218031977,3.7492264511920013,1.7040734941566102,3.7062403208500525,1.4584885187085468,3.9762034697683895,1.5207571897282863,4.488431171864318,3.2667164674306233,2.9705035853416835,2.8834157606423023,4.6474600509943444,3.0320802672341665,3.951382552519152,1.7174870631253263,3.85269171087099,1.4632666007632666,4.222889704766424,1.940922171658936,4.91459028062637,3.9253146664839336,3.0380635728210765,2.713488960690351,4.910477945311794,3.608429744531503,4.214637697945547,2.0927952000469756,4.121150038573501,1.787109057486197,4.3650788862321,2.2444697705639474,3.4864298654182946,1.4976752082847857,2.1732674880504073,1.9539551833465136,3.800375379280277,1.8477462577270678,3.62834652822979,1.439269842171108,3.5307343509286175,1.3992205698166573,3.628699707409231,1.4514197355560776,2.9596837597704817,1.5383524894593463,2.1038668908919407,2.106373545308826,3.6386571789883266,1.4171287003313109,3.4805781288894155,1.4326905432400812,3.399473171938399,1.4311613522251554,3.66962329297728,1.7411376999933266,4.19332921954296,2.5619083086495937,2.3281305941266917,2.075493761610644,4.3587350333456785,2.4993768736286266,3.8034529640098294,1.5745423653045236,3.745318016093384,1.4083522066911054,4.031138497923471,1.764814978534865,4.69384194244018,1.9272468165129446,2.5282166301490645,1.9844749736435072,4.670151991539026,2.4121219485275174,4.062136279876744,1.788050417680509,3.9821968371251413,1.4120509772229841,4.353188913759834,2.0689016496646278,4.277711164942206,1.9941585333784273,4.2326338060538005,1.7566111981409682,4.228516842443117,1.6758784073845885,4.450256190556303,2.091727167638352,4.504377798330832,2.071580619865462,4.325630589623161,1.7850849327274712,4.442635104275714,3.2112551826336664,4.507772398784206,2.5556712152513095,4.578119147844166,3.1060114238839587,4.471076006595092,2.289503762977468,4.518566320934672,2.314262394044397,4.513815542335973,2.3655131149601414,4.618976815828807,2.8087078331102813,4.510265358575285,2.091208364813112,4.734796700181068,2.577109802292724,4.360963478732938,2.0769645527741125,4.4110309199348565,2.1335052892913295,4.482120214175305,2.16363495913302,5.058559292526495,4.597149733081062,4.851230523477219,2.8412160517410645,4.991682432290265,4.085846001250197,4.41797554538155,2.330298774785721,4.482463092789209,2.4322122548240563,4.626954605764122,2.612652826502014,1.8263589374547788,1.8881535480530145,1.758227370400737,1.3969191642769438,2.1211132375510213,1.4516874973873173,3.281203179113799,1.8735688396382602,3.3989094402106796,1.3866979586476422,3.003518310356912,1.8728144674924343,1.6334752496373983,3.650116915386157,1.9274504176090166,1.9853355186714503,1.6740949505791465,3.7342293908629176,3.2675771077695823,1.8737625845422636,3.3297682197993077,1.3967312341472407,2.857788239505033,2.2103276382199954,3.374248082209384,1.391823268157373,2.7511962833857084,1.4114145842103951,3.589475561783627,1.407852678173686,3.544943043531785,1.4808521798546674,3.7447063473431386,1.4086487747558374,3.732500380839711,1.4257840481317632,4.195562516996564,1.8922379116433607,3.6708678857510324,1.903515496892256,3.936276823505536,1.8760296311727636,4.090967408267888,1.655503412384393,4.106164671668131,1.5868136396549237,4.124957641494822,1.4645616191974857,1.8102318014270855,1.86143912139832,1.7602425059059132,1.836382983391687,2.303783747194082,1.852145761820129,3.198748909822241,1.8745702941638014,3.3687877221885105,1.618701103962562,2.9253084148768274,1.8586368905167254,1.8742929555751149,3.732470440134353,1.937949988214263,2.226075559576353,1.9237815971456507,3.890868851379808,3.2820995104103234,1.6694163761603793,3.283724067340036,1.685985347693665,2.8908658298722325,2.209008056613771,3.3842189756334298,1.397353125748365,2.7540187321876637,1.3685800728589341,3.586066188471038,1.4132359067258018,3.637690833559766,1.4966332937275157,3.606148544313499,1.4257038007923695,3.714079016525709,1.4335543330570137,4.1509487701630565,1.694699019183749,3.7228280262038367,1.8851519324513513,3.999346439116099,1.698241486890021,3.9877665153035986,1.5806408682054216,4.122473458880512,1.5092839026044413,4.130868727969253,1.4447367223805334,2.177076168238002,1.924908808601921,2.1302895050584163,1.9378774925876638,2.603387335831424,1.7432341056180936,3.4202203618646028,1.5027062147181778,3.5078437222591403,1.7124156967377124,3.293786163026379,1.8517681335982616,2.3535586173052314,3.8154791283167873,2.4468654637337317,2.5432404614895425,2.44890819119826,3.729673361572016,3.42069134518063,1.8576980849883011,3.5240653172277696,1.5201878666414248,3.311169355100633,2.093163221609401,3.5495861046007864,1.411341956524551,2.947881127206117,1.6769665385941905,3.8248572904810647,1.4262395551479101,3.656790850963741,1.7523500514229637,3.824733217360269,1.4761205722455588,3.892785239982842,1.6601428572015835,4.425270901769807,1.5582476473182538,3.832064331288416,1.9701366098874493,4.3598201689536324,1.7127560371806516,4.130590577758099,1.7037026813802043,4.221644710779164,1.591716700910974,4.268908910304136,1.5881273496890391
9_1,3.9828945774572215,1.456032287219585,3.648912028907216,1.4649358125623373,4.118953121056883,1.460885944860309,3.7862147470841134,1.5766370988552596,3.850067241414763,1.6305028508376576,3.8861569309084802,1.4596613972469181,3.4814162152838746,1.7498805441380367,3.2800409418753906,2.115804355146207,3.520881308008705,1.9917047243929074,3.878393769676192,1.5725059768334277,3.8280457956307874,1.471166002904644,3.8082893263573823,1.4700750161582627,4.61254993701289,1.8355924324273223,4.097629293484475,1.460529373628962,4.6990278914806005,1.518672218189252,4.060473389504514,1.791663680283153,4.1068436083016655,1.6088752807033657,4.164948843795634,1.6223841154379466,4.983278672321073,3.402402496646456,4.377742239520424,2.021189820285046,4.971909002391019,2.872378151896975,4.2660349425832145,2.2697217421627554,4.241950542453336,1.8966575345687318,4.47666737675487,2.284678355277003,4.624244006340124,2.684785422475709,4.174929383225812,1.4645044724205258,4.66642558877583,2.7569188311259945,4.1057102274242006,2.218732310242286,4.189122665560827,1.9896192362160658,4.311354060912761,2.49379220890486,4.533991157316968,1.462318835947032,3.9787378980535704,1.4631417211422055,4.540429979146506,1.4610228885248842,4.162669381623896,2.185369402400452,4.120647049940278,1.6321065033168132,4.232386029167436,2.1827709954500083,4.898677805060129,3.3932062523271243,4.311747454972353,1.4652963098375806,4.93810180473829,3.1450067226555922,4.284142340287531,2.5499723204612255,4.271641123069683,1.9619394800524814,4.484086540935722,2.554827789920775,5.051126056861886,3.0347750048706326,4.342226004993941,1.979562497686168,5.0971596874077605,3.5368487597573877,4.476586161574882,2.47993036302669,4.4378587637056475,2.1046170907436514,4.524069683376047,2.6934329387390217,4.618169550289361,2.72875811419105,4.110284619589418,1.4668706483195344,4.729999603073069,2.546261825982584,4.122974528418002,2.375311704064472,4.0987079614751964,1.9291204190757627,4.2172721510228754,2.3788931385927756,4.48450278195797,1.4565046716701773,3.926690737160293,1.4603705222175745,4.571251405454091,1.5514497668403144,4.113714759854986,2.141762033482631,4.011137317549048,1.9616118415183543,4.245359808372268,2.222656488748835,4.901977560769058,3.43951349045552,4.337029677100573,1.4431429722892222,4.851175398243612,3.3130218568053738,4.273992374164162,2.3583162115825274,4.197875994347515,2.083193018396229,4.443814350073818,2.559197118239536,5.042963763824074,3.359741214957493,4.448296349242137,1.4835488480144048,4.996991664363095,3.5122609633515314,4.387805097033416,2.5860131035104734,4.423320595355696,1.967676716431829,4.5978324807216095,2.6937195842062374,4.6835637259420855,3.160317875447264,4.270832979865314,1.4583474787870296,4.717651811322761,3.1439383607193676,4.195358804711144,2.435517807915971,4.2280416889239865,2.0768279665748457,4.389470721125418,2.5015925264422747,4.6115777735239485,1.4721187063091952,4.053927023279887,1.6987115474898729,4.682044495820565,1.8544123434885222,4.191072968172959,2.342454384155245,4.020430564176199,1.895628596462157,4.239474871501708,2.6083912212229095,4.970578507240357,3.656620058820425,4.372582921497277,1.4598429649914497,4.856383475610163,3.5301725980495013,4.339218545286814,2.55091025782262,4.294764945057546,2.0246689436343432,4.463414602786467,2.6938588565803636,5.0741966923612605,3.4147018326911502,4.483131039477724,1.5381838207031842,5.065239402463456,3.7999633431627617,4.450138825428336,2.6750115390126936,4.394079949240156,2.3047726604692462,4.588586271218771,2.816015309615803,2.4511716314207024,1.4571712229148048,1.9955600631046861,1.433043028310048,2.68378994197811,1.4579863988953303,3.4000240303837748,1.5754509854433139,3.436961168174217,1.4603374050457514,3.2570224326505537,1.4586964569775924,1.4852090829088198,3.1931627468471824,1.5549381887495783,2.747684477730319,2.0025331930037003,2.986452810004872,3.3833785024875227,1.457305141590453,3.428434145636939,1.519604645590535,2.8977761055893243,2.088894608531813,3.8303393895385374,1.4487821758285249,2.4542483957952834,1.712321913410344,4.113716845222617,1.4610529034826467,3.8221907254216387,1.6939442700123006,3.8187420612446212,1.464200443215227,4.0231617874953995,1.452252711120197,4.526146982326589,3.854976042828879,2.3554868918875718,2.408702114775902,4.524831678121542,4.326068665736314,4.218765995739548,1.96940531368814,4.097173998738192,1.7489542221240184,4.280403589901233,2.4173044038997276,3.7118705250407236,1.4586130275362414,2.2586577560699013,1.7842218931744986,3.945238517577644,1.4839741866711422,4.006378961356539,2.2228532265838314,3.848354236372322,1.4666102507197891,3.979186399177552,2.4256355302276016,3.2498013669184442,1.466648445611071,2.019588357148475,1.6247715461185102,3.7814651355662714,1.4652406095721158,3.8120134933861123,1.9086551496350745,3.7057916809814144,1.9223101924474721,3.9755990992329147,1.5647176761009733,4.448381939917621,2.7742570757043534,2.3307117856795414,2.087658795788114,4.650017373265982,2.8189746619362466,4.077492694769456,2.22187238053575,4.015348789278735,1.8636221315985027,4.213873071519151,2.4144685555417857,4.902828368661439,2.011478541442763,2.4105457684963887,1.845385861931712,4.908250481352905,2.6029489437096895,4.281368974254091,2.567861683741052,4.227887509010177,1.6484501121130195,4.459712234879566,2.3988302525329606,4.337305869517638,2.2518626310820475,2.576177922635726,1.806187450769971,4.444017474178068,2.475746405156841,4.204587391158914,2.114458832925228,4.157579768345651,1.6177013948215428,4.107775206165614,2.271570761565199,3.7393493426920688,1.4575243716965516,2.2309547923998347,2.038452683710241,4.153227495359316,1.4942857653416306,4.141301199306207,2.1208167145802532,4.077994417577955,1.9613675871141858,4.242513662054188,2.097932884882196,4.802021684051803,3.3934536223216307,2.784912563001352,1.956200855526084,4.736297589420548,3.3423529038433424,4.2435594704248905,2.4919048092080156,4.225564665862396,1.9223332966182296,4.4478341779084065,2.429652892947698,5.102146882575674,3.5862337381251255,2.7016348595105284,1.8122818855844196,4.997415923578108,3.627965988032083,4.460569319110515,2.5204565456540284,4.396791359293775,1.8399628511894366,4.511595470376438,2.8367505881503874,3.841435787511666,1.4647607012982327,2.089381253242838,1.4587861833301248,4.22202140351671,1.6599796271130052,3.9252370706407915,2.010455560016655,3.8925771368772195,1.4793972129321769,4.17629691653298,1.9260351665081805,3.442766538516465,1.441884585504235,2.069297988438149,1.8283227451200808,3.9682000582366506,1.45522946689159,3.9087000070228797,2.06719241889861,3.787966971582318,1.4674013043062488,4.0532839563985545,2.033096871193413,4.500379469214292,2.6495854023192686,2.1861729707288333,1.5312665857443757,4.695928700685835,2.567770376039913,4.162032154318659,2.2077164953497443,4.071480067199347,1.602394303095499,4.316967576949616,2.27894233958338,4.903525479668818,1.9661497621798403,2.5676204685148694,1.822239831402276,5.0073787666041705,2.2272601102458984,4.383646903592032,2.3897997708027345,4.145920880596285,1.6910092351951176,4.496361628072343,2.515240881229778,4.439547362899497,1.6120676837940549,4.204670551689002,1.4841469591146699,4.296792772723275,1.4981926259865217,4.27964241968672,2.015653662245944,4.2738265917664355,2.0928958371044404,4.114090226605401,1.8096196247763991,4.56845848954297,3.538916585349086,4.430660248559428,2.6564539263394953,4.586552107370698,3.3126791582808406,4.299334559881462,2.3008272875929694,4.323453720432657,2.3369801305868667,4.304718237420934,2.447282132431144,4.81227717590105,3.028581659552225,4.677545325903772,1.842675649842851,4.793087898083354,2.614809477942688,4.227593614942702,2.2886720425349028,4.410680025490248,2.3142077685045055,4.372917571495842,2.3263456270536964,5.16588639776965,4.661292191399296,4.830773832085759,2.9546051182439683,5.059752007607985,4.376878525288673,4.446233684919455,2.6232790690152354,4.39636359526294,2.600553060485669,4.548035076208864,2.9186820448248905,1.8827783414880674,1.62325099191485,1.6990126172928115,1.4413408560749277,2.2959461570069224,1.4204412194701879,3.28714661638634,1.4481727546588028,3.420627891007571,1.4552952902864593,2.998068797476403,1.4947972036385182,1.4713099692037837,2.5459939716752316,1.5128312265593056,1.7137231819651013,1.5584840237167137,2.7513035704142044,3.212171509307098,1.4653925659979237,3.357766543778409,1.4447236356189268,2.8703515227005103,1.9287248905191179,3.662247310917588,1.4414566637545514,2.866279034733918,1.4220718768942184,4.084187034910082,1.4327372160705785,3.7352999950442074,1.4664547214195884,3.910142383605435,1.4609545503749088,3.865654794540567,1.465610821535258,4.336168138564325,1.4579620761109906,3.696910466990679,1.4413913279715562,4.077330603624849,1.4469359400910804,4.157654359491936,1.7171338764963733,4.17544838863824,1.7138082150191059,4.167874961555188,1.4606990118754215,1.878080137972318,1.6868863482255028,1.8297551625736803,1.4364232488755218,2.2685292735654916,1.4584906892752034,3.2795933338281777,1.4551651800253989,3.478174786237195,1.4565171218037616,3.1204723338789035,1.4862651288254607,1.4840486857809405,2.6865895961823427,1.4864975700503449,1.9995297376782044,1.5060928656399002,2.9383526231851693,3.250251693065052,1.4591296026910228,3.381496260527084,1.4557651049108797,2.8748908332232945,2.0098587033718602,3.700676068346404,1.4419231521843519,2.965579051833813,1.449025031530236,4.003920658129213,1.4437362362335113,3.7427149087977347,1.5264311375585642,3.9183925970950737,1.4566896984933368,3.892527803313548,1.4475366612656606,4.274610224095205,1.4644242559258216,3.6812405040947436,1.461149256314317,4.072610968413146,1.4646451375845648,4.120183875005933,1.7056210515372738,4.1878016167796455,1.6064161504587713,4.145744468790334,1.4799157493122712,2.2210938478178015,1.6450947804132559,2.13730658178169,1.456261340571647,2.6479499281255157,1.501767313833678,3.3936947723941198,1.4694425986808355,3.5678828440891546,1.452413047507545,3.2301945716309377,1.4734810576917976,1.7327198614983725,2.741464131503415,1.8398815893099598,1.9863800199824855,2.0661321464397457,2.521205955947883,3.3717258969636243,1.4925121515660735,3.4337309009374004,1.4704744923453152,3.17223492453887,1.8021415276279815,3.9726881547149366,1.4418161577689157,2.907342293818412,1.429878735732225,4.196172876121062,1.4413829037485015,3.7655329258262302,1.5705278320866642,3.877539120718963,1.5155218946251892,3.954718666519807,1.4792640107021866,4.5267449140298766,1.456662029791086,3.8199016167989948,1.4501372437045812,4.361009361209023,1.4532821480756726,4.197754888505594,1.821831895231143,4.269397899839056,1.7409237981991892,4.262094947723305,1.618290833386309
10_1,5.986427973619537,5.5678949780647695,5.943364997948836,4.506178980307351,5.895799141381793,4.78874743294899,5.810516976740589,5.26554816483705,5.715885374612596,4.909182794532175,5.7172975109084785,4.674073690883117,6.0125732418000055,4.984942677438681,5.918906643736273,4.844667668628942,5.7883770489349216,4.6410655159761935,5.732734003689236,5.388832283093185,5.728239903466123,5.317318060715122,5.719313664130202,4.764468065735201,6.126859891161623,5.699925609901694,6.086838772967502,4.700766947918911,5.960063798697021,5.088144041000899,5.8215227387054576,5.3974092913042275,5.756392077956318,5.289832033547382,5.7868986519503265,5.029361705139397,6.231308127092766,5.784189480974836,6.1735585904866666,4.987034963104044,6.121794045853466,5.182831616479402,5.797528560363645,5.461252643854646,5.831194717635457,5.34412777055444,5.832553164449495,5.305471771511091,6.091942558401777,5.717457867214134,6.134158898069927,4.637002728156127,5.923955408549248,5.264108327936286,5.8405278542514125,5.448259873934092,5.777256638176656,5.244345655156629,5.78338297553896,5.182898148992252,6.123413196910392,5.61417915587414,6.076178583997099,4.679166607610953,5.919732702020901,5.056869299431308,5.789693542352081,5.3585810877862565,5.764948876052683,5.397752213508204,5.839536036434163,5.196216972997002,6.2101296153287215,5.782819047826748,6.070078496799499,4.89297853714512,6.027181830416855,5.444382186093929,5.750512075884438,5.521152236576194,5.794961838279949,5.432171942067272,5.839055099233614,5.29578708847449,6.2743817804445365,6.002888371687887,6.149301462680484,4.642849458551529,6.145751779412033,5.492875860836816,5.827637038325416,5.44603068008861,5.741694406065953,5.482342504219357,5.818530319248351,5.527056459809944,6.064322784277751,5.569544953546583,5.941517481551884,4.940308725951324,5.898765769976032,5.131849551242431,5.733875941846754,5.376677572639515,5.803336526053263,5.426831674972711,5.711840446497182,5.21651361460215,6.099730422032318,5.676838255519933,6.014642178663067,4.790073552103048,5.848585513699812,4.918612448322618,5.763105962678359,5.4899533943862835,5.761551577561193,5.31439272803874,5.729785662758395,5.006651656175002,6.121832508368517,5.7156485890222894,6.07968357941297,4.761154696179419,5.946102512377397,5.426532380312062,5.817286434078118,5.414634875341151,5.705802728892298,5.373121991463441,5.858925014321475,5.431349150261008,6.229260315933278,5.945039246507732,6.123666558313893,4.89230850620481,6.077969686126221,5.373408590546473,5.857228916454831,5.4803950181491174,5.877647310221206,5.513205210004423,5.8510859482345765,5.509415349663027,6.121240629626188,5.772775852283272,6.094967161592338,4.667545602640855,6.021603595016079,5.369804581196601,5.823386459834998,5.476360991465141,5.813604952387452,5.394050969809692,5.772182633307666,5.160518894655983,6.138145333143812,5.74250995420803,6.114607518408871,4.851126301376947,6.011727851117067,5.118790783474441,5.7725615387244975,5.476810707302142,5.744618887476357,5.2789845584806905,5.795933730669467,5.254761609917634,6.168086384544908,5.933967184131652,6.18599819285775,4.720047152484557,6.0741733261011195,5.52058761759202,5.8207360081528075,5.499800753343975,5.864996657827494,5.433328523582423,5.806076185298504,5.449511575011739,6.252907573387472,6.0717753651198825,6.228227987360469,4.9958541619613515,6.136533474432889,5.674449895782983,5.820240989889991,5.538763208780564,5.817808361938144,5.3913350725562825,5.917078874259826,5.6299359678074,5.354590179416352,4.770749250717406,5.012980339384947,4.794557166297023,5.131300855920156,4.49665918642408,5.66905090858673,5.1560545035116885,5.703609396777738,4.641354279517647,5.3501711542744355,4.317735035336196,5.1182466197550704,5.072762782149304,4.830211161125936,4.93786410049615,4.8099441203229265,5.33262144195488,5.585175227355087,5.147324868503758,5.589462845130964,4.716278134582078,5.281480319149074,4.584433681666932,5.736507671574462,5.055587937214402,5.368479556309753,4.431530902004857,5.5335172613131505,4.702069159269597,5.654507668576862,5.3323035722980405,5.661852924557773,4.704613408902541,5.61067246311651,4.652826270639569,6.008771947339486,5.586882994283506,5.665103505298778,4.77482625589229,5.796576586412877,5.674823935679305,5.799531564383642,5.42273443680785,5.733029589279827,5.360758380280334,5.836402529981076,5.314127579509357,5.637227119813149,5.2375422843038235,5.47649742782689,4.625006797807727,5.5055959022056635,4.944377957212336,5.621202243117734,5.368829792842014,5.700095492878743,5.1274803335562575,5.576792329020283,4.821599565036112,5.646638325910509,5.065491226057376,5.363686794751745,4.754823287485391,5.483375726632988,4.721188338978929,5.655230128374765,5.31125044826451,5.63072579412257,5.057046637433461,5.530586018058039,4.844265919862911,5.826895500012306,5.458251449226064,5.555015362436043,4.630217270524375,5.73954433320431,5.20010630886484,5.736410224874434,5.423937741998538,5.693072417557274,4.708360507183703,5.658912047239366,5.099925768918328,5.991737010414202,5.373658169285253,5.817871298900217,4.796117440784381,5.979311099827188,5.1895603152224865,5.816862911415807,5.509483481858404,5.682897836203937,5.223039522152142,5.8102948899692795,5.301945966980561,5.588080627855036,5.283489558056522,5.5284033768540635,5.155227909620952,5.490859752491136,5.199839253868845,5.7251948535212875,5.341512446385068,5.76411755010539,4.941202180444242,5.602985842170296,4.990953141414619,5.640823897681859,5.183629885911991,5.409956500748814,4.850457842967503,5.475880964289718,4.870399014505295,5.6742057936566095,5.434633797498732,5.694281162094718,5.099698258684676,5.5946867120600094,5.053421354677791,5.731419726229204,5.383593583952714,5.506464363848844,4.69746881095143,5.727585712957684,5.375429311601082,5.736896834099092,5.486451477780142,5.737526505955911,4.880941443191073,5.781898106033927,5.205199752977889,6.059920512170153,5.562977676199019,5.876578010580586,4.853436108545053,5.937441377951194,5.3981837002901925,5.7677232160513565,5.487367382576284,5.827417397538733,5.345126862449886,5.8338009937981665,5.461261575196949,5.758855925192887,5.346060285122125,5.450807660706323,4.477341607562709,5.620247622920289,4.908047663608266,5.670853204046234,5.222984750868792,5.700312978512774,4.794862643944035,5.594665145683828,4.795379782510209,5.7414551614288865,5.038027967423664,5.328736388049592,4.843696179402173,5.617382229008077,4.465073716491661,5.6393437219544555,5.365912757103441,5.683747567514599,4.785942678424154,5.601499542336922,4.713093574028881,5.9706689299167435,5.501257393384734,5.55762108705409,4.45887039613899,5.86897288596407,5.098769067877463,5.7545871981961865,5.3700059044191715,5.731085662506283,5.241795373398554,5.754036312825036,5.255355202272386,6.155409442331087,5.552632334398446,5.70509346490899,4.73648152573257,6.008416769154955,5.29207242358676,5.763658623598186,5.445077472886338,5.81305634087052,5.1993425227590535,5.8524452558606965,5.258707789263483,5.7995025630565085,5.301706898115981,5.720481142444529,4.3885913106730055,5.707990233312156,4.786263649921026,5.676544345669783,5.223796342839503,5.699181414278499,4.969346821724206,5.755037415318116,4.933513712132176,5.849232503882484,5.566606797244561,5.776999988581547,4.901048700640638,5.793360069668207,5.463283982396538,5.814831759326234,5.2758179803995295,5.823087477867984,5.200002847641941,5.792693685854573,5.256961098501667,5.955899038776764,5.559021737897339,5.822286715175472,4.51775602237871,5.884782262430401,5.3370464110935,5.766803940019127,5.329752691667773,5.76183474505104,5.109921551809238,5.822242496680419,5.228806656978239,6.172344223637606,5.962509826774362,6.020866639397156,5.071710062945878,6.051312778248445,5.7823193096924435,5.851514260328411,5.522042184365048,5.834528934081627,5.355510551587914,5.883011944324812,5.631801595136147,5.396547344768809,4.261228432437494,5.051445334974019,4.260583975672099,5.240390290631776,3.9743542033807855,5.536613610106613,5.037279101404983,5.679892952650301,4.200136508327843,5.332478439913561,4.386189195463396,5.245608008285654,5.043736019266447,4.979558356596855,4.4908230701395855,4.860402086820574,5.034524991151106,5.551730659116983,5.047916798633215,5.635235271130562,4.474707523758104,5.211122792458368,4.552942603721726,5.77333571533285,5.071988704916478,5.475098045225151,4.19548012563579,5.740597286932584,4.594612548759832,5.592990044240537,5.191920105891943,5.698626671800493,4.348437708857829,5.66009806625753,4.645354348965913,6.034007893460429,4.7604080059438525,5.869015767877682,4.239894443430686,5.892136239846314,4.29394226872161,5.7580991936734165,5.291211530244475,5.757870316332292,5.055157799767403,5.828505677201336,4.89180939918264,5.213448812299937,4.366648038732592,5.104015934441266,4.2257956151857305,5.065779602990396,4.267231602135923,5.543655114098693,5.038627371455278,5.496905405150548,4.236608984828058,5.2669774054539555,4.1707345515987635,4.978960443258629,5.1333646459921365,4.866764367134876,4.576123146144136,4.679856770252069,5.339359766211109,5.576531613016738,4.9667213919557245,5.58415170629296,4.555448215640934,5.255375307161546,4.450037814132756,5.7089458184774,5.048522808910621,5.438960507662586,4.118209995257737,5.586694962872115,4.4640066060540216,5.641643672963044,5.172112340819836,5.6449112584854415,4.459091942137167,5.602450149824568,4.497879760419504,5.950269609862626,4.611464755533741,5.730751525929511,4.295041925646627,5.762691368806209,4.343976423497557,5.78632296179424,5.375031219132369,5.7445702161459264,4.980301836245062,5.822143664101969,4.792446019353669,5.5187992718841175,4.592110189244833,5.251273222785374,4.332445067400615,5.43974250797028,4.106158562334766,5.663243954491663,5.080381855600599,5.590730680051509,4.462442958446337,5.527031917592727,4.3960397900665855,5.473589134144031,4.947898305713653,5.299884250512966,4.829160977892526,5.339473622516656,5.212735090177924,5.689251537618392,5.1617832475151175,5.633811558433878,4.794946802860813,5.549035863525542,4.609102442077213,5.909814019904292,5.320806669958478,5.6171133816363294,4.3246852099379485,5.852840375614598,4.808490274799842,5.66990319072314,5.187053709106108,5.674309646738518,4.61401980857054,5.64894857278403,4.777023309620289,6.094910840293322,5.234539750690062,5.890806114279345,4.382364039617452,5.905625925367065,4.622711482900787,5.7781177441319915,5.329684083946029,5.855208066362227,5.010306276485793,5.816528458090533,5.0220967809715535
11_1,2.483350096445536,2.4736951617491516,2.4806283733248295,2.4442974250329055,2.4910993598650264,2.4041346413290405,2.381808423932256,2.4301320094032284,2.3394037125719294,2.348571153617788,2.3729415648134307,2.244969578312928,2.444439657286078,2.445617259182465,2.4145189962878617,2.374743466925437,2.4303164776592556,2.245776761265465,2.3639934236039384,2.4145069293316785,2.402637577755078,2.3294900742289024,2.3796216803807395,2.170809286764772,2.5616199302898144,2.498837914848943,2.5342457868116637,2.508060957559596,2.517466967626782,2.5156796029071864,2.3903036336986796,2.4160661579970424,2.392602030242549,2.3979709455740243,2.4315553443165316,2.3089370427723077,2.564480467749325,2.573650045789573,2.552061706537764,2.5347889828949155,2.576414832325517,2.5636304725636756,2.3860658219490762,2.4536374047285703,2.410957942491008,2.4701059762677358,2.4669466401583344,2.4681767835414012,2.5500890301562307,2.5420354483456604,2.555342995059357,2.545928484726568,2.541381859774398,2.551641286611161,2.41595532448743,2.4730890055484362,2.3577492776921476,2.403331665716603,2.423395998296255,2.342388420391808,2.536603590195874,2.519556136254497,2.486638698128625,2.470712374642771,2.545876656901754,2.405215564473927,2.378913515993124,2.385649073320381,2.366434330263829,2.423326978694044,2.390370460342307,2.4174845145707784,2.58389330066371,2.555492338055054,2.5409014519233404,2.5275010318471067,2.5612153353793974,2.5734987275690853,2.411005552497662,2.4464898383233242,2.3980897143908297,2.426888462774505,2.4373898258072617,2.4704407629553065,2.565023342203716,2.5844087242446383,2.5533666216462496,2.5736459600485864,2.5657186506184972,2.543261643408237,2.412858823184379,2.4279037698744426,2.392519834723201,2.473880569339449,2.424281027534709,2.509408783538333,2.4611250965447216,2.5870335130878934,2.485029829975595,2.542130146276856,2.499389508680589,2.59171239910418,2.361789885749114,2.3973961206549292,2.349512482489576,2.396871829717322,2.3939270562593404,2.4071636221505206,2.5254588742474615,2.463738148901159,2.5220494160650837,2.488647509486116,2.51015551161275,2.440025478422093,2.373203329631522,2.44786865258511,2.361797987401198,2.4002761571534506,2.425796910521195,2.3399135933252575,2.569339590642234,2.5694387481306045,2.5726219242860613,2.556930017843063,2.5668352440943134,2.5569624061036897,2.3483821836633587,2.4050018695718824,2.4158912323421946,2.43771639203776,2.381748451610037,2.419746415763372,2.625195568523462,2.5847556181949445,2.5859781436769893,2.649286154411937,2.523651931711331,2.5558483936652228,2.465751228921128,2.4355015844645203,2.419789076035806,2.4808533913157027,2.4376758363566733,2.458032956836321,2.5447702577131053,2.5139068842002117,2.530736474178378,2.562457266752884,2.516154086704027,2.5274482771638698,2.4144501556960614,2.3815981709169938,2.35491977917004,2.3708905966912748,2.3887142869206883,2.4155484759711805,2.53839755243184,2.5143634001658532,2.5436818617527917,2.5365986839930255,2.5298230296916646,2.4670477492801446,2.310809829537689,2.374226916600726,2.404058312355012,2.403812058639235,2.4028972825282793,2.3947426730037185,2.5567903356497084,2.597259410257523,2.5143338117377914,2.5659070666205763,2.4996671005797304,2.509878558474622,2.4115085459840766,2.448622395424312,2.3647337078214123,2.471261676410011,2.4369634233549555,2.4066503395040524,2.570204663444725,2.6032735520651116,2.5986647921076513,2.6287747473233836,2.5951416401255423,2.589294397765486,2.4294020746818443,2.4511267363364957,2.395094145050885,2.455453836473244,2.4129378880199344,2.412863942708353,2.420075947732829,2.505749725805016,2.4448323141603567,2.4997225738004545,2.3080909458218466,2.3901211961657594,2.315159328798857,2.4382916778325554,2.3335919342756446,2.416013920590098,2.2548338375374892,2.1838629753579633,2.351913537593359,2.376565973079614,2.364698065651295,2.404216292918379,2.2632207001197786,2.1999824021430108,2.347565442036138,2.4053756853871597,2.2670023549934495,2.379780039537481,2.2251783407385077,2.2238739127916256,2.506606176668935,2.5470790318391145,2.4927510576332486,2.5322224467511902,2.3829456700746836,2.413078534088677,2.3346547184700555,2.46571439910781,2.3542878667115663,2.3720089272547193,2.41130164907523,2.2464444080641073,2.543686362374052,2.6053581958225944,2.4836137131712968,2.4846820899139868,2.507833758782515,2.615125952762757,2.3868496475391914,2.4233777684300164,2.3589913260703357,2.4196594002778875,2.3715407205149996,2.459876322789785,2.543233492885311,2.591215376724849,2.48459788679703,2.5223737708224516,2.4855051605939664,2.5259346251143735,2.4223833698943458,2.3680310308040418,2.3996794322105472,2.4463153505564237,2.386683624943447,2.3726259812518116,2.4202783412352895,2.4386010954508213,2.4395896064562153,2.4743088970744775,2.4061379755864585,2.4177256373014075,2.3426117613869737,2.4358118800507857,2.403452529837215,2.4331283934752075,2.3375923447238782,2.3227410519764384,2.5441868807244417,2.621654475528187,2.5553134800887465,2.5585008722550047,2.5264592094960174,2.5514402239040566,2.415268947797696,2.4420362904014308,2.3989648461089783,2.4537296435977627,2.3933092151146766,2.3798281794818106,2.5835320980996923,2.617063851963467,2.5704399060577483,2.5944038624057657,2.616454495234062,2.5735619827838154,2.409107445212271,2.4687918875713146,2.398325613686396,2.39873239678588,2.419274120537687,2.4357319363882444,2.5518992423217983,2.5273147766154094,2.520113320087839,2.565912264932365,2.517250532929482,2.527434744163486,2.3762056930173197,2.4502299720915413,2.386056961182169,2.3640723412154294,2.338639289141331,2.356942926856329,2.507379582033605,2.602102792655685,2.4601804252609867,2.563841712130238,2.4873387676559466,2.3792080303951333,2.379266824062039,2.4361167146398546,2.367427798866256,2.4795758762803555,2.3848983666423824,2.348321722842947,2.6051637179732774,2.5692322448439744,2.568410504632393,2.5012462488268015,2.4608360871912,2.5565372458420605,2.3501368136192844,2.4428865599615524,2.3596260712492243,2.465988279392878,2.3963227303825474,2.44513118426092,2.5625733467137373,2.612561303137838,2.590324574326272,2.6220738471040517,2.5971499488071768,2.5960289553059686,2.382217786921513,2.4352262494954333,2.390181970647015,2.511296673742316,2.4391169816719485,2.4750123644402686,2.4846111259723482,2.5265811635223017,2.51653401871497,2.567954576942703,2.4414842471495226,2.501697661791063,2.381806438183322,2.3921059119968655,2.3836211223440285,2.4030615464939324,2.3672014990275168,2.339937281021568,2.4252183870670576,2.435910846478913,2.438092056184015,2.3444565387599403,2.462509420989786,2.3522939404827374,2.330201136771733,2.4404417088693107,2.394430764898197,2.3735934360979853,2.359423311134794,2.2273707433004426,2.5097026311840587,2.5147648534380784,2.5518727221995032,2.48415993821716,2.5007719427650263,2.5004278596433234,2.3888164754489565,2.4062531932135647,2.3795987178999956,2.417232689888452,2.3859013640101403,2.4279469674887677,2.6018599700248743,2.5783132530469586,2.5208082498798783,2.5152608717507388,2.521682234338749,2.4709384702725723,2.386733378211738,2.4300087347722856,2.410303263542164,2.448165859145517,2.421907173697079,2.4153748232279217,2.474150958718791,2.400772780341632,2.442368283575584,2.2346662881654686,2.449987092585094,2.271025250993998,2.334846220740328,2.404016262398622,2.3460887454394865,2.3841676286204785,2.3555078813643333,2.281532641870293,2.494384860157061,2.4804530441998147,2.4273501841589233,2.431400728249789,2.4374972388838794,2.4432185017234342,2.3456098608330826,2.4003331260984297,2.336937198271201,2.410430174268631,2.3737480577195043,2.399269051838279,2.543684484140268,2.5000073396599785,2.5036626899875185,2.4622149980233625,2.4595182150667605,2.430658382828708,2.386404016569912,2.416160687421666,2.3429291119748954,2.4020175767011964,2.384110198209877,2.4034359187041106,2.6026527111601236,2.622105953052413,2.540086230227689,2.561652307855615,2.5100978128543123,2.6278159455338947,2.3832323083336617,2.4710507925236596,2.377145482243905,2.4877634196100837,2.416110631891723,2.4612158161249793,2.292408735758678,2.35799789374686,2.264038814982652,2.051834373912918,2.31492525614379,2.116328322015724,2.321472658678192,2.309303569112746,2.309273409095397,2.211822473305748,2.2626677975450993,2.039332603804906,2.244687500022968,2.2244919645338865,2.216404227783906,2.076675252442034,2.178905198314138,2.116283857020174,2.278172570149372,2.3562474371963056,2.311336224178461,2.0319691731542635,2.20518815056201,2.097896361956609,2.4460952692587337,2.403651985743895,2.384434316874719,2.1326502728765346,2.4389143183562347,2.250827405905811,2.3442500540504705,2.390139595424104,2.3520762227971153,2.364959898624818,2.351970467274269,2.2123353417503555,2.533190149882502,2.4999152940935203,2.514450421005553,2.2643783576507777,2.474915412490915,2.1751788422987053,2.3664686453753956,2.447482392429936,2.3821874967141516,2.4215395525209082,2.2725059146129616,2.099466163237273,2.308203596377847,2.312442374920016,2.3156975684206396,2.1891918466634643,2.270578792279697,2.1375411098142174,2.3135952425839093,2.4048997940661696,2.3261498711259656,2.0573730393574676,2.244282678408888,2.0305280863711612,2.250380281332463,2.2473965069612287,2.2659948578886646,2.041784144292139,2.1318750463041902,2.1125457036885225,2.2986532097486014,2.356868632742362,2.341592212659535,2.096454951765639,2.1998374427172838,2.1137889337632516,2.4429915641096067,2.4615099223293067,2.357561851169204,2.146023850743128,2.4076739250764434,2.4083948625921794,2.3689502753210396,2.437882563013031,2.3688993959507774,2.2983799728995633,2.355106946791365,2.158705660990164,2.531128515562356,2.4965343046996735,2.5014485630581555,2.18505367245845,2.490264645667224,2.1216504752033836,2.401741142766324,2.4697552475451343,2.388479933817431,2.3740535466450163,2.3153266766517113,2.1138360092356963,2.2932403526718317,2.296754748049705,2.2928061920002265,2.071117265649709,2.3188810231973687,2.143889068655443,2.3389348844333853,2.3572684981570693,2.337004945650084,2.3167815226689243,2.315298365343882,2.0774317567427105,2.316575112049155,2.2447736796549704,2.3104798270611573,2.1782758638415856,2.2303390600668624,2.0695254745461957,2.3278618236495108,2.32508084114285,2.302094035015119,2.327283497156405,2.2619415231611737,2.0447113740358143,2.402004674435112,2.413840975042209,2.4214813414187852,2.070139522019156,2.4474703589368083,2.27821394216658,2.3172966622650164,2.410377518754335,2.339319964322092,2.310339127153882,2.3571239143386054,2.1786698776462448,2.5533961761626482,2.472143299545672,2.4521903233742606,2.21846263132324,2.5539056225293177,2.262656791853086,2.3839460363059373,2.385642253330638,2.381622931006197,2.400233244100057,2.3349969031634807,2.1283233655336997
12_1,7.267880791531002,1.3003926725907595,7.107674131215521,1.1049455160908856,7.368195805402947,1.1961440037904092,7.479162967025632,3.6147997427603364,7.454892019012405,2.8355114983255345,7.493472014437141,1.8199509796257762,6.971582195924532,6.243129884564399,6.837613705676599,4.59566434338004,7.220856968559333,5.633626269337464,7.497671156432526,2.9892250949603882,7.53389081824712,2.353047895291436,7.51833509883907,1.2706559135748259,7.674657242833488,3.6771710579833052,7.505114128894186,1.0216917244241506,7.821601082474284,3.526778829141288,7.625768693472011,4.48624584924075,7.620802380067323,3.7659111040628632,7.682721944654681,3.8004071900816103,8.106319872463807,7.104682255188817,7.834138705298791,3.7474774614253343,8.145231690282783,6.806847678903176,7.836160027093396,5.210683381550213,7.7809153318658995,4.398956775907324,7.878282455437315,4.756097364607209,7.729348095048192,5.7965462533456344,7.480956020392433,0.39420307374768127,7.793776065854042,5.595857709335875,7.636121794755445,4.9413704090283375,7.670591473855057,4.133837102984168,7.696340538237687,4.888744062993734,7.663147465722056,1.64463931411361,7.371083013578372,1.4374385290782081,7.769653525367855,3.1035084100196397,7.624465164570389,4.734802224235375,7.630773783436733,4.138587062155093,7.65562057046295,4.425241314376775,7.919522803823774,6.538366780136633,7.669711890137459,1.0400081906584817,7.923677620110958,6.434018733540337,7.703052920362688,5.393415783922484,7.7347500307797805,4.398863519355102,7.795548532256678,5.427628923198074,8.174700471272681,6.5371247269560175,7.878813246675209,1.368598365781075,8.176344907734773,6.655373750209869,7.865419453280459,5.612321690962804,7.85845317931832,5.135447731381128,7.9460040057808055,5.88238833195357,7.671188533343523,6.1347316091395685,7.4499228437441865,5.1845710115786385,7.7567364361603,5.779635270100502,7.581128717405699,4.797374118024144,7.644834912958199,3.765025291736839,7.6815605994023155,4.911812805062355,7.626195460402547,2.4771924898673516,7.38272703287744,0.9537077235888477,7.764469440819618,3.180032565196208,7.543449098917774,4.816267113401162,7.60418451136479,4.261259595202045,7.665013288427165,4.610934208191645,7.848051138277332,6.412282154421211,7.631864188194745,5.370518047725392,7.930880074761044,6.316861716370133,7.7264331292044455,5.342809400051542,7.735766739009244,4.960988360441191,7.78929951740855,5.306245046099212,8.109733246667295,6.794530131453222,7.900944189642354,1.6926911559874696,8.14939678164483,6.881569397727609,7.807605899011107,5.575284778349787,7.773984988521102,4.809664456154615,7.941515147098565,6.097499981045466,7.787145669580288,6.2181816693935215,7.516370541323288,1.16184174318246,7.871539164624714,6.2552775981297,7.587823803215264,5.068934993156322,7.699860923437655,4.174916131805306,7.776843676144681,5.045219663484996,7.794569486034284,3.1598613654740153,7.514065939116808,3.9433769344253786,7.870109615875867,4.325824898290483,7.6910516584638104,5.097564523535206,7.705955928021821,4.118178779677482,7.685912272828877,4.892248569982995,7.935002178530592,6.655318256227284,7.725224059691025,1.0215341080976144,8.037061577641214,6.5892310981611075,7.797405401124665,5.551453041448073,7.76929529166889,4.767203736999021,7.8483283067270895,5.558947468554186,8.17002099329672,6.691011325000594,7.90911030109694,2.6580442481674464,8.21977952872557,6.886924970660173,7.837049652173755,5.772526030693985,7.857610673730757,4.6302595356090865,7.936171959760102,5.891355384111092,5.84075684236914,7.149156948555402,4.7827407444866665,6.930131544492656,6.31228784331339,6.09125845205084,7.115771430646295,1.5066675371218485,7.13076384719069,1.233192991585776,6.874175356567376,0.7645565784433107,3.312337520021913,7.382993307058816,3.4152543841114325,6.934579306298904,3.9610108407633344,7.207822802406573,7.100970857874623,1.1957515395408713,7.133846000069893,1.7879194133561909,6.64836555608136,3.8326287542884714,7.101049940533913,2.337630162822846,5.553748423398758,3.434032897029002,7.395968899061375,3.4962882184539503,7.435563006515197,2.9903931234253336,7.35463464851777,1.2398479218526668,7.445276322121664,2.1168854245715845,7.807601479809412,7.7059447317318694,6.106233466408536,6.02506093892243,7.820474069986825,7.774851842084354,7.676217940357351,5.182750781301082,7.601107998227661,2.7318045828208977,7.81916517460951,6.344570106883382,7.060078170919245,6.449907605804105,5.715132954894281,6.980899032774075,7.367246012312823,7.053760438388521,7.413940584642193,3.9828612768253677,7.348843565046766,1.4292758100935548,7.439751315735869,3.4437463059325273,6.470923061553583,1.8866389594351134,4.411438331707855,2.4916606729945645,7.100915467060596,1.9884909229692287,7.398709305129774,4.559888186431249,7.416515683185181,2.047370681741663,7.43279175675371,3.2497034912424154,7.701314154492483,6.478418365679246,6.176389414159548,7.026218602585522,7.803961606952934,6.823484111728284,7.597920274878713,4.789061787092801,7.5394176075371115,2.526037954924047,7.593180986279317,5.019155228623662,7.944464111370379,6.144279224177665,6.1026347690941165,3.4948872390190955,8.037631418942045,7.166920083728732,7.76610090725431,5.369205323851555,7.740536724599552,3.6458195028223246,7.796831424953133,5.456968455373526,7.5648755179274625,7.411323407404682,6.611448211609311,7.560554760368171,7.64016424520469,7.4317823749525145,7.565985344889953,4.689997947415499,7.547742387820951,3.1248989099507805,7.653567796434123,4.548546317543629,7.203137954225654,5.972124940982704,5.800245461833499,6.343600170200648,7.526412707789701,6.967824858576069,7.566450772796599,4.740811479162899,7.545559722248034,2.767846754963453,7.638020569433783,4.607008201442597,7.848274766167241,6.90293752830437,6.643767929802689,7.216504837580206,7.952971491943915,7.069510557418407,7.657270504151345,5.147846002268983,7.682834822050598,3.2822501320510216,7.715149737218936,5.34789507939856,8.098615241106224,7.3962279492048,6.8295433525177405,6.701235399003622,8.112616982929465,7.366699085378314,7.820203286969083,5.61498403385232,7.820885159203018,3.3452298230138573,7.883644113318947,5.906708264719905,7.167689299280294,4.198647823114737,5.45849554199057,2.48759542558763,7.361676108529516,5.097504451850271,7.479878388077862,4.331769147437806,7.377649789887514,1.723479339782749,7.501740218888097,3.7332268004092883,6.722896729011591,0.7222547347820351,4.612410313240142,3.140321856216124,7.3044874189950795,1.5214769291104921,7.416711778053118,4.479771742762158,7.389111191485064,1.7846331798620454,7.48009956890026,3.4599145717478015,7.6723135311798005,5.803920147358217,6.124184140535257,2.694080623241906,7.780175335699443,5.847980065696151,7.580116466553721,5.082494393955828,7.595793512387385,1.334881720074793,7.635909342167676,5.007999016051451,8.037539436390379,5.613625489343077,6.2870102156323995,3.2252468195160557,8.048502670087384,5.252791721851936,7.763961626511395,5.249485118957735,7.724121329823055,3.4649768742492784,7.863298413895284,5.481020147126332,7.7475544392232925,3.994862513378197,7.742846769790451,3.401912318433167,7.8062135208201955,3.8346720570459323,7.847429869474125,5.229660702751813,7.884257377042795,5.477514086598928,7.789098789109358,4.845234746708488,7.89584108717198,6.762527999288498,7.881485282359431,6.086735695823042,7.8849829276951064,6.853271705871918,7.886101415639826,5.865636120380656,7.904257954078848,6.011130584402378,7.913480214571199,6.0180234966066015,7.972754980303527,6.420680809867461,7.937246220567515,4.900713698075011,8.028066087390885,6.159383156612585,7.884231647368036,5.369259416163653,7.835195704537706,5.696536421010315,7.880453225566212,5.454924921193115,8.236497535959186,7.863756396673911,8.143153048009939,6.542187353921175,8.23880040666128,7.754824030099093,7.924241891239108,6.208902527909733,7.975646097583578,6.157082613106487,7.977217232122541,6.396553135631842,5.146125151880947,1.261529670763679,5.129964910129908,0.7077805009670484,5.761604244438769,0.5077631225422412,7.228584246722786,1.5672098594369681,7.305187577516109,1.1375198543878224,6.89680256392645,1.8338339766634502,3.8309237884469396,7.264616009723779,4.30441466790326,2.6170926777313124,4.535781874946935,7.464793131050592,7.231873622335323,2.2504473917717367,7.306766591047542,1.249508196438473,6.8200170844710435,5.108052959420384,7.026596126533152,-0.15219212022808795,6.572414870081687,1.0609651883800288,7.345651174987977,0.3468022125241106,7.46156241947823,3.5161690867308426,7.561716069067232,2.7075875349452017,7.496541791322631,2.247507058406179,7.75284172747543,0.9740715091138339,7.474577729728654,1.0570206595813245,7.670218775290811,1.3941426746237309,7.747642727311677,4.52883211307221,7.781298186039373,4.0194495092507525,7.738789495568454,3.2485634144044044,5.064024438473998,1.3628901890336562,5.084320736535194,1.2403756348667136,5.660532679840292,0.6020898150268825,7.186579760163931,1.3537570696541603,7.274030445869988,0.9738774644825783,6.8468276422266054,2.5653669016955254,3.56736491191692,7.384096923761488,4.0571019205125625,3.1768617196448212,4.243473266291454,7.478116901597704,7.166933874810926,1.6293733612526249,7.267049465872525,1.3980512935187004,6.623286165755849,5.480135534437493,7.0501970095058635,1.1523393885539082,6.562703521352624,0.6204576043849268,7.3123694686834,0.6466544912271106,7.512466841187982,3.4360018017008382,7.502442675124728,2.703775410043716,7.513083059852931,2.169782633832749,7.74774494249132,0.7335343912470043,7.463784294536136,1.4453198482493292,7.62476743316419,1.2010499812627808,7.724163595934604,4.657685162744452,7.811887201305061,4.415774787234902,7.7166532128126475,3.375235520610942,5.673271698034184,1.8266247474011097,5.6053451588510494,0.8313172439145543,6.3012510748168955,1.3417446562821689,7.359001190897307,2.3814170097365808,7.417779913482443,1.673001088510615,7.142672537070837,2.874690216475178,5.58708207865902,7.402701604161275,5.8600041794260225,5.16616403322566,5.848900520673824,7.277488985477305,7.423963069236041,3.946189440180763,7.471164615200365,1.8737130779844722,7.220696481059825,5.511249395092489,7.234116354875839,0.8112943419109029,6.788413041217195,0.6046333027623169,7.461940418503428,0.880946415598022,7.556222263238524,3.774513739357315,7.635978604371824,2.6562664523456108,7.5921663456252055,2.6893631192796597,7.896762660617798,1.5152215597765126,7.643433253808886,2.4454571520706705,7.89412652150713,2.073488278690163,7.820161519515096,4.731078361377532,7.861483198311133,4.475676099400127,7.858186289015621,3.8806478713523713
13_1,2.8653469253997885,1.3936948180108335,2.832346462315703,1.60468340105037,2.8860750331978138,0.9186009592904003,2.9521795897077108,1.4126761033908575,2.9467882714442077,1.298300190120322,2.9469472273032893,1.1276105179771745,2.7636825576137674,2.294404346476322,2.7750440604275872,2.296763082538361,2.8221270422441505,2.1262027660881127,2.9538922632721674,1.2744375008443478,2.946782637038115,1.3243389962851273,2.9670097107775497,1.3752153128927846,3.006284754635544,1.7483732329733372,2.941902393702401,1.5430358711045022,3.0581976211976705,1.4794805535878905,3.0236686554158823,1.7103373878925592,3.0242963743076676,1.626525492832003,3.0478409383684433,1.688352194703936,3.1935180527146247,2.7899978589926757,3.0722120421435464,1.673296761991564,3.228074254324251,2.614825042571788,3.0732710943614143,2.074649939226329,3.094340284176331,1.88702127685872,3.137953937387384,2.304715630305767,3.01656735286947,2.411177375558034,2.9226886251990867,1.9462251097909948,3.03544552892593,2.3557498698339985,2.9910336813205647,2.1383272237930084,3.0343901563871176,1.8825145791269968,3.0198710873699914,2.0640118594717047,3.0111857301269827,1.2472257785689675,2.9108421265402433,0.8494388920081696,3.03461583866266,1.371601284306025,3.0083308534125157,2.108595666659982,3.0208112108949092,1.8943382964095934,3.039025736548792,1.9532560394689287,3.0813008273016544,2.6780841312654,3.0197986385270257,2.2113062167968978,3.1361386208395547,2.5791886868884806,3.0537603595480878,2.2696884655890193,3.0624487648607968,2.018440917572197,3.09217830570116,2.282075383800102,3.188007077678601,2.611983275379013,3.070868436414532,1.3952045459501679,3.215681787625606,2.711577850008239,3.0928827588667924,2.3966444053659677,3.104522876705118,2.0765050991843834,3.1343081630907914,2.450601297619833,3.00903301933115,2.528940701043356,2.9156386680217876,2.3750698518846884,3.0272773217665403,2.3285970111555168,3.0154878571856774,2.192159759764364,3.0150313342024018,1.945393763620528,3.0317893738123827,2.0821104684091116,2.9978258590791316,1.2228590495718503,2.9150492623517374,1.223938426003457,3.0211539803902734,1.4284041656875928,3.007551944432078,2.068898552196347,3.024324812670713,1.824202996010514,3.042161586421724,1.9209122355025157,3.091357384386981,2.623105624426825,2.998030723525618,1.2154408511347947,3.103305349233722,2.507786236680695,3.051705522229646,2.256576080740235,3.04296432784506,1.9301785010016066,3.0716540904587215,2.246402314404302,3.2042520940691053,2.617060412848599,3.091563334295248,1.3819637816984012,3.2292215125417236,2.723219882342289,3.1086033226684133,2.3651144319789856,3.0861847997517255,2.045864105675104,3.1099524634641016,2.430352254736569,3.038909744772307,2.4719058255931476,2.9808482701529844,1.1350964001338477,3.081152815306982,2.4612295424351625,3.0312082856742477,2.2572696146979414,3.0261302429976045,1.9442291788688604,3.060710039656509,2.3112424316603772,3.069723153108562,1.6560673089920201,2.957965363844791,1.5582002158208386,3.093628299597488,1.8900209366635161,3.0189846863832996,2.1396667398737894,3.028948680365206,1.9834016471471085,3.050019372383117,2.0973256462695864,3.106058975086523,2.7062937818953365,3.0104411652366525,0.5614246031190382,3.1299914082774376,2.6485045465486667,3.064719865101074,2.374441377702182,3.038778342731041,2.0495834176467955,3.0956351086686262,2.384305130064259,3.239872791559491,2.659519001916483,3.1128364708193543,1.7394543150451467,3.238088785475156,2.692652481882634,3.109934043246394,2.4029282681456476,3.097008169749461,2.013175303036908,3.155964570359986,2.462316337189464,2.2690540700420807,2.849755680736642,2.273230824258845,2.70205780518071,2.4235840893512854,2.4767010473221722,2.820329607216166,1.2646680043992913,2.8198301355228392,0.9615911362520884,2.6964843953980306,0.8963421549832938,1.5695821574070299,2.9467359683526153,1.8601270588829708,2.713684614414968,1.7206775633782128,2.8731239713515935,2.7985162186198838,1.3935292575858433,2.813506044511262,1.4709533743705783,2.635882915037201,2.2332031295092634,2.7703876637867917,2.3861361142829955,2.1754153437834156,2.222342933743875,2.8595882869055607,2.484585763963722,2.928504889918159,1.4069847542368425,2.927780129419718,1.1075677551490357,2.9089430519096617,1.2128374783304419,3.0322420618275983,2.985331952789508,2.422896022211539,2.554197114626396,3.0686868273546684,3.0336163667204423,3.0510251076059856,2.06771600297816,3.0283277460926894,1.4651792342129877,3.0671663069951367,2.5880544344659437,2.7645393216171406,2.723827543593173,2.259255857565798,2.772084226331503,2.867128865673301,2.7295123769418783,2.9187431199172402,1.9631995524132577,2.948225200076434,1.3551438081020002,2.9097869869311754,1.8586233733540616,2.526675449056287,2.1440181038363475,1.8905512551944113,2.405397927800058,2.730310161949942,2.4847682125396027,2.957415080575473,2.0440326665266806,2.9094425038294585,1.5427014578380587,2.8830484118989625,1.5207923765180764,2.970710883455459,2.696044535386,2.3620330689036146,2.7116275291678558,3.0289858936942364,2.8058616385663355,2.970880163166099,2.1767777706328295,3.0006149065637824,1.3007528153816355,3.0265647839386167,2.0624161188852836,3.1092262096553465,2.712644550302384,2.435422010067025,2.6993418502811335,3.127088517066411,2.782838330666143,3.0723171432107814,2.273327270491317,3.058888014419695,1.620078182501509,3.1046404327481936,2.3255886616687698,2.9546077061141593,2.9918029276300118,2.6892446853164835,2.97320153164135,2.9884760409367415,2.918194858112072,2.99324979212729,2.212426330457306,3.0095049251588644,1.6919189110714041,3.011217170697044,1.8656565201143085,2.8336160259542664,2.759783160859845,2.308699543343564,2.5540329369834476,2.910211349011781,2.3387820473462138,2.9949821379513226,2.1774124610087333,3.001887934789532,1.6281037146797634,3.022004678252624,1.9022303587032474,3.0514292360471105,2.717493264604008,2.6263799238975154,2.763086035110593,3.068267855348407,2.7477040552080085,3.0412709569338587,2.238007615166224,3.0127819465431487,1.588801873850276,3.080771803301871,2.232880518070661,3.171802172571446,2.8638053341408054,2.622518310842084,2.8222509338270743,3.189922747737485,2.9622739791497774,3.0953379608408875,2.4392134306593047,3.0640666169191793,1.8203395279251091,3.109312261327276,2.522407114128219,2.8135684261136062,2.449927559023069,2.1078785029798146,2.1102134559540255,2.8391058432143885,2.178524525705995,2.9394205486741996,1.9241238333891355,2.9332323185082507,1.148575478652585,2.963182246768357,1.6705890653566702,2.6956104280613964,0.8001966378895002,1.8180141292907424,1.7632339110726838,2.833295752725017,1.1550274981996456,2.94633129885381,1.9387747935522965,2.9079806570774642,1.4712556037878544,2.941136099503574,1.6314212781166397,2.994321051525149,2.3692891371995737,2.2943450854570373,2.19965792959498,3.0109086354102224,2.3846005353160464,3.017866388725056,2.12664424421438,2.977573342154848,1.353143330245656,3.0376540092169604,2.081805880056659,3.147802071009893,2.284979968875615,2.442422127243255,2.0191284847142654,3.1371390204739025,2.4126965939474108,3.065302467971204,2.289977820699636,3.0555638100373193,1.533629139286219,3.0995711641107837,2.222355554503647,3.0337341810652285,1.5643701189793875,3.0509949398717127,1.3538015260596021,3.0736154822122153,1.389892237777226,3.1467123330476445,2.1316820438459327,3.1572476174803863,2.1991122977127837,3.1292774232121854,1.9050067112006108,3.1094108192296908,2.5892651262143676,3.113294426931902,2.3366011768954698,3.1185215643880904,2.6056381386035143,3.1529357643183613,2.3604142556270813,3.1670053558751907,2.3711427473027085,3.1350436564637656,2.380608519712922,3.157826324933179,2.48067242542163,3.1342729182241165,1.7705057492363354,3.148515181430113,2.305994783805261,3.1264337550359,2.2225765967348283,3.1505250027331924,2.248997603746976,3.1650229417279014,2.221502176331356,3.2839021570896327,3.0978778938715488,3.2423927515559474,2.5363528561952324,3.2792995769215567,3.0313745725347925,3.1701472965908386,2.496182032556145,3.17499019119242,2.541073364308979,3.183362512224805,2.5973349431398196,1.9876752259142518,1.040595966066019,1.9067203971546227,0.2242518253995034,2.246148183133411,0.6315936788170556,2.8342081738874496,1.6930385855945689,2.888141970031274,1.1248413138981914,2.7009658614061696,1.7697488020410446,1.600167264093737,2.9379650070414427,1.759748246488977,1.8255741611577765,1.8153796675218734,2.921186646297624,2.87076533501851,1.8728223113554732,2.9143790653158184,1.4689043220130935,2.6663625302551592,2.424048682689051,2.748042837243022,-0.030900839990227497,2.544618916830592,0.7809152935915559,2.8426004596586485,0.7180142845296553,2.9770133701917247,1.377176917917861,3.0004884901795728,1.2429261491395818,2.9335165237926737,1.0792294479971731,3.026343245031986,0.850910467246021,2.8995926726902845,0.9789759045677645,3.00123372018583,1.0477444872031187,3.0870813349867268,1.8073669545992026,3.0744570441796264,1.710095063217445,3.035301164556094,1.4838756199549372,1.9777729267878639,1.4657580943569888,1.9620802072663766,0.606392194484737,2.1831896620772504,0.9708572620176588,2.842448152850147,1.7765453078283682,2.882173411886785,1.035982990816345,2.6816076831164946,1.6518378169512782,1.9505798745442942,2.9528786016533752,1.6545832087592736,1.873778765266332,1.7671432948199577,2.9640926910305185,2.8393712645107048,2.031911369167335,2.899720254546162,1.41446086339956,2.6788953273370426,2.4446847747365004,2.7455798583644926,0.8145866025565764,2.53496783675144,0.4869054977670256,2.813608858998826,0.5089369955755043,2.9509782257242025,1.3509273734820129,2.9786418377587327,1.3413209633666938,2.9186450546409453,0.8363674403585566,3.025929694194801,0.9007346325922776,2.8914775085326934,1.2788599390082365,2.9391049092570003,1.0340805451729316,3.0479911379382596,1.798475554063615,3.0832762168680126,1.734444870408489,3.072188512202193,1.5438223885502258,2.250017767464396,1.2459084572461343,2.1619279628722348,0.8620637914047609,2.452973681814962,0.78980067560872,2.9053845817681685,1.8693812900604634,2.966296126467248,1.454822721907836,2.817740610307575,1.9607481917166143,2.370286249350267,3.0120023723325344,2.472748085650648,2.3253898289652586,2.323328736372253,2.9641850214985754,2.932248884951724,2.232694926753017,2.974636065274441,1.6865290357475342,2.866575572418085,2.443928916901346,2.837261243928023,0.4867273739872068,2.632297545153664,0.7473716254050976,2.928228512628772,0.7853617272873566,2.997166628175537,1.504080755038424,3.0179208701795206,1.5672489331803752,2.9976076289746674,1.1589944955979286,3.1132612398931654,1.170240898777147,2.985535033896671,1.5372990969954325,3.095855621791172,1.2723887402873955,3.0695651917530626,1.858629442002521,3.0880192538696454,1.692671909181686,3.107445909222313,1.5806078932835324
14_1,1.0872461148004284,-0.3354320246104084,0.9924281854039928,-0.9076877416333814,1.026345159690277,-1.8860345343152107,1.067695002947737,-1.539062753193545,1.1145271492005464,-1.3903450978733825,1.0744027426819056,-1.7839459541670526,0.9685744118611019,-0.014338241979531175,0.8974647428014836,-0.7069698038413289,0.972962944838383,-0.15926181972343537,1.0772632942647142,-1.5211753281635003,1.0846700864928174,-1.5488198067307848,1.0817072811867905,-1.5725582631035986,1.2400218649694055,-1.090418847389284,1.2180816712087457,-2.2685841289019852,1.229002743469508,-1.1408697477398673,1.1603867679128468,-1.2361440673808803,1.1751480916647365,-1.2868384852406725,1.1804953122262436,-1.2830469043172097,1.4914194876613867,0.9163138240051705,1.3673334897024505,-1.2170721120108348,1.504876044434887,0.8575414839836453,1.2633978962547705,-0.570779788933067,1.2507895724613967,-1.0744412799339107,1.3307884864437036,-0.5535261361934388,1.2291146505141408,0.21119833730483942,1.1806647990550656,0.21614523934344196,1.2100900145834816,0.5449407878545401,1.1746366197856424,-0.4568079254092371,1.1715340652110122,-0.9202922781483546,1.1853778862252695,-0.6439279095503125,1.2701276949050115,-1.3778719732635167,1.198375938179044,-1.6260281204107236,1.2545817508743349,-1.2633993719131777,1.1490409642516068,-0.5316111177183179,1.1660465173094408,-0.9617902073134458,1.1741384869924913,-0.9124601078449762,1.3236729355612784,0.5658422609726519,1.2309859924010604,-1.45842586902746,1.3243367046613876,0.5601802822984983,1.1888254809100685,-0.25208659448362064,1.2536166736814824,-0.6305007318218303,1.2601505154004333,-0.21807786836547727,1.5125005275412242,0.8087243088652929,1.3932630699231532,-0.32582764849585916,1.4395333703881077,0.8926947085103891,1.3042674301068689,0.15926595502079507,1.2464676084691368,-0.2724840953671467,1.3375858750813865,0.3446816651348878,1.21820636398446,0.552027439529091,1.1285235321002027,-0.1498138316946227,1.2399393065594644,0.24884187993269918,1.1431303906868482,-0.5451686219205398,1.1140079145794368,-0.8980676721461908,1.1945510584843901,-0.7015744030755001,1.236800014230442,-1.2851499059467566,1.1366088605688138,-1.838439418885633,1.1779192223718058,-1.1521507987597057,1.1533383924188314,-0.5483484501238083,1.1612229632949018,-0.9462362767146469,1.2171010204565524,-0.9717678401933831,1.3027171092333727,0.6233576523567259,1.2242421208867218,-0.851095373712911,1.3258802684708957,0.5834420501676063,1.1661190072915635,-0.16470692822044844,1.191884917121242,-0.9117693558314267,1.2327941480680704,-0.22471965407131614,1.4790897062313906,0.8095419243602989,1.3874654867222909,-0.22623931065165467,1.4936300524997244,0.8410404683215835,1.2882486783818392,0.03188605611426287,1.2589111533990136,-0.5271489987631337,1.32543857470561,0.29307990717363924,1.317390251232955,0.18418282736504776,1.2445120317620053,-0.5875042307837944,1.3213726124455234,0.23090996414245255,1.113515107117546,-0.24891330124794125,1.2392813819778807,-0.8824280310105795,1.2472211249743101,-0.4296631347434916,1.3251712750484583,-1.124949783752773,1.2593474867317307,-1.389461398896328,1.3009228443887284,-0.9504472693675587,1.196617427510932,-0.4394545752439954,1.177697620719868,-0.6864597232814401,1.2303140310753697,-0.6668164240078748,1.3788557358155287,0.7469596527083873,1.305725952136032,-1.6929819650209177,1.3560157604541514,0.6857594215002318,1.2130563560518306,-0.00824850393760974,1.2058345057633528,-0.7413683916313589,1.31277897672623,0.13979446778998988,1.5442037220260432,0.9146527534202118,1.4537812387705287,-1.54994456782657,1.503370040585455,0.8463379553160539,1.285685312749797,0.38463233531144675,1.3103090987737334,-0.4744369294288075,1.3093878842522166,0.4551238926407923,0.057741465014047026,0.641140587555576,-0.17110060014817915,0.51097325535485,0.07482255549036543,0.902217321042976,0.8610560354851409,-1.7520188967790986,0.9439181086586916,-1.867194806537063,0.6372371125395424,-2.027743093471724,-1.4393386960386265,0.9065725073930597,-1.533605125533972,0.7940310012039723,-1.2583716759253083,0.894617921966452,0.9031967403345562,-1.6648775994912064,0.9263826780345129,-1.640910785196332,0.5906965285545676,-0.32765439428575455,0.8349252908321219,0.4012400937004631,-0.15695260890942406,0.15218335427597773,0.8964634292794158,0.15824858561756955,1.0174581284696138,-1.4459364596177036,1.0648313883313048,-1.717804247516275,1.0449561236117269,-1.793246704417131,1.300763040907289,1.1968642116217156,0.42215828172053066,0.4755550348520191,1.2688489282053654,1.2199040876906804,1.1824301699015032,-0.707073735916201,1.1804267596418987,-1.282815042067085,1.2895845748912362,0.3933954956855319,0.8300681924759201,0.9151909250321028,0.020679933330875085,0.7508401755693208,0.9358863404250447,0.8631433141518249,1.0353711205667113,-0.771641229808282,1.0244770330981035,-1.6221669973198691,0.9245218134989244,-0.45500498340276874,0.4337636219017281,-0.021149058546376855,-0.9074507198718196,0.6703471376526408,0.7040724368740328,0.431096726978642,0.9597307272063411,-0.8703167368024131,0.9905059213258612,-1.4945780220605411,0.9784640315254765,-1.331089453849589,1.1171284482773265,0.5760443057997618,0.3430003648837656,0.6950831183531032,1.1622081819300312,0.5454950409462997,1.1220889373340852,-0.2828216625637953,1.0744463551201262,-1.1991813554140676,1.1576979732744255,-0.6341257430053483,1.3440922260014838,0.7627230010230823,0.5254882805728486,0.5890783436055803,1.3487727404050265,1.0600163004975338,1.241973862019929,-0.06755373687695154,1.2127747740548303,-1.1101760141915415,1.2446411742685677,0.21313570780693344,1.1401291798307893,0.8896604771902874,0.7198147277804129,0.9849679525085533,1.0656162133512126,0.966526870527455,1.0727551880113273,-0.5730774662490797,1.1026761971758505,-1.1227209748470224,1.1812350391182855,-0.912368431297563,0.9412065842899028,0.5428244945067715,-0.01849985128724873,0.34289333128092986,1.0359290564589754,0.4927817039632093,1.1468676533460331,-0.42392852392624875,1.113519585230622,-0.8586120996266086,1.194226864216108,-0.6842843723402299,1.2220320982216062,1.01750407844096,0.7862945483481105,0.8133476793868516,1.2484051667904787,1.0410173337712139,1.176606742023432,-0.12657962043211188,1.181682976363456,-1.2449561808321146,1.1844038768305603,-0.3118169567415698,1.420826186492123,1.0660845849945078,0.7991898310875543,0.8685654312383113,1.4021704317963153,1.0797737765973194,1.2106982381903766,0.29598198447368007,1.2397125717501096,-0.9513493582100908,1.312077522680907,0.48474406383977486,0.9048325092253864,0.4947461509445973,-0.07120527331497231,0.5013389450029266,0.9689066659128568,0.46505880132016303,1.0256933721592147,-0.75667087639109,1.0063418040942398,-1.855712739448945,1.0782086820073442,-1.2999371109473934,0.7216091321081838,-1.9788156601877465,-0.8821791023327614,-0.8801814925406076,0.8998797400131292,-2.101912539523251,1.0068952720613624,-0.8051142203518732,1.0792924290224477,-1.5828701097862858,1.0808227055545292,-1.4419235658211245,1.183027226562396,0.4039971045327063,0.1545507806405056,0.07973674748319981,1.1952706036292338,-0.07317504643607829,1.1345233605490601,-0.3325360654357891,1.1600230814819215,-1.8551016246245045,1.2353697058918356,-0.6884173092724406,1.3327937644871128,0.38769192212366516,0.48501078962370237,-0.44227236502326167,1.3664779963469311,0.003434336404039114,1.2636670644317445,-0.052543918649904264,1.1862557285170279,-1.35249192512282,1.2639455896547382,-0.04959243189219008,1.1783414496898534,-1.3564424752749944,1.180935700276103,-1.6284200258884176,1.1541877596335615,-1.543285628561535,1.2533205192118977,-0.4006044292146571,1.2535672414535208,-0.3763103987266887,1.2189764313875044,-0.9851254822809773,1.2000804413880573,0.5042256490386212,1.267404588071106,-0.03881449127658531,1.267389942594659,0.5363766525222404,1.2897351428969897,-0.11103038419553266,1.3058610285459609,0.09706778281535429,1.332015391142405,-0.0034571928494446253,1.3116603573839738,0.32294648829700406,1.2777887146275277,-1.0327092390057213,1.3256131917000489,-0.0649198029648371,1.2114359446037488,-0.3775830864477705,1.2908029044667046,-0.1804982258388194,1.2908325498962685,-0.4853194723386432,1.531389435649931,1.2936657287296,1.442054757379689,0.35852959024247427,1.525298191992099,1.200259536602712,1.3351695643075863,0.3605622466210913,1.334345287101702,0.412976833170386,1.3222208584238968,0.6459002272575697,-0.7185872959188798,-1.7229643218038722,-0.776202085106956,-2.451200511596562,-0.3238597799735589,-2.5707059243518215,0.875296373815599,-1.808090024600598,0.9133989457256355,-2.147540385743875,0.6109117608584979,-1.6510122766565063,-1.3798124919892583,0.8943658220820732,-1.21556902471706,-1.4876677384460435,-1.1727373102024468,0.9326138716440423,0.8404053885191894,-1.5236947052252092,0.9642167120858254,-1.9387527377191174,0.659706870174729,0.05680038033941968,0.7599523314521561,-2.1176552191773004,0.35393196144871747,-2.6411160288428324,0.8976115504330446,-2.2629134144571488,1.0789368051513375,-1.5913210949465095,1.1111210277083783,-1.882884756814239,1.0717542170774217,-1.8492432516832957,1.1788830878237888,-2.068509004177881,1.0188041380132002,-2.038881595986125,1.0362299861934572,-2.0487881703196895,1.2313887195717839,-1.1684197049320713,1.2262645978201865,-1.1741915474976257,1.221558351316699,-1.6282321906243764,-0.7519214014158946,-1.4433752721667346,-0.786939773568264,-2.595243830676092,-0.37149515296123536,-1.878399894345699,0.8740604525646541,-1.7788565515711416,0.9331416964603056,-2.1225883628023565,0.6262523225549232,-1.5612718564321333,-1.4515885587196065,0.9596473033675084,-1.2655830649617845,-1.4355767274739726,-1.3514332145316503,0.955826672892083,0.845645244655343,-1.7229090396656002,0.8965914653393503,-1.794951759673885,0.5257630998110855,-0.08646659559943017,0.7004734955410729,-2.20410606460939,0.40564240270391727,-2.6930760349724814,0.8552974574839443,-2.2874568145807266,1.0217778597108507,-1.6061023821577258,1.071374997736968,-1.7993443627930217,1.030239807136159,-1.8944897760583685,1.1959350657039012,-2.129743569172205,0.9806872141433581,-2.0895141005799855,1.06515486811826,-2.084604673980456,1.1937925044572895,-1.1836653466743379,1.2202756466786786,-1.3676363073493873,1.1488335857679386,-1.6718419779259317,-0.25162046119122433,-1.7683894192820506,-0.35097654715733323,-2.476258350763226,0.17171977071634434,-2.455334318727037,1.0024286513216567,-1.6368394019612513,1.0181370858650465,-1.8269093451926086,0.8852073607977481,-1.0399452510230927,-0.09688325304082876,0.9314133790901247,0.05240956773279666,-0.5276306573845387,0.060499476806707767,0.8031323178414741,1.0038424716042118,-1.2843900898435863,1.0503434247554122,-1.803891059788177,0.8766710610566423,0.23355644983808213,0.9253573410618641,-2.006114667931888,0.6160840834560594,-2.4137289678440395,1.0699185210917772,-2.0413681710123326,1.1181324387579332,-1.5232529519825473,1.1049763493482434,-1.7151819523534544,1.1251600917269635,-1.8053187129995452,1.3292864537970874,-1.8930128092993186,1.1361813384059407,-1.6760990124504167,1.2392317800455517,-1.7924927853458243,1.2280873214286558,-1.1327966258010589,1.266496955967636,-1.168460230026036,1.2865590760633892,-1.443470525082207
15_1,2.5163299241819628,2.402932985421196,2.5079674586313394,2.3018071337719177,2.535554329341857,2.3708029385528953,2.625065863241087,2.4690018358088954,2.625676495028072,2.417813430684424,2.617270981174661,2.3407754491015162,2.4851633431902793,2.3764939097270767,2.4970835771393625,2.280219301619424,2.5182332901773226,2.2983747111687367,2.6484125345086125,2.440533246504269,2.6284251684570745,2.426480650842901,2.601500334665037,2.3306491401042173,2.5856485051463873,2.407787992433162,2.5694833072801613,2.3143781304867277,2.6289251782925143,2.4023807784771996,2.6544601493230946,2.4612654531837417,2.6719777037936634,2.458085666717048,2.6750914641029007,2.396625668592395,2.7629302736168095,2.468625108323602,2.6522616068254066,2.2266612283994363,2.8002578251670207,2.4087357962410834,2.6990290887550112,2.5134356653003183,2.695993696063463,2.4511964740470344,2.737188491566321,2.4917075943886755,2.585229285069162,2.496833058181632,2.5493812686979807,2.3758863677640365,2.601991295188861,2.4564985473773744,2.6350930995054895,2.4844282002735287,2.6446164627435893,2.4562699821384615,2.6669018378723357,2.469389646165317,2.5836305135875426,2.397879310617256,2.5277918447065293,2.320295209507391,2.616099713275639,2.405009508431726,2.6516338123813856,2.4873381279098083,2.662668617455491,2.425940604804718,2.6587788240098216,2.405267750014489,2.6354398710168954,2.480950058568203,2.599297882373523,2.347154732127092,2.6692971670918646,2.5155808699963917,2.675881153903489,2.5154571871730176,2.6722498165396362,2.435434398620681,2.698434328249419,2.482881519922389,2.749791631998478,2.500465083234655,2.6771110367663096,2.3774906901083037,2.7726289196039824,2.5134780964857666,2.7215047025854373,2.5262040426705568,2.695214765763434,2.4873476523876406,2.7397882868738264,2.5553349302061923,2.577619002239514,2.479711522342668,2.5395511036052234,2.3843415152718843,2.602772635329491,2.460159174869973,2.6544497066297614,2.4884239309555647,2.6462680042859064,2.4582494836853046,2.6605765511913213,2.4330572435050084,2.5751063324031866,2.4118330591854638,2.52313902564882,2.3130647149315924,2.6029814699615224,2.4166150720748987,2.663304343523083,2.4725678035164806,2.656138173504166,2.462497514422386,2.656954949527923,2.44212146704182,2.6363673681926563,2.505462237587692,2.5810465099357804,2.4007476435464783,2.6544021094319805,2.472623595426517,2.677915065625034,2.5025119342639153,2.6383997370799164,2.520896540719855,2.671337362517297,2.480612305953831,2.744468632719699,2.4931541086370497,2.6510752908567543,2.35103165309456,2.7651613879266153,2.5112206240408814,2.706710306115895,2.532131975225274,2.6890101064184955,2.508476522564223,2.723192139992131,2.5511816363568145,2.617386200515543,2.474397996305664,2.563048243318545,2.291395356130895,2.6237272127080353,2.4913116831690623,2.676895104559954,2.499915957374114,2.6633866956584487,2.4840899709760142,2.6914243978287558,2.5030952061351748,2.61130172368535,2.4169266022968667,2.5608922134617034,2.3237213019708904,2.6393324640789357,2.3977758181488604,2.658711521424993,2.456585422774668,2.670072782665603,2.5183796527922095,2.6824802318185994,2.4523717602173236,2.6551708994641587,2.4834295091276446,2.5924416592210764,2.3569013138714383,2.6874503256348086,2.4811265839939374,2.6783626064549373,2.499492751931002,2.6791640425714123,2.5239067725514297,2.709979595243422,2.527072040370671,2.7950896795384335,2.5031244442876117,2.68296928553262,2.2807159032566613,2.7990942298017423,2.519876148196943,2.694287331973958,2.5504698979430653,2.6921737216980035,2.488816071295473,2.7396127397189765,2.557658474032951,2.463899023943302,2.5332472655603384,2.4596663380390056,2.373682449246244,2.4675125591024143,2.444572667632925,2.542675913894814,2.370549324757579,2.5709335915333273,2.210124669399519,2.497227668174092,2.2449866383280312,2.390120621451892,2.488826248819282,2.3791776417745485,2.4519948052192913,2.391844186732899,2.5466490448587917,2.5421531368658936,2.3679400791875467,2.5633040706770367,2.2862062889083243,2.470301323941074,2.3836660801535117,2.4971312392012512,2.5041098340056482,2.4495901093222856,2.3023214760102566,2.520489572564472,2.4466908110346917,2.5815370196837417,2.40656512178182,2.6190018776307546,2.253697503136383,2.6032331451539164,2.3457943809769652,2.62568126048258,2.545337057917586,2.473048504822753,2.1884272762076282,2.647576496155348,2.639729715860448,2.653732815341238,2.4880878392081773,2.658280546295935,2.3771603816092983,2.6856614759248854,2.526694153167981,2.4986967022051645,2.583481943526541,2.4755851134787017,2.4036966806528923,2.541816360936537,2.478736649080834,2.633835327265386,2.458773056659013,2.5858125968017776,2.380281170097677,2.5794214602040877,2.4157227073236123,2.4630690536949165,2.4586706821392013,2.418547048685366,2.351649700243487,2.5104073543927012,2.450702176410585,2.6133754657290402,2.464463137333381,2.598656656058707,2.2992343335708814,2.5499072288659606,2.3794131773789107,2.562993025105509,2.547234468230792,2.4810682437070497,2.413962314348084,2.5913879056126605,2.4817382844222564,2.6450713979722846,2.5076003116749157,2.6397403917626976,2.436959572168561,2.623451146039165,2.4640210791716317,2.6621690710596324,2.5284140213669124,2.482964842508805,2.313430191928834,2.6804355362902896,2.5606373537665417,2.7062137702603954,2.5388393240562777,2.677836394332235,2.3994181046667205,2.7053709692101195,2.5448550009815163,2.5907335167314938,2.620209409674603,2.5428024904274937,2.5004204277330984,2.5990171929366035,2.6065787650162537,2.6520768291408228,2.5208115855965616,2.661498975606423,2.453542638209144,2.6528581080397644,2.4375107220429086,2.5478789053578463,2.5205306369269587,2.483145636993634,2.348754062505052,2.567003094866886,2.5721804629590417,2.639927011194261,2.4969888107217675,2.64098798773606,2.3796643526198653,2.6359047266174374,2.4710902072896155,2.6105025174934293,2.588575378704636,2.51152770223668,2.3968821014241604,2.6236678594404217,2.5757203775592132,2.655605626312816,2.494044903303576,2.6738120490466786,2.4215712370889677,2.6608321090004448,2.4862925729221215,2.735831955287049,2.579432169969993,2.5164763531300456,2.276381124360353,2.7671577743963005,2.637837253927871,2.6893622160498167,2.5792055021903413,2.6963492317263973,2.4156721536995627,2.734034769286632,2.5690416471265696,2.4933495807617745,2.465840784601076,2.4555062803968357,2.2593227166818433,2.5357174530160753,2.4319798902663337,2.6083603365360224,2.443224263703932,2.607300147527138,2.3434232086541797,2.5949772734603953,2.4120581644021515,2.478557460476271,2.399331053836709,2.394310206980888,2.218292355795791,2.504540081776951,2.352278545203569,2.6333390636858947,2.450807929891044,2.6175158822782643,2.224091245522118,2.562984370319601,2.3847256624406867,2.5647113145634206,2.495151663523322,2.48052257148658,2.2410409538348857,2.599158203079611,2.4612852404631163,2.6367155490021355,2.466144534727459,2.6551596162722975,2.3804629582436587,2.643465443700484,2.4853399675050003,2.7032559941196843,2.472396856900968,2.440344595644515,2.187560133996015,2.7119967112956225,2.461915838971713,2.67260038124741,2.5248028377525302,2.6798464292519033,2.4249340001419686,2.7023631515800255,2.491654119908557,2.6176394752088914,2.4505750022922776,2.6562648909428157,2.348045004855837,2.6407003765973918,2.4064302526911674,2.794871139283332,2.596393591050825,2.8000856059317054,2.5143678218795498,2.792649301942489,2.4347741639675347,2.697255407246979,2.531944488085226,2.724023712251629,2.484329515778686,2.734191213708833,2.5360756619461102,2.8198872311666414,2.627439286105836,2.781885337139867,2.5970675321496803,2.7872774639518587,2.597207738832625,2.718236833481916,2.478978804171476,2.701197811930072,2.3350550696469434,2.7329525237400363,2.467851835353774,2.7533131854761175,2.557659859069791,2.803196404312234,2.524021079135124,2.7885113857403017,2.515292426360303,2.8565339584064295,2.6786298944282394,2.816013286802457,2.539929578315703,2.871319387230095,2.6589074853084242,2.771893520185104,2.5948161085392876,2.800984534205378,2.6091141372735938,2.824233476076488,2.6157269384394235,2.3736740570714527,2.3935878178936085,2.3462710023841495,2.2473311469993806,2.372935750153063,2.3360103710273976,2.597031543218497,2.3983879362507214,2.605275671858736,2.3635689853614976,2.4811511574689162,2.358185857626191,2.347242801271398,2.4821824697354367,2.358421400685084,2.297935712644338,2.343338226872275,2.4632641370362425,2.615948412310727,2.4692400225904056,2.6060548688930347,2.3403443557970975,2.488727718731297,2.393299640538245,2.484132049381355,2.3789172576852757,2.436931718675367,2.1853941021257413,2.5057793528657246,2.3558462819963433,2.65457236424089,2.436125032321657,2.6554816772482384,2.4017078869880386,2.5798452654765667,2.3816649114368436,2.641756532242534,2.3773389951074213,2.5509527950747772,2.2599156287324393,2.6083561016373724,2.3897112093939485,2.7251708463180715,2.477099001574756,2.692511748013142,2.4073171546891343,2.6602910849197574,2.336762597075245,2.4097690964874627,2.453293806433233,2.37663345846002,2.2834892815591123,2.3999853344632864,2.3895726096372445,2.5985315349105367,2.436922574769394,2.58729248095891,2.3220901683856594,2.464629371407277,2.3247559756888596,2.3874369292882975,2.5008033771698654,2.3854687255236082,2.3447872678017885,2.365127212456326,2.539695439368336,2.604457934317524,2.447413109148659,2.5984523985430616,2.3661968668136404,2.4829001676722333,2.378566791331111,2.4770407490374877,2.4501552730433187,2.458869095486223,2.249925617582685,2.49889175446291,2.3998387323127166,2.6184944933679657,2.422273270813964,2.625364263959617,2.36875581447038,2.6092986751054323,2.3358967942156332,2.6258707037932294,2.411657395383392,2.55283282135458,2.2198906456093237,2.5829578632097605,2.383371621825911,2.695384436646208,2.4842945671358354,2.7130865136718088,2.3891443302606405,2.6711959091841133,2.3672456547690626,2.3812769283835813,2.4058958313120233,2.3798506347622506,2.2733188702222322,2.3952119751440386,2.378475650465895,2.6152142923958297,2.477958082888501,2.6771423337504587,2.3813652640144225,2.5634912263668497,2.3276909065746247,2.4210486055085325,2.5586808987281158,2.402803100385627,2.3259563607641884,2.4216590366437702,2.4983306847105013,2.6344806015712985,2.4415712629601294,2.6558382987482805,2.4019402549388547,2.5730012201318573,2.431022490629088,2.4969629078514157,2.3698536927881455,2.46068612624023,2.194019696815975,2.5188183621532443,2.358643487227537,2.6775511621474495,2.4449255676096278,2.6772196045133163,2.369623072743488,2.6508968603213523,2.338620735517124,2.6584548522865528,2.380609834746246,2.6036199608210673,2.2454220760476598,2.6918906758745726,2.3622476361238123,2.6978964810813877,2.5042032794813736,2.743999084711144,2.43353087664823,2.692421237746842,2.4125294519312415
16_1,1.4539203949012143,1.4782238688082432,1.454610628768368,1.4465841460281623,1.453014026690829,1.411156025546988,1.3562666136855974,1.267287690654478,1.369306420486692,1.2895887746456864,1.3819966631191867,1.2458102609891257,1.470070401715117,1.442011380464436,1.4923465571365513,1.3998008426732538,1.441241635594391,1.3543908851393738,1.3932943501013824,1.3002830814831192,1.3706768814887373,1.2712012685864695,1.3652104689343771,1.1798015820822836,1.4608219410003298,1.4657907825503678,1.4824377135369222,1.4814253549765475,1.479326574169594,1.446394658108183,1.3987927345638262,1.313060434640179,1.368072090763273,1.2989911176200188,1.4062708605943615,1.2736286698214845,1.481988321551945,1.4584202163887632,1.463821236859112,1.4626569408639876,1.4622115283318782,1.2106560049266326,1.397153118784306,1.277548420642857,1.3874871655412013,1.268887230258627,1.3634778979090791,1.2437958947639596,1.4772617721755736,1.472549606591243,1.478032253396908,1.4545277368459675,1.4905708874828971,1.4220684882920336,1.3975969900727991,1.306840091318038,1.4038303831432923,1.3437430894173563,1.3812119645380354,1.330248815793777,1.4562866338069267,1.4574540798465265,1.4607310381824667,1.485603414412501,1.4822407076909316,1.4179209998865185,1.3941661311595706,1.288464600026654,1.3820965592863637,1.2776129614586365,1.3974825092844398,1.3122594336231046,1.4809607361212247,1.4622476541267668,1.4530397766882235,1.4888510812152165,1.4657979121975484,1.4186122948379514,1.3958154624535783,1.32045818032738,1.3910242001117243,1.2397230092276557,1.416541269188963,1.2636502727426073,1.4857370574209496,1.463632544826317,1.4741476285001784,1.468921901444679,1.4789335335374194,1.4554426962162368,1.4218085236578877,1.3080566780242437,1.4030490137709806,1.2467569266876142,1.39259622764255,1.2902061985517816,1.4928124403756418,1.443930724388372,1.4444708786615377,1.4772575726850545,1.4694808617745732,1.4227277835976704,1.3816351549629737,1.2632863956493738,1.3968884920737998,1.2629714488240777,1.3600866244848104,1.311322318794432,1.467661139425535,1.4747242039016468,1.4689435897110281,1.4844660311856988,1.4422427483648257,1.4445428146548598,1.398605929751734,1.2933941714431623,1.393386086792326,1.2792015603526754,1.388903254410381,1.3017055223287923,1.4771271792768013,1.4735249839654019,1.480206218749606,1.4873442589928587,1.463623038747192,1.446523886069985,1.3851379792097485,1.2868294659329564,1.3750681057728518,1.295596191941117,1.4066117591062344,1.3177810505905445,1.4477433328886347,1.4916410492632322,1.4751258815262613,1.472395994868173,1.4688540709385687,1.4475864692546085,1.3757158580500608,1.2818630289263149,1.3901341242381484,1.269269953915082,1.4145790135870489,1.3365941720959373,1.4680593754741815,1.4729322611177789,1.4425996617440688,1.4812746098432432,1.432177273645137,1.4455992714986388,1.392429335726899,1.2821391261144484,1.3970009323417114,1.2824267288175681,1.4155686173401658,1.3077953700470764,1.4552946945797907,1.4886195182427382,1.4749670001370188,1.492748488987627,1.4777157154837839,1.4351978416782443,1.3844598774838286,1.2814665731796868,1.39305839515181,1.305407509155426,1.3929538091319245,1.295523657423746,1.4716245777188297,1.4646954147056186,1.484059135767838,1.4599276855129317,1.488813213080992,1.4450676306963701,1.3863332479494386,1.3112355152919877,1.391442534404454,1.3356310017388018,1.4213289091993477,1.329185146792217,1.4890546714403978,1.4803454005334051,1.5089443318168474,1.4469623395337075,1.4625866833694057,1.418746003700513,1.393170509280975,1.28393693342985,1.4073182611315815,1.286574047728309,1.4102621154550268,1.3262595033373792,1.456589358751447,1.4116929175845756,1.4930784861279442,1.305448981472001,1.4495548761008756,0.965833791802374,1.3504114676679997,1.2314971544662803,1.3528543941328792,1.2944908902264909,1.3419311671090048,1.0636173685347317,1.453452510737489,1.3786408617318464,1.4927659459281286,1.25756651126496,1.4148324082146155,1.2552160261010705,1.3862269151564994,1.2864095372382973,1.3367153204926763,1.1972813248601313,1.3295224963198287,1.1774228225982948,1.476509060656649,1.4554177856122295,1.4568566241809895,1.4158117328691753,1.4404321303284777,1.370696073990295,1.3217629129412223,1.281264904023732,1.3715396803573983,1.236938972319543,1.3967013193295894,1.2595575154895953,1.4909787161021766,1.4736823691282244,1.4801977219505107,1.422767477077293,1.4400214930313504,1.3077339691915688,1.390471866591075,1.2948841619055953,1.3765973977027144,1.2361063965592507,1.3967470159053956,1.2009953628738652,1.4602793899047692,1.4233236501913065,1.4789149734468954,1.404839063996839,1.4642347521574617,1.3701896406309624,1.3805766931648171,1.1942801026722303,1.398941052815375,1.245309025412625,1.3789344893347677,1.2399988418226497,1.4795269007578848,1.4491903753571551,1.4269373480692664,1.3772445067399404,1.4689851378765078,1.3848093722727604,1.3845059186384938,1.2599197521615293,1.3633428749837668,1.2431227624260988,1.3938279058849845,1.291311970659012,1.4908691600107384,1.478672547049055,1.4823986041410473,1.3934994276041253,1.4856353692010402,1.39664106317559,1.3783545454873871,1.2769973509897619,1.3806295528174124,1.2548244278621439,1.366334155552905,1.276688434739613,1.4576023129591962,1.4862219877837506,1.485154390963549,1.419754927653134,1.4757507542577164,1.419436250681153,1.4119612881479087,1.312888076338225,1.3994754687197595,1.2694202144328317,1.419135758059898,1.3146033016796017,1.4829429592894143,1.4680808037290578,1.4654963983832687,1.3251628895116532,1.4342856093686698,1.3818693890060119,1.41003593005367,1.2753406577968462,1.3918936611547776,1.2415205644966483,1.420986265753534,1.2556781821537182,1.4823472024576747,1.4725937274466319,1.455619778683235,1.3565154186542652,1.4419197200256135,1.3919608931450702,1.349806512462863,1.2513358565857489,1.3729008639963816,1.2106819871105172,1.4095421879913677,1.268410107469524,1.4543255247300573,1.4720774485848394,1.480345659317765,1.336024285883145,1.4724374608518866,1.3967244842159123,1.3781633668567899,1.2718013958908567,1.332667731948902,1.2428138553110837,1.4032251724203462,1.2838495238662446,1.4801047661660698,1.4530136926027413,1.479784264208099,1.465476407824848,1.449939909704324,1.3974634339926513,1.402661662125698,1.24762740454381,1.3814000443841883,1.2939533118675006,1.4315561521833686,1.3039054808467083,1.4640656538179848,1.4880957801738095,1.4585207762091505,1.4224225939022275,1.4447620341265366,1.389369198902144,1.4005986841046996,1.2790992625935416,1.4034423197949728,1.256565481929411,1.3779889789662063,1.2656214494758702,1.4735459485589126,1.4594219919754043,1.4528412637483,1.44272843454846,1.4735953683247585,1.392313613601079,1.3590601976031864,1.2612591760326866,1.3842351917525033,1.2604569558410181,1.3994844649475953,1.2992034981816483,1.4543515493105252,1.450835801000296,1.4865487807485744,1.423980522970507,1.4397464182621142,1.3965991747210182,1.376792493861968,1.3054428203207245,1.3495545171546,1.2819468501869813,1.3849482744443138,1.2956864013703182,1.484701475483121,1.441932194779136,1.4777678435340735,1.4783248641495688,1.456895804179408,1.4329703335701347,1.4052659842160118,1.2822776195969743,1.3632201642416644,1.3051751474204651,1.4153051468589384,1.2986649448495922,1.4650018618788594,1.3953752863303488,1.4454223144221356,1.2313964645301099,1.4228603167830842,1.3163265894695324,1.327473929539124,1.1928900224033838,1.2943351837131196,1.1405866076312798,1.3620322705786108,1.136026507850366,1.483337781716287,1.4742942022551229,1.4570427468683451,1.2272530982422232,1.452190329389704,1.3985981895460706,1.3460093658401193,1.2281654585736033,1.3099320409417534,1.1241307106353589,1.3380174984799895,1.1779599402978838,1.4548779446474633,1.4464250235653884,1.4810703765567441,1.243811615053391,1.4485615433553238,1.3810928682760475,1.3438313602566705,1.2152966428695433,1.345079232382653,1.163042792509107,1.3668298005340278,1.2574632428372563,1.4667408506979231,1.44734685406598,1.4635798345961273,1.3596687131088605,1.4564885868781474,1.4207149369476597,1.3634694677885333,1.2794972825830897,1.3258595019524058,1.2436443115411735,1.352035300095863,1.287799401880581,1.4775506742948203,1.4610505331176005,1.4467483858927368,1.2654582452709062,1.445162473060209,1.3523338183001232,1.3347373942362768,1.1780450856263855,1.3367026891938973,1.1421921123479561,1.358298853121789,1.2123646858495494,1.472178316346753,1.4659512073323682,1.4583895980041892,1.1874401238002503,1.4581671422177545,1.3755776313494692,1.3202407580552344,1.2328431905247106,1.3290639581191581,1.136344267632333,1.380294716312095,1.2312929141090507,1.4844178357009559,1.4749005817122343,1.4775198145271728,1.276562518219433,1.4089727323413388,1.4020271845549703,1.3578432179158553,1.2280661528073493,1.3213157520173462,1.1320074540280411,1.4065414227877466,1.254163883840428,1.4708157678748561,1.4314283167454147,1.4648177947729148,1.3357850065851482,1.4529359838654048,1.4225117268110423,1.3807126348455028,1.2426105761160662,1.375247175145108,1.174380123430775,1.3744665379333465,1.2574805320884435,1.476238096895546,1.4576321827878351,1.4544040918320356,1.2452268826840667,1.4659181214713048,1.3409021212625791,1.327684706557031,1.235701927299684,1.3329448068108798,1.1600203316110107,1.3562253133937041,1.2207276861135647,1.482617124301356,1.4408019063007604,1.451848173734162,1.2134933441790574,1.4434778344998236,1.3736507721265347,1.3557879820600685,1.1834261175249108,1.3348393089920643,1.092020810197054,1.3131022146883018,1.2197474600970792,1.4702499765789607,1.4739766498658027,1.4411393545161957,1.2838398149752637,1.4535481497202334,1.3879995395636078,1.3632670899613868,1.2165696094977854,1.3763762625589266,1.1931185992558004,1.3751832903960823,1.2805834234938227,1.4950437477592697,1.4824031292422057,1.4519671733372181,1.3349263925787473,1.440961859274794,1.4266983932050616,1.3815031712424837,1.262873473009016,1.3757767375755428,1.20401410268971,1.3939896366891618,1.2936480367578542,1.474708275584944,1.4781771684871539,1.453178474383864,1.300364422584904,1.453624699592418,1.3797920164466837,1.332306018534147,1.2594950162989749,1.3450966663859412,1.1379825462562665,1.3779089399872153,1.2500612186440745,1.4900888561233727,1.4694354181197704,1.4389999194054874,1.2374880186681914,1.438881743056769,1.3785816750472153,1.3445453942816477,1.204188724670489,1.3371009876454363,1.1794420898432054,1.3435117430019656,1.2355798115067023,1.4714298983931393,1.463991395230973,1.4605389266699897,1.3359332523401457,1.4707128579327506,1.4171053412092194,1.363885034626675,1.2543679724119232,1.3611171396190391,1.166832329637599,1.353771397397985,1.2405255699805944,1.4815696625455563,1.460637758769804,1.4620167842691187,1.3908488589923529,1.4567779136756114,1.4266987775842235,1.3836739023974172,1.2949665593003918,1.3864603539107008,1.1899891555954651,1.3611157779699914,1.2527075097162914
17_1,0.7068177256819659,0.07031619621967261,0.7090717419460865,0.06866042960531844,0.7526426446873753,0.31182192344834486,0.868935622844458,0.8097174082512244,0.9225846877804366,0.7596242425638312,0.8686666482725902,0.6262359748715296,0.6672583635358409,-0.07058887617513875,0.7031636263878887,0.2989223079944096,0.7449736780252099,0.31352634206400204,0.8891739946981363,0.8234110889225552,0.9047423671347332,0.784845006120749,0.8823435608792861,0.6435192422635565,0.8423538776953889,0.39013619247364073,0.8265312100107707,0.04307001286359124,0.8867090503873524,0.26965325763496706,0.9033287415161573,0.8454824747537687,0.9117425779040234,0.821263658605272,0.9248434379421767,0.7140598951910841,1.0124162897068318,0.5801887469772358,0.9265849493057524,0.316981354454868,1.0263305625044847,0.5988377195058882,0.9244152820990666,0.8346754261948612,0.9323693147895195,0.8702742470041234,0.9713920575170321,0.8417806817318992,0.8223524570413315,0.6462633685178676,0.7808606546646917,0.41321533042702735,0.8340616261277515,0.5857653567681863,0.8455820090856928,0.8051518230766328,0.9028847867307191,0.7868055314058376,0.8832781743384118,0.7564727202508525,0.8321315389494279,0.1513865119865697,0.7826768209718032,-0.06369682607466792,0.8434246108709973,0.44438031910173675,0.8669269435086623,0.8296346696462688,0.8910256785036019,0.7638540119765199,0.8837745666420098,0.7168667461549426,0.8977245302765594,0.6933948679342189,0.8434104809504219,0.405389712077647,0.924381568584033,0.6937761095424478,0.9390624294711956,0.8215395536650629,0.918283454824376,0.8018379724665646,0.9209052546388908,0.8131418348563944,0.983279721628873,0.7663829609385108,0.9457900510184429,0.12013710921867196,1.0162900089640525,0.7299290735373347,0.952342333579548,0.8548990540262961,0.9364896402507816,0.8884841398941836,0.9683697048744679,0.8500960411718663,0.8372990991894239,0.6286107233408648,0.8132720949397485,0.3920809772372093,0.8599757280724113,0.6748852905259982,0.8732684438405565,0.7754820702127929,0.8895907052100493,0.7804553916372876,0.902989044990974,0.7394866929982555,0.81489389198651,0.12780693385853845,0.7772998434009071,0.0929317285523814,0.8654530863147819,0.3780893912979985,0.8757088591408052,0.7932093096314733,0.9043161932290202,0.8202703673315906,0.8656512970810569,0.7048390803760776,0.906736585815787,0.6874169489836806,0.8628022203251287,0.42381592577769295,0.9381046747189035,0.6863315466472539,0.9328953160699721,0.7933296236630276,0.9235198198329098,0.8455727769828406,0.9138168072894858,0.8018917681714393,1.0084014355158901,0.7765560006969443,0.9121583456191887,0.046008708043368395,1.0195509470448234,0.791917859437798,0.9654352476764655,0.8752166208825558,0.9155864251454064,0.8736402085837142,0.95928048843158,0.8576267805576907,0.8500912159813913,0.5775617113933706,0.7806068942209892,0.2983831316891431,0.868489389008594,0.5948605140169182,0.9168577897427658,0.8326587919797771,0.926626310151107,0.7931083977293808,0.9269102852309529,0.7651472532657265,0.8565072506637095,0.27808843996063287,0.8257206150620511,0.005726696393791529,0.8911948726410125,0.3898965589373332,0.9143368537283475,0.8057010537090791,0.9079046961433617,0.8354016588093162,0.9423855403077801,0.7633530998211758,0.9270806429362525,0.7018924186376697,0.8939696565434637,0.3995863404446958,0.9628429885354428,0.742910962507414,0.9262538642206423,0.8435694451011351,0.9006849201272961,0.8067196321246594,0.9228618890806247,0.8574775591277336,1.0358762292125177,0.7213067942188564,0.9508378408827975,0.05087564028308561,1.0369764535764898,0.7764276707282888,0.9238204306717253,0.8616506561332027,0.9519532067397886,0.8480116383652422,0.9688469320690986,0.8876111535767327,0.5156192399508359,0.48837960830689325,0.5185146950890139,0.6341497883286802,0.6532712814863291,0.6516188099683322,0.863163384803716,0.7595331225509786,0.8542365887517719,0.664478669444032,0.6838478680855253,0.6365153929633921,0.22227866701619914,0.6620030474201399,0.35102366359541043,0.7261725498645935,0.2744778601922643,0.7207604939178994,0.8179502438103617,0.7669028293539757,0.8558490178850209,0.6724243319582113,0.6556417586279983,0.7047964964369225,0.7261858351211694,0.545464965636774,0.6079382500414572,0.5079109173459113,0.7997680956596267,0.46735261537413275,0.863613115151499,0.7955727915394214,0.8747690223759782,0.5745539566931717,0.8510399282130788,0.6407670300214658,0.9517155117743179,0.7045893471633349,0.6398470196577424,0.6033275346144296,0.9293260795534352,0.9164319604033071,0.9068295465304292,0.872796895690416,0.9000091253166507,0.7301610316818639,0.9141994450682488,0.8463155333785298,0.7209477149125803,0.7082343158766177,0.49813118845699633,0.6571963204381449,0.7332232053874793,0.7158578394268654,0.8350275863702423,0.7559213675226961,0.8530595134499114,0.7571673124195136,0.8478766067121326,0.6795160081769638,0.5187778097191549,0.589165865311886,0.3303892910530171,0.49427771406984167,0.7038379620587576,0.629847762984993,0.8474531191811887,0.7750724580107968,0.862146479940923,0.6894236652584611,0.8097825721311458,0.7191196049788576,0.8185181828615086,0.7319557264261675,0.5953139906095987,0.617279693452297,0.8316786922415355,0.7735748284406607,0.8825890529869089,0.8248709278001786,0.8923782962639843,0.8230620202076038,0.8874586203556029,0.8260968798756191,0.9281088221944641,0.7576350200217599,0.6930705093320345,0.44637484216737844,0.9451737425818384,0.7862165190804978,0.9028772279990018,0.8450449605749494,0.9285869028626215,0.8562783252376998,0.9263722946288084,0.7851721666456195,0.8710770490631684,0.817600388643521,0.7877605300738653,0.6874232440324898,0.8741369221360679,0.7526805654901605,0.8755854514507259,0.8101828374515601,0.8845785499058367,0.7585647528149272,0.902184054934906,0.8512759381732715,0.7777131691710693,0.8289703992869438,0.6956716663570774,0.7051259846245371,0.8495369948513904,0.6818714256999454,0.8689868833634598,0.814276252457195,0.8828551665231075,0.8445252664438339,0.8447074128342063,0.7442079370334298,0.914269002694956,0.897458339753816,0.7569480905189856,0.6895153532777908,0.8894880268198245,0.8573173284949521,0.9045884085790986,0.8466665655978929,0.903680069892128,0.8393642322863597,0.918338830910765,0.7954252043682316,0.9589086342211729,0.8539443182450888,0.8188023396277548,0.7004762198426681,0.9699753275694074,0.8414863346734609,0.9392399332275873,0.8812919225761247,0.9309311270695537,0.8542995723170335,0.9756309292929329,0.8806913161350067,0.7115427653938244,0.6803486643595621,0.4056842546156245,0.4902983814163192,0.7395710806315341,0.7299134630759619,0.8357654144766152,0.7881902295978459,0.8555455174422328,0.6661945126063383,0.855930464549359,0.685068031534283,0.6330577067785335,0.31783261977671257,0.4051445026376024,0.4730041381395,0.6818099130551013,0.5017826693722832,0.8540671122652165,0.7499616589736577,0.8699793237315678,0.731205890152249,0.8233584846662552,0.6669664261382448,0.813157494295321,0.6948611861864087,0.593706152319146,0.5790904580120508,0.876843071247653,0.5977166656432652,0.8643799211412644,0.8024673111270144,0.9004133161280619,0.693444883433234,0.9019611900660499,0.7360472615084505,0.9356312323403242,0.5463420358008502,0.6157926361096517,0.40433378879094706,0.9720858933532982,0.6040375548894201,0.9117113972837593,0.8342288267357947,0.9234560222063218,0.7574756510839125,0.9414260397334215,0.7999588471670144,0.9009489361299082,0.6795732515086083,0.9124289786668073,0.712879681502954,0.8936244334688784,0.6287068946175768,0.9920732112587685,0.953313474004177,0.9871427818452441,0.9200313428760206,0.9846019114716177,0.8477099768455562,0.9577881766393073,0.8490678714241218,0.9678989998831707,0.8468891497961976,0.9623840015138919,0.8654604568877747,1.0272641309048656,0.9814308389209844,1.0067229850595771,0.923482470883473,0.9938391578981869,0.915253431126475,0.9595435786508901,0.7671279768886103,0.9696806428828328,0.7460107418594502,0.9978534953397911,0.7392654555302698,1.0064155778606743,0.9237921303297199,0.9892989884553224,0.8840545685351642,0.9958276642804087,0.8789606277770915,1.0725034733763787,0.9958584482951572,1.0285083256665633,0.8801454098903405,1.0402537449050346,1.001908686160009,1.0033996988686154,0.9286272404589406,1.003271137211207,0.8818953415289995,1.0154273316883828,0.9601867392140016,0.10689228767366515,0.3669761427723996,0.13982459559470617,0.4820363244383836,0.2586225189027555,0.5341965361347318,0.8742435651305589,0.768401268802406,0.8722368581406934,0.7908505272388826,0.7294346241031587,0.6641013708559949,-0.050569432413015654,0.4939197306666453,0.014593437977359595,0.4813675075071434,0.09048515458792661,0.5026954294777699,0.8682394488163665,0.8095431345276758,0.8878719219322152,0.8170353743369585,0.7511980050461616,0.6605501362022426,0.6219804157362113,0.3160141125193657,0.5570870651002139,0.2162560178060091,0.7263902803660895,0.20071466156132176,0.8643590973351953,0.8231998467510292,0.9082480572098565,0.7956820794453917,0.8788736252937558,0.637541196137855,0.9079891997545471,0.08412596074659333,0.8364697686433907,0.2619258063833633,0.8629100297638392,0.21067234970920065,0.9442492234053547,0.879350882622585,0.9461969098715827,0.8045333810092331,0.9235429036625736,0.6997514119289496,0.29931114074808607,0.5958903687257081,0.3001325489251163,0.528201309627466,0.36662998966014326,0.6201312919192445,0.8650107424204385,0.7753338322076112,0.8638513487865674,0.7342630029559412,0.7049419217128144,0.657998663042133,-0.04743310278161583,0.588076713206652,0.10305701914012051,0.4918811886558538,0.07088494168287848,0.6215772267639276,0.8950235323124883,0.7899936401631595,0.8343699207794107,0.806209729678992,0.6994403935722229,0.7625035132941242,0.643829519003667,0.30072384179251954,0.5996251015985857,0.2902806434138621,0.7318336775771702,0.15995015853357542,0.9251007644121203,0.7994856857861794,0.9070287887664842,0.7829647578166513,0.9035322334177791,0.6526559257849941,0.8932974204756992,0.2339714182592514,0.8081152054680169,0.30002475689402286,0.8452332431237778,0.4143272348043225,0.9117518797563855,0.8169788420536954,0.9284029624109209,0.856755106536051,0.897434709561335,0.717425958078847,0.3760224021319424,0.11044059147324432,0.3734254964302029,0.5354790276629255,0.47709391029463144,0.13151875938670468,0.9202952217538395,0.7382781470009866,0.8760964571495831,0.7983768261480393,0.8258086195229107,0.6197781541816605,0.4668459867252248,0.5171008015410992,0.4725131414483563,0.5029357731406137,0.4653689669434369,0.5884164056824087,0.8943230114264202,0.7760855072155137,0.9131397309979423,0.8068141045999502,0.8316853241721494,0.6333559464450755,0.731343492017812,0.10581475187877938,0.6400693282790291,0.23297934565394618,0.8038440963134592,0.21391931133105543,0.9443341503670728,0.8349131516188515,0.9567962727607892,0.8242146112604665,0.9181333470048896,0.7402257755030001,0.9655541782709416,0.22202786633594904,0.9119938204101513,0.4561226342703022,0.898627129628031,0.1919547820269431,0.9497852491056255,0.9158674745361027,0.9550690939642209,0.841909786765349,0.9693237788970153,0.7732992088548637
18_1,1.3059705721848918,0.9388934194676324,1.3006735129871065,0.6909845697288427,1.3344423601318494,0.9177658432588076,1.4482486876082707,1.3338529799490133,1.4351991145785603,1.296308897954524,1.4212663150534288,1.1640797268014385,1.262881393292299,0.6397229642970257,1.3035590498286276,0.5834718316369452,1.3025644105449876,0.7824683822100506,1.4528279660332861,1.3209780422738966,1.4629397486826412,1.2758418981968334,1.4327973757345283,1.072314403542868,1.4356197288326316,1.059268767201395,1.4078682322973597,0.69543332905245,1.4590989894353272,1.07415723428987,1.4904509783650959,1.3888967126166185,1.4674371327608369,1.3644833046067393,1.4883846451251195,1.2485254713355953,1.55351201530285,1.2288038178359197,1.512408954133638,0.8571763717551105,1.5484217741737143,1.1746487064419329,1.4989273768891793,1.392833674140415,1.5124902579285961,1.3759851873809374,1.5141799535457674,1.38282805826997,1.419959656717939,1.2416728296901454,1.3749284007708311,0.7598856331137612,1.4089957979579213,1.2131387494072712,1.4687179051446506,1.3883206275979476,1.473494105761356,1.3637534189096487,1.4518187223440622,1.2254748644765772,1.4241327299856517,0.8361737784316313,1.3776971764053032,0.6735399178298513,1.4248201630150887,1.0199516686139252,1.46764318378657,1.3033707488940436,1.4368731371659587,1.3311128478297363,1.459565515523862,1.261773842037559,1.468393947108786,1.3067158031151875,1.4264074362520263,0.8244001883052894,1.4546811468978738,1.2675743353983555,1.4659837778836942,1.3983088868007765,1.4663568913536165,1.4455362797020588,1.4850876472870422,1.3370300240311415,1.5714424217222218,1.3048179009549963,1.5249997097467365,0.8122594746466243,1.5774543965382302,1.3281774830836244,1.526624744985212,1.4067358377015189,1.5159056676592,1.3965949798638382,1.534306670286578,1.4061097219087204,1.3846591238155463,1.2158127515783366,1.3908385016516729,0.9803390213916209,1.435683136862686,1.1730414627689891,1.4244502627375024,1.3484554581196446,1.4335383000233037,1.2366130245515563,1.4354159663884096,1.2997678800235883,1.4030263004993535,0.9278187908264497,1.3613473343753195,0.5167530645929185,1.4359535533015977,1.051921918348552,1.4705004296599722,1.356447928721114,1.4560952666144182,1.3280064225323749,1.4534138179292555,1.2524684137194175,1.4613066469181466,1.3137756921987798,1.4466692489967852,0.8756830448693124,1.464545792343956,1.2890627458985735,1.4474217678615444,1.3320618478116553,1.4569154112767748,1.3192090332552346,1.4958679000336457,1.3228750771372764,1.5706093063010118,1.3243436974668175,1.4997171259340454,0.796946521451166,1.5619454074938743,1.357137773374986,1.4629100316051633,1.3909487789392445,1.4679465589749174,1.4632127361537484,1.527852057894167,1.3889209803425777,1.4143875569780435,1.2411985062847701,1.4060000123595382,0.7804930683186306,1.4420745588344057,1.2046444621880084,1.4611185973871317,1.381976309583665,1.4534143764204366,1.3417059387769201,1.4708620473154321,1.3294559992006554,1.4393794723667204,1.0497127604200664,1.4263188353130438,0.5885091679868676,1.4793266657671904,1.1088758351479906,1.4719346989477553,1.391933315509144,1.4619409650838047,1.374712585368819,1.4688450916451095,1.3045677157582891,1.4861507080986605,1.3207916214062136,1.4498224967095503,0.8618870512504947,1.51727354485698,1.3005853973106614,1.482201352150091,1.3885083372119564,1.5093228048389016,1.3665172226454054,1.5009735919973495,1.375943159159125,1.5849195469376853,1.3676064548734415,1.5367530407822845,0.561264166428698,1.578468159864602,1.3884663646573703,1.4673948647148551,1.3715219658303612,1.521737722536079,1.4223187478272132,1.5174348294254396,1.4803868983297397,1.1383761207301237,1.2058071451111272,1.1405960440053748,1.0895622701992758,1.0950349997101352,0.9962567545870162,1.3807826091271995,1.322116027621795,1.3806281890704246,1.1945349679426738,1.2985212538963142,1.0618483382551647,0.867337932753538,1.2127987128406197,0.8159929431618977,1.2554969452648623,0.9116382956404102,1.2624805758059172,1.336252244804899,1.261303403053006,1.3568165037382247,1.2650914639188884,1.2145175203115182,1.2836186844359319,1.3185126558810467,1.0949480158622111,1.1695192804840335,1.0272970268914745,1.2946979942939607,1.0689913857676028,1.444111141354255,1.3370373348368876,1.4133302103261367,1.084494774026615,1.4152777114635837,1.1873337170096316,1.4525877368659492,1.2312286664485534,1.113940565234771,0.9154542042828128,1.4661704283786763,1.4334115928003435,1.4845517460159998,1.406964805789275,1.4820018418322953,1.286523588082449,1.512511280619472,1.3576700475388006,1.3108092835697882,1.268443156564555,1.1558969694415209,1.1392076472481047,1.344489212031217,1.305945863032176,1.4172276996290407,1.3534620224229428,1.4090428044577408,1.251775600971953,1.3406242813536524,1.2743680242978357,1.2100420394421136,1.0912916885257238,0.9969788824867438,1.1435580728096626,1.26581957770887,1.1156566869280784,1.379115670907757,1.304859448661863,1.3958079562122352,1.3259450334814988,1.3748736160980404,1.2785503111705694,1.3794560924462074,1.362606657537483,1.1745875162553057,1.08586464312676,1.4047593260958167,1.2445984080804635,1.4318376473527812,1.3506215151123664,1.4520663716596578,1.1751875543986419,1.451850815615044,1.290944307229571,1.4788633050685553,1.3314522838450122,1.256474564196543,1.0281595213691412,1.525870123349384,1.342052131162648,1.5012573492156593,1.372836342212101,1.4779762610542928,1.396153539865179,1.484151085729912,1.343854619027425,1.3628338257371742,1.3892504518132178,1.3006509769419414,1.2599233200382198,1.3896242829125374,1.3095709107426332,1.4404368667732381,1.3965597986331268,1.4780428225699647,1.3461307425645697,1.456236376451004,1.2847018271017607,1.3851666658771162,1.2504394902143634,1.2349717835688738,1.2763920571993745,1.3708305005395065,1.2065971879245359,1.4723395763651796,1.3671132496245313,1.4563876201070685,1.3512130999141942,1.421981624243988,1.299748940028333,1.454538999991289,1.3530273520111844,1.3307555179604036,1.2163002774393479,1.42941888199813,1.329497786180157,1.4479155634817888,1.3895278068125643,1.4173806163892888,1.3794112423977625,1.445556729125118,1.3532653451363015,1.5210922838960754,1.4358979805108396,1.3641780259763447,1.125244338356413,1.5387897874864167,1.4065020062290323,1.4762296937582,1.4301398141815447,1.470458531012371,1.3881328578438907,1.4952919250910839,1.4482185731932236,1.3227864114601127,1.1641789894587369,1.0942202359965623,1.0406765298861393,1.3029993043694854,1.2505902881817303,1.4082771091348687,1.3155994377548572,1.40925849428393,1.161782150351127,1.4154023675686769,1.2112522596473825,1.246261520939517,0.8908488177021118,0.8789686447828428,0.9061438831469468,1.2863503088868873,0.8639335136210938,1.4063318808807908,1.3532281598306595,1.4132845319664222,1.2530005755263818,1.3949351774623848,1.167092243111323,1.3925337618910065,1.1893778331800335,1.224634969552029,1.0913397158289957,1.4218964657616529,1.2594550642088342,1.4326997497674838,1.313472893500959,1.4592793271171505,1.1741450711433297,1.4720461342668951,1.3704103912560543,1.5191941308698957,1.1947789706145595,1.2792087327815556,0.9236047193661947,1.5281002685930214,1.1751585869776098,1.4549013227846004,1.3910309989507674,1.4688556791995735,1.3126764663215271,1.4578743219578025,1.3702780797266854,1.4292059648896545,1.199486992982346,1.469641013780034,1.2654426588334011,1.4638939501979258,1.2265689816189398,1.5527405754499075,1.484002764297724,1.5848310094169087,1.4683257366148312,1.546378373059592,1.3930304108386757,1.5227464402601816,1.4095960395158114,1.4744407582119408,1.3793402942486492,1.526329755987744,1.393561349803053,1.5421043489694826,1.5337957136465503,1.6049673012142316,1.5055648579325132,1.5726480891985473,1.5053112050941146,1.5149559799929526,1.3462526203268381,1.5139473386596796,1.2414674488334307,1.5403039549524076,1.3162038037075166,1.548331396846405,1.4836824602985779,1.6052411958396036,1.4797658304174175,1.557702925963568,1.4449088760838187,1.6174300378460351,1.539826482846906,1.5770020837999805,1.3629269244222983,1.628618687126967,1.5349655238642308,1.5491169068666168,1.524675540638286,1.5779313639447092,1.4816154242032686,1.5651360499211273,1.5066720881856606,0.8577434914210295,0.87496611021179,0.808837517411904,1.000146679851048,0.8876021141029533,0.8435878622687253,1.4081341643910543,1.3782296110004604,1.4729514762307443,1.3565730080195149,1.2539285194002865,1.1703417493659785,0.6538346196663679,0.9407095783567896,0.7193567196800758,0.7638192634807043,0.7269820666987462,1.1261834963416972,1.4454294303874244,1.3364756711008674,1.4641351939427671,1.320001902675214,1.3317295241837608,1.246222649335336,1.2466919577890834,0.8456064987336165,1.1665157210250083,0.8689385008206696,1.296152854057434,0.7756914182970275,1.453943045418161,1.3793549627951947,1.499246027896229,1.4218490676444995,1.426981940155135,1.1310783904193518,1.4620331121285435,0.7910705509434094,1.3885468015134597,0.8819254734185532,1.4305530874505379,0.8408326098321524,1.484952186381846,1.4352655366549072,1.503180712059654,1.438035321440646,1.4881616898804584,1.1503104495365297,0.9600649575118164,1.0419701693175178,0.9162400495703853,0.9134023815028803,1.0002062384197523,1.0999682590349014,1.4520464782030127,1.3435233198765912,1.4180765470846346,1.2803412514041121,1.246653969672406,1.1995694901298068,0.7557899133696648,1.0785416960172343,0.7848561956848621,1.0426559977097127,0.7538333018598282,1.2337578678737506,1.3871910712265318,1.3828576659293033,1.4370041374535096,1.336244503016169,1.2634438094083593,1.2366030978089102,1.2490221965163673,0.9309830549083081,1.2061166980714526,0.7231841600013333,1.286652016681285,1.0284997554418116,1.4421469590455465,1.344846175850335,1.4650974957252088,1.3294197524301552,1.4052048946628946,1.2121828267587031,1.4312894144558543,0.6803486384976094,1.3351151485886223,1.0191651859616595,1.4446382091273382,0.8682943113332844,1.524423932085013,1.3850866918692042,1.5359478014180392,1.4186886070641598,1.4867495124011476,1.0500730474965108,0.9878642849943784,0.8228057939477014,0.9854511525946572,0.8420498460723703,1.0673419488556193,0.8357363819008522,1.478608759728414,1.3882483135580064,1.502496852495101,1.3470191719654672,1.3531549750600815,1.1682673641814756,1.032944406347965,1.1379809043576514,1.0708955963276272,1.0064219552943197,1.0480244131594356,1.1234772716828996,1.4666764355003443,1.3499603751645584,1.502770298793113,1.3954064436610552,1.3787538126343744,1.247039776449376,1.2845740662148288,0.8132960975905048,1.245743253042957,0.8972158957705973,1.3708600019260837,0.8463090015190048,1.5077798612638669,1.2805569202751814,1.4788604088021495,1.3645230125128924,1.479368011199314,1.1685917004054478,1.5156748756316283,0.7781064476726954,1.416182906725306,0.9723546809333664,1.55415372121486,0.8657119136680561,1.5249478413685382,1.3467032835624666,1.5186160244230533,1.3659815984811543,1.5499506716969083,1.3049503714965718
19_1,0.9641071071672533,0.8326923754808452,0.9093618968304787,0.8177239437643581,0.992577426755255,0.8146401014883784,0.9896246117750561,0.8659348281434963,0.9880603395536218,0.8582558813443124,0.9845770746976293,0.8401143598273808,0.8916050699164898,0.7885975813129927,0.8783801766836062,0.7926693867948149,0.9172008645113342,0.7538311749762554,0.9771320020190808,0.8637319272129356,0.9990462981994519,0.8442828550286922,0.985655591460148,0.7825779660600836,1.108689083140386,0.8706149722960744,0.9928159353511403,0.8358935822032731,1.1029953733480147,0.8569468881128334,1.018506653133901,0.9081483999123638,1.0156980695433981,0.9004863771195704,1.0295078266334463,0.8609985909715091,1.2671479279883522,0.8704624217542363,1.009770768707725,0.8265887639179126,1.2230558325944882,0.8416356656667329,1.070336695988813,0.9153528917187275,1.0457859940847736,0.8839635733241049,1.1181544679899778,0.8976022357328205,1.1061268913174755,0.9060124061083554,0.9868675519705129,0.8037651921197388,1.1307297346279335,0.900371957604596,1.0114796393906293,0.917687401627157,1.029857305407692,0.8997723027162995,1.0467663899618922,0.9079301090309359,1.0900971891880291,0.8400422175835828,0.9643395486077193,0.8156379818376298,1.133166560062467,0.8471774011231162,1.054237733128883,0.8937834718715026,1.0260774635196142,0.9108420511738365,1.0301129258879922,0.9154528849981307,1.20986969148154,0.9448877036074627,1.034954115420813,0.798811263351003,1.1511981431748937,0.9388037239173214,1.0703333348541268,0.9208505112874679,1.0433621310114398,0.901954410849874,1.0834838821812116,0.9342811866581298,1.3307162378635853,0.955356127060865,1.0649754633873405,0.796566083004215,1.2761910787540598,0.9675967899372308,1.1102752055508929,0.9179821093949239,1.083010598553809,0.9256719568493107,1.137015342379627,0.9715293897704136,1.1012715889684372,0.9114778304374657,0.9836369017562688,0.8260101052366419,1.1258089660057553,0.8891743824716347,1.0409823190376093,0.9105731597561427,1.0387343699404643,0.9074813393486912,1.0735529018744951,0.9309835512911482,1.1058083958492777,0.855011814602737,0.9677823476438016,0.8134330017460241,1.0669369980247974,0.8561761756898629,1.0198928790451054,0.9086941132840507,1.0344717191525914,0.9039552886547733,1.0580884747923103,0.9253746281385782,1.2083643942338176,0.9422448869018232,1.0327799363111942,0.8226811930849027,1.1775646903163457,0.9243827876234764,1.088009261833773,0.9116043267455347,1.0664502960992828,0.9005918681959119,1.0819644852635422,0.9317430977907352,1.3191448333137907,0.9642228055209476,1.051568968992653,0.8097651625971362,1.250185061056254,0.9456232963657045,1.122511313037533,0.9292197655210537,1.0806898747444078,0.904646110088974,1.1221740437499348,0.9355885630593829,1.1551516673224835,0.9268094080531623,1.0010967303657987,0.818467220579029,1.1325449624553316,0.9427383876053926,1.0480202496554376,0.9192377061794478,1.041261275158973,0.9063886395347764,1.0590897015482243,0.9297352661745784,1.108305519363423,0.8468427248090847,1.0007842431821152,0.8101115186008471,1.1101577757507375,0.8671768181018804,1.049651416103775,0.9339220689679697,1.0477478527994908,0.9114043874084141,1.0737278226470974,0.9060293749862844,1.231021192761445,0.9585926074670008,1.0335442165903101,0.812715516809244,1.246051652636698,0.9864367274611453,1.0769353450251913,0.9161914251572274,1.0791815900811006,0.9130278104315145,1.0622304171239043,0.9425631168817012,1.3057687537500646,0.9406291123730877,1.079290648407703,0.796962950900122,1.2726821312608498,0.9468638620016137,1.116699901511026,0.93484087463025,1.0880535746975342,0.9074001867713127,1.124501603658655,0.9764324036215543,0.8813494995944877,0.885272401932833,0.8610186227560198,0.8501376550919828,0.8724564313716229,0.8270680679525779,0.9490733250645825,0.8433876565905832,0.9473558449878646,0.8362849351991395,0.9148180357410198,0.8337546409086969,0.818358397725797,0.8566546347491694,0.8133137561778585,0.8113696582868797,0.7992954415481661,0.8694122467853846,0.9242349532726951,0.8186175429181973,0.924860872587732,0.8196416881067095,0.8943144505487545,0.7892068826866376,0.9428139865585433,0.8620812698903373,0.8658491332643222,0.840518840124962,1.0070408537264541,0.8564118348012281,1.0029441687762841,0.8675184387236669,0.9907933004164413,0.8592748019804822,0.9909635580453162,0.840140047910084,1.0691641371648155,0.8860256678039012,0.8679316176884021,0.8424995820793104,1.0609700528939692,1.0280904302940397,1.054659282171547,0.8931418366835452,1.0474275307512761,0.8720788383678594,1.067933997247503,0.8552743408261333,0.9473853165034196,0.87887172055049,0.8700951369121123,0.8516633967200782,1.0072576573329894,0.9026308788060929,1.0069521915741404,0.9150381294995694,1.000821433987188,0.8684358372357249,1.006775787167297,0.8724625256446319,0.9063851112997647,0.8328734609949491,0.847821373350723,0.8258388833932433,0.9413464085059146,0.8292348725813776,0.9866847123856045,0.8968143467026893,0.9891817943662573,0.8907743950541117,1.016692978714611,0.8835269017331774,1.06910210798663,0.9394440096587118,0.8577263385425233,0.8621989626363026,1.153448259631989,0.9085590806534329,1.070916518208839,0.9185466082892001,1.0236077116647102,0.8779853459704083,1.0747849607526778,0.9274139744362421,1.1949425153809745,0.8594863129243794,0.8746969269564325,0.8007305593503737,1.1792733155267727,0.895109879769657,1.098692581796809,0.9360836810890348,1.0687872708466146,0.8893585724273431,1.1046537076283092,0.9591584338586798,1.0223212340141514,0.9003487570868822,0.917013744399357,0.847413374287762,1.0254274173122768,0.9090867686182277,1.060386877397528,0.9506926426527359,1.022934911559801,0.9123823802678903,1.0823954720840474,0.9244194363248738,1.0162341940816586,0.8650723590117236,0.8710558631732346,0.8209410699190273,1.0314048547828663,0.870730905118749,1.0520167635292619,0.9169237052847568,1.0332638004146244,0.9150981206666402,1.059148694411774,0.9354247308486904,1.1532102893722151,0.9709671251738653,0.9129263521088815,0.8529452416157335,1.1400975190932372,0.9472507375894761,1.0590226079105582,0.9221542181095762,1.0578484824184757,0.8891003038620278,1.0836209145379145,0.9422238054844363,1.2960585701352845,0.9585776488560629,0.895492954529422,0.840706004941826,1.2597957133310644,0.980202695291417,1.1110126477715245,0.9818084642087533,1.0832426568166684,0.9023276989521675,1.1381304269495804,0.9650557220401534,0.9696257453761835,0.851769568066666,0.861189223471385,0.790641916936217,0.9992485623818144,0.8749105026342981,1.0205785913248948,0.8813193510200008,1.0009799755528925,0.8428745488345107,1.019417831579532,0.8669445253932071,0.9342518147437464,0.8275334840996619,0.8303495713707828,0.8209119979969351,0.9718059449933609,0.8187449706522432,1.0133285078047922,0.8795252462820585,0.9645147935916476,0.8159626531645081,1.0203725628238172,0.8564335627851627,1.089827484018571,0.9172838495282096,0.8853874653419889,0.8515478658846144,1.1468721806110962,0.9020922470638247,1.0322392908964568,0.9116686285635559,1.0304078377416075,0.8608275547375452,1.0583718073771564,0.9169561966610553,1.2515722944935288,0.8795588924899881,0.8515300473220957,0.8457819621053836,1.2630624373153356,0.8886171442027129,1.0891677245049254,0.9147341158891664,1.0672887147098213,0.8690267895245349,1.1175132346774408,0.9382489296435038,1.0475656094618453,0.8750569873708772,1.0233999409791787,0.8233364329370327,1.051247538233256,0.858124993237769,1.0810821175592735,0.9207441708475195,1.098833167333268,0.9221911594395185,1.048297055695556,0.8553649857016953,1.0659970567097716,0.9763340545726771,1.0735911614996743,0.9553655963201024,1.0619614717517196,0.9582155712042645,1.101727725306223,0.9567265400615367,1.116559530671839,0.9946504514154484,1.0515673495882947,0.950816580460523,1.1730750475026746,0.9165268050028158,1.1199662543560178,0.8815877061864045,1.152303424357919,0.8902785915375023,1.0773230460823222,0.9153825744788733,1.0920699459288732,0.927891314959286,1.1044061391865077,0.8981527275053158,1.268307240473619,1.1081994144228622,1.1705585392734306,0.9655984548876186,1.273474720885119,1.0930693043632702,1.0870471159328365,0.9839052995703376,1.11714920726065,0.9708720093754891,1.1519014896713482,0.9891337450193154,0.7965278656551165,0.8075094256105333,0.8096533099005633,0.7783123514866492,0.8313513324325768,0.7998530020741186,0.9394095837991001,0.8408475651842701,0.938771688027657,0.8052119284787437,0.870198888747051,0.7897692545865385,0.7605988889195058,0.7442628783586523,0.7826190935793266,0.7675809897392297,0.8002365565309587,0.7682552880415825,0.9159752153341411,0.8331005066233419,0.9512162362166375,0.8193213985573934,0.8604968270957188,0.7764075807771244,0.9260521062252108,0.8217222680884361,0.8576832599833043,0.8003886627146135,0.9627699341987712,0.8242738635584568,0.9573794693429197,0.8793111691118838,0.9997522371602774,0.8690790458471923,1.0083459834428876,0.8068392854556959,1.0624325832717167,0.8049099623161273,0.9248918931684643,0.8051415218249647,0.9884466347292815,0.784310254078479,1.0546300094041983,0.9004317265765307,1.0435446145439649,0.8633757770414707,1.026810995283594,0.824715412692685,0.8188239872367505,0.8078860097253048,0.8161750263680114,0.7933921945820843,0.8357690112012982,0.7979591771262515,0.9279050078709878,0.8491911952321253,0.9429919401830372,0.8105026259536426,0.8939910641736498,0.8209709911639059,0.7912352823180864,0.7843000643027044,0.8027716932506981,0.7824632136589821,0.7955623958960112,0.7880778298538345,0.9302065127096562,0.8450437563477595,0.9494823755469409,0.8098428924179131,0.8715814341299964,0.7736480732381082,0.9369899981735271,0.8394609990013888,0.8651259081419149,0.8269562155324268,0.9807919676993518,0.8277583629707961,0.9877960240326669,0.8516327147969088,0.9988109903479084,0.8570326843620802,0.9960640158148687,0.8287505192122456,1.0257891542682251,0.831939560883788,0.9337686835912997,0.8139152750646065,0.9631410945905087,0.8030495013167116,1.0609124977614357,0.9105132526570571,1.0659877427015734,0.8616029442114713,0.994725277963131,0.8390275220576086,0.8278717364255457,0.7891232125151972,0.8165822445163881,0.7893888179997182,0.8246725751328586,0.784026616744682,0.9494268603063876,0.8209749654771917,0.9665942179058877,0.8241671634692787,0.9226968375186296,0.7846203034206366,0.795817612752114,0.7586051044215688,0.795496951024361,0.772580951115348,0.8222215604868599,0.7478514580601118,0.9418919685939762,0.832187328993747,0.9642314124980798,0.8394579222798397,0.90168112898207,0.7794403305138328,0.9345145785580834,0.819155663291002,0.8649697711948752,0.8032093560168707,0.9899444336823161,0.8340070753257007,1.0064540349040922,0.8622109353059036,0.9939376794621668,0.847789259636556,0.975252038256005,0.8412875347211527,1.058077459153092,0.8064826415894045,0.9329916006744222,0.7886858962195915,1.0391847576450886,0.7929621523681676,1.04893165539815,0.9015221443423255,1.0582955504072453,0.903706319052035,1.0216412499002905,0.8144797478977862
20_1,2.9143478899013484,0.4142534371259171,2.1325624741390254,0.0820532238089427,3.289452442106993,0.32954318880883127,2.1291106833319837,-0.033831475216614254,2.4239303385399458,-0.06435702822740433,2.74255651191799,-0.01356539577245854,0.6649382635190634,0.10810651080663967,0.6107679315436763,0.2202283822390418,1.2187807368066919,0.1664425509029426,1.8121705589759889,-0.052986382606182075,2.2805336417321618,-0.14646153365310927,2.2280410762844136,-0.06967250552392198,3.985914263941921,0.47643906539960196,3.3276463282673863,0.0010491938043836616,4.09686743140286,0.3880549882331498,3.1151119071803923,0.1487562274450644,3.1486040565701003,0.06943963494429689,3.436530086581455,0.18341134496862566,4.544126248611889,3.3784496782017976,3.8579169236968918,0.192016930870558,4.461559349021754,2.760931118437724,3.6500453928427747,0.07157075852924963,3.586920055336634,-0.0017311541631276862,3.9443450055204323,-0.07608154805206015,4.064037170290768,0.5343362556996879,3.3994758490742782,0.07007901912379466,4.178750347208714,0.4606820432454902,3.3133705973454863,0.16441144568352634,3.3642622448028017,0.07449432326097674,3.537783096448044,0.18116905082742443,3.838160969305477,0.45463923215365115,3.0448727820496595,0.11067327817483888,3.9475893573080194,0.3966376988390905,3.1408165938297716,0.1227198850977624,3.237184633577716,0.07674793990994026,3.474699537120398,0.20251685884647247,4.333190114195434,0.6485951887743612,3.490114428211879,0.117483416971411,4.379029613108792,0.5545129683801873,3.5339442703874333,0.22592051644519914,3.659531910465293,0.11303348714719873,3.802352514200319,0.2053842774484238,4.632109229532393,0.649610214784444,3.9486466986794126,0.08457762070645322,4.5995138781328135,0.8593306595012655,3.824106888639747,0.1975534632423243,3.8064562811749987,0.09584116334266281,4.035812589167642,0.2663854455721917,4.011014019792644,0.5571617255831371,3.3975871974312617,0.04893289648776826,4.07645829555061,0.4776988689790358,3.0939559997762607,0.12155926622749463,3.1144713768972645,0.04460595013689501,3.499076415337913,0.19490871939748608,3.7792774168333945,0.4399308656995991,3.1072035633832464,0.12487173976903211,3.958277085627468,0.39745519205021623,3.057168748168921,0.13742722500705842,3.055844799994196,0.049440225052674494,3.481159139505722,0.2063131536026066,4.280888499587578,0.6330467223361375,3.693926734808671,0.08546649051290828,4.348996014081484,0.5719344495010998,3.683593756481523,0.21450010047445256,3.4205546584234656,0.11875991486531999,3.7635740891426943,0.2333007812965204,4.694249439138639,0.5866475017200278,3.8889269748114668,0.12075236990045696,4.622765060243947,1.5265560420540647,3.827224658185137,0.21063906421209552,3.8415147126864024,0.14747106962442816,4.057394311782096,0.2661025399517803,4.0940572804894675,0.5611245353423685,3.4129581583249813,0.10817351687259835,4.227275915266354,0.518380224825086,3.2004343411823366,0.18641532053326582,3.3450314124741913,0.10982710117265165,3.6424722496373505,0.22782813251977738,3.994499295666605,0.47884715973189257,3.2196692037720327,0.11249702245374558,4.088565216042938,0.431364249587352,3.249625535812691,0.16707081090223244,3.360040375014973,0.11220673570796275,3.690551593532821,0.2038360756521718,4.403593218697656,1.6667158688040176,3.6186128638609327,0.12970382412992665,4.3517615142303425,0.5556766526061188,3.64872462534888,0.21050539531687754,3.5102945343894443,0.11576727663119439,3.967164529362468,0.23837999562664122,4.678942800106199,0.6840010685569232,4.014662935878362,0.10515154964673618,4.612860616995317,1.6713786227015701,3.9417334534741384,0.2554434410002708,3.808133791312778,0.15893777094659983,4.167513048099546,0.2795081845409485,0.5064207566630764,2.5785077134061924,0.3689682417258849,0.19622547183330027,0.5120176416434643,0.17752574330346657,0.5662254244251579,-0.10802694168811768,0.5454089093608987,-0.11269234863706164,0.5135556115523706,-0.01132033160635862,0.2776167364027182,1.7555983104646038,0.17995729329097834,0.4366002142711127,0.3138539475261229,1.1179282429904855,0.5210361573886513,-0.25546077220331875,0.5477558701259775,-0.14303308697935202,0.4808458162666136,0.12048767042313785,3.009328279487186,0.40237244323754834,0.4679526702699901,0.1876229430376114,3.256392700068954,0.280126291214119,2.0174603746643904,0.05900048721707481,1.922380567952836,-0.10217005222724759,2.7805141291185382,0.11055766234183423,4.049223378906127,3.7810759010425783,0.43917886579522847,0.3039257561342755,3.9285193885129064,3.8014162847013107,3.4194855206002828,0.026544996709731376,3.4148686347643618,-0.13731757777007486,3.8145578038223578,-0.009348274648705062,2.2411057883708327,2.1370208871762886,0.42845578999777967,0.23632194787206384,3.1434006357790825,0.4022530571474632,2.336327113409184,0.14349001658709865,2.731075202231588,-0.08472509645499236,2.7834029166832988,0.17416377484686785,0.5572873045671841,0.3140925832175915,0.3728384152616975,0.21957388093143654,1.1861038035885294,0.3461272458903038,2.306577469092617,0.11675891826070608,2.140551942235708,-0.06810174626707828,2.699073544650907,0.1596896339480965,3.8272456875600986,2.580558935767056,0.47906212631169626,0.21161486232313367,4.051630807283711,0.47578557464695587,3.1280554547835235,0.1887089750218425,2.9696682848788165,0.03501305877689749,3.560534471188856,0.25090371655391774,4.400226293215772,2.92438777145575,0.47741104774076837,0.2171675430409241,4.4426100801999295,0.5138740302078187,3.704306171838382,0.1884665735732463,3.42363510332711,-0.015190020643499794,3.9930296375809666,0.26250312463220105,3.736708729482688,3.2206868908087887,0.588251640057175,3.6618572033892502,3.8444314853810906,0.44078305315807753,3.2743481185107464,0.19598024202065362,3.1328679127294197,0.00573805835940121,3.495850143465512,0.22238362407570322,3.1756909349214273,2.580164594344858,0.4018438560021606,0.2053320278278327,3.557774183582964,0.4207129514028376,3.2060385415131862,0.21453361274117863,2.9205504609777293,-0.03442835423753556,3.4832592555854434,0.23057170325047419,4.274314473909079,2.9227401670661783,0.547256737420856,0.24945176448539455,4.313811318342538,0.5306828448565837,3.4388863400202925,0.20801570222225169,3.4539267033902648,0.036405180344649395,3.8221072245496672,0.24358521518547194,4.5671155872014255,3.1457806971256255,0.5369676036413208,3.2839012462445925,4.632507847380636,3.0163259780439025,3.8838764988948657,0.2566671300942048,3.8204979118560662,0.07227224709748047,4.025370447289282,0.2939762792562593,2.7475472594895725,0.46411110334414357,0.4222525838555121,0.22067790437644194,3.3996897413201332,0.40872981395880464,2.6205142195562656,0.1448305096962992,1.964784477009717,-0.003299130846214563,3.1099217895223266,0.17327329854321266,1.416839533816159,0.3052879715096789,0.3978778632781302,0.2003053099514006,2.8616405786830614,0.3570129263543672,2.367605002405197,0.14142667173752457,2.163618961852359,0.041093846352771045,2.792142234533371,0.1899744800649722,3.8802373210881926,0.5162035951157327,0.4711885789716921,0.23300703518641033,4.1505402585422155,0.4831996064833272,3.1659546800261085,0.1693972849091098,3.0045606566140193,-0.004447319080494892,3.43831999936598,0.24901289513140507,4.352386075422046,0.48830066685398255,0.48394784355269854,0.20263491507706846,4.495119514061703,0.45913075095776434,3.811893926677475,0.204643055976912,3.546003437088186,-0.03826578007900927,4.002494554458462,0.2560837982165801,3.7453011954610838,0.43162353572282924,3.8132695865600743,0.27157293250320924,3.6554019374776074,0.3690081348757872,3.8550877888664457,0.18179064667793499,3.712239371609373,0.21840848282727812,3.760538146215851,0.23225247869822055,3.922272886134295,0.6063037308767913,3.8109732579499886,0.3555314011347001,4.0239419153341,0.5571571727464104,3.9370675738428105,0.26138868672541377,4.077476705574038,0.2551284529153869,4.0459465090334295,0.2473415870473235,4.284929240665566,0.5439864578377978,4.226572254396979,0.29268326457529864,4.305519682160329,0.45865088062534437,3.920297613020634,0.21379229061131447,3.9552481649015565,0.20802509865734445,3.979915778193485,0.24259169547238366,4.703523725409788,4.147221950049363,4.495626886956056,0.4688731475849521,4.647890619541881,3.869364225940026,3.9997811342288916,0.28629795695315785,4.092906284644303,0.28350041566864087,4.215202116917364,0.3445403193542735,0.4802249422735124,0.121473090567602,0.48390299399966263,0.15585858842277234,0.48310986695635494,0.17042563854477247,0.540450276942215,0.08293059768770646,1.3644590006423514,0.11088422163696324,0.4970014729955408,0.0943622124295555,0.4878466175915359,0.3862317470392545,0.4817052176921953,0.26538222132995315,0.4671631740771136,0.446701979847407,0.5311122164138742,0.14754112287416943,0.6195308703469505,0.10534905031154196,0.505385193050445,0.16027538943115002,1.2899261688732893,0.3582892041036501,0.5399446403219498,0.11750357005554325,2.9504025098500315,0.3195897283467152,2.7009741284205693,0.13233021555016153,2.816254500683144,0.12987902660901393,2.7018293346134996,0.16575844466953044,3.637489578917986,0.38912459518818043,2.471501962248352,0.21351242960470418,3.3664113776894027,0.34459739239725135,3.489138823691017,0.18294978327987335,3.624940503423478,0.184719129051869,3.622248625663365,0.1930097268474198,0.47861796711669596,0.18759433329336897,0.46769583552717947,0.17148517950457393,0.47526101018522793,0.16151474986517647,0.5381661017685248,0.09302375173406598,1.4290908436291723,0.05801507981989472,0.5091357042524938,0.06884732991129232,0.43609790896892525,0.40193977753516064,0.456894470480314,0.2474560345289949,0.43753076598683444,0.5779807304891174,0.5446719666345283,0.11694048876272929,0.8479589191837383,0.10694711191038057,0.48469721701126145,0.14663876669763534,1.916872296431009,0.3186364540358106,0.5447100110916675,0.13185759235857683,2.867417590318953,0.31913255654703504,2.0718167442748676,0.13519598353422205,2.917257650889791,0.14014898313114818,2.682907749416222,0.1489440920535308,3.603953483588339,0.3844864809904983,2.8629003500255714,0.21235313659416924,3.315757679214289,0.3163011798079376,3.5347249451285627,0.18254082889455966,3.553688458677088,0.16786134331685476,3.336946516256791,0.227567695255654,0.4958970424018397,0.15158422610695824,0.4897531240823061,0.163929050708056,0.5011619819561486,0.1957258440054132,1.1609633196270823,0.14350733331859258,1.3334495572150984,0.13082675644268657,0.5619731830363858,0.1515998488211963,0.495911961283699,0.36095872600215784,0.4908370446048067,0.2587713689745402,0.48323866896513124,1.751121341043581,0.6242276581290035,0.1833397127551446,0.7489544762183656,0.13961970895655518,0.5393527388233923,0.19919171748292552,2.3232012575844467,0.4073665406573066,0.5202402168376494,0.23237557767498257,3.2568422283260094,0.3497861932175474,2.5783730779076053,0.1601152084166806,3.05522280478274,0.14167170856577066,2.991624083159269,0.1701793830667537,3.9299550648384014,0.45335315644527857,2.997955428630942,0.2500126384034674,3.751669134841216,0.38309149434933676,3.6256518486350835,0.1889038656777497,3.511254602218602,0.1827806261019525,3.7881871615564613,0.22350242894381192
21_1,1.7294752371522137,0.7237398773436369,1.7319666612067615,0.9042459297621536,1.4146758600921334,0.9242495312588058,1.5155275389301184,0.838228932771799,1.5777333730928127,0.4560985253065795,1.5669979641966985,0.2279689975738377,1.7457460686800046,0.6202404579608987,1.706595044877863,0.8409746389078039,1.4769184857424893,0.8426915364668195,1.555078110115606,0.7972843100922602,1.5458106499787794,0.5557209410794275,1.6039781529565291,0.24055497094827588,1.8175596499546822,0.8948705812382737,1.7853497731686696,0.8723471488890543,1.8092851821313718,0.8433571229908744,1.6547885677718306,0.7433972165831395,1.557531820225806,0.7153677742069684,1.680172586525038,0.6719347978137954,1.859039237984901,1.1872821256629114,1.8337226182578923,0.42513458785612185,1.850764183211465,0.889820141173311,1.673339242827167,0.890449718046969,1.6859336182504376,0.8607118234605372,1.6935506440928687,0.7417875023649984,1.669943348660154,0.8084860641873568,1.421931491093904,0.6956834637533504,1.7058038312682196,0.5112057954251837,1.63378586457994,0.8175193267448005,1.6540990097642405,0.873136040108572,1.7171318292930495,0.8726948946638796,1.6901003408288584,0.6159846373235138,1.5922864484897965,0.5965894889579635,1.7287528007755861,0.496628953513263,1.6407906282359022,0.9246771675023651,1.5924191953726892,0.757344400330706,1.6914360481543425,0.8114084338729163,1.7839216906210817,0.5691997375497397,1.648180384379738,0.4225172261943819,1.6417133076545005,0.9697569071100111,1.6193570590391113,0.7821004053378943,1.664382291752835,0.7853226855570006,1.7224353284746654,0.669733054631551,1.8701234216039517,0.8299847311134211,1.826710889811241,0.6533017972411965,1.862539245617127,0.6220835417919071,1.6844857516273726,0.9421376637382645,1.630857685847739,0.7400226030327858,1.7192373197623678,0.8953984841794309,1.6860649074893286,0.9075143800188866,1.4164443871667967,0.7508251656842233,1.4609654340853877,0.6740417001944209,1.6464695934954117,0.8871760155798386,1.5999622100547657,0.668909261136963,1.6198132268710266,0.7080195515523386,1.38254991226337,0.6487595745147702,1.380712799581218,0.738734725551801,1.4600519090134996,0.9140004418163163,1.5755059672380103,0.9120756276875791,1.6440567563302035,0.5915019772062108,1.6855284838953744,0.46077529410361967,1.6335592088914204,1.067143227311667,1.5681545434139392,0.6263886550232912,1.6027223559125043,0.9057725420528282,1.6675634387273512,0.8114845791508234,1.7198174394328958,0.8013978162033116,1.6225299012452492,0.8009672149224213,1.8504556048166487,0.9441857055568014,1.817654570022641,0.7620575813195986,1.8406318308338185,1.068459277732295,1.7086131944601453,0.8809321232745191,1.672222525980225,0.8187738169329251,1.743448521802615,0.8551613823775106,1.8412285370848427,1.011804249755298,1.785097958431034,0.5132473596305267,1.7451516989688187,0.7414271075106653,1.6534203481840897,0.9023324224538635,1.6312468306377976,0.8585575182713924,1.685403528416306,0.9099178384858271,1.8476033817561648,0.8832490833375058,1.7882664986572645,0.8354341588648799,1.8032846557751636,0.8169828683980949,1.6545208317487454,0.8159691456398572,1.5935099934036299,0.800468172984198,1.6667762038598277,0.8371368693047795,1.8598199303669185,1.0807102373162114,1.8167900300883881,0.8321669958847787,1.8340564323450812,1.1110888060550481,1.7022258704013482,0.9586692550110483,1.6992023196182455,0.8570778284241232,1.7017344717437524,1.0083834513139989,1.8898161636590638,0.8602672897141116,1.8396086231796105,0.6322813919579224,1.860389973280386,0.8833335832710885,1.7129857263568018,0.9871441097075628,1.733091071464511,0.8534396834684255,1.7008719970401467,0.9032754990796835,0.5562802710705615,1.1078934259974522,0.4033465401726501,1.0543625730815986,0.6226137681480797,1.1543416029759277,1.3397649590089267,0.5557307158017282,1.4449508747520357,0.6738156853567475,0.9671170737597524,0.5324654462373462,0.8206849826792576,1.0645031803680953,0.7154080338545922,1.1078486961921659,0.4625310224331374,1.1940654786670004,1.4003312129550327,0.8739166095395523,1.5103159650436646,0.44238313000164525,0.8773916158440012,0.5033870375956015,1.1480734534552237,0.9143453174699137,0.5089039511024012,0.8620888428848261,1.3201728280810248,0.8060612689283018,1.5241968671443713,0.6841282028117689,1.6389890600430768,0.46883689413154633,1.5605435593997734,0.5194409777867318,1.7321639945799436,1.5368538865830152,0.6305069441101232,1.0471269028956165,1.5292233185581492,1.6487430699430279,1.607475404576966,0.798635099696175,1.5893606891707641,0.6167537124566349,1.5221870477590163,0.5196868362841551,0.9966693872065018,1.2623237715423186,0.793501892639578,1.0220660136297695,1.0297202777242827,1.2269436229431316,1.3172731136223694,0.6034047726223467,1.4250259069760793,0.49350395903739547,1.3264807135387597,0.8358124831262008,1.1881842269272958,1.0351717935995302,0.5617068124985725,0.8204142604614661,1.1973356930212455,0.5835639406676829,1.4208495737798414,0.8062303314893149,1.4786494566609287,0.45399699852287223,1.2514332304785765,0.8882026833997485,1.380697386460417,1.0245020958045812,0.7173853823648579,0.9417440887722067,1.3804665787766475,0.7919694606175527,1.6087941951287803,0.8540583684793752,1.4936723166216141,0.7504176146431506,1.4704779119344082,0.4717170474412996,1.8064565009991103,1.214600700989905,0.8508159566626746,1.111986278820443,1.7734568374686015,1.1152446592936458,1.6283241240089705,0.7040922442149482,1.690790197068152,0.3728347477440284,1.643184289065211,0.8106630970460124,1.2815013448390125,1.137369089389426,0.8974792092453258,1.161164242669555,1.3946764110464822,1.1892733766227697,1.5508990859599814,0.7638672327523778,1.471606764651218,0.5724767529365534,1.3801267462909654,0.46002051221757845,1.13350913586265,0.8766372429577157,1.0074271450850152,0.9256840581524444,1.3692708428599645,0.8048506584129058,1.5364883657216364,0.7804943128986194,1.5648169344618235,0.27022487781005783,1.4295541173243231,0.621083206666169,1.3855665935855397,1.0859241390244503,1.0113161202223804,1.038934744432823,1.6427496311601888,1.1066152148874304,1.6634971752743497,0.8343833813885315,1.552208039273277,0.40418338705333,1.6737853899554658,0.34097751070653376,1.766170233553245,1.3611016600494694,0.8485063913476277,1.0532000643944908,1.7903321120014086,1.327035253137695,1.6523273284612894,0.8565813466469282,1.6939358230362191,0.7345460903945306,1.7122087709034228,0.8893966208512752,1.2270160434617576,1.0483418450599673,0.6652281672123079,0.7318791037464982,1.1307977313722675,0.6780811449230927,1.3859561361566208,0.5143245795333764,1.4917416071931877,0.4575793896433509,1.558886650969369,0.6533954891583694,1.0674189194614323,1.233296896658234,0.42833128843646284,0.6771654527232125,0.8451679617125326,0.924249181162306,1.565849569658598,0.8881563721247684,1.500331814785472,0.32682487608502064,1.3547320087907244,0.8534747315694265,1.385656484589448,1.0931545832211087,1.0087671378572503,0.5359464418170806,1.6477160531852648,0.6420355175613707,1.553516658230219,0.8232834642721844,1.5778838715001087,0.4224928553657029,1.5730657279526958,0.6358558513693808,1.7247247248561413,1.0109779128853407,0.8273699289704832,1.0327096337620338,1.7969319781885131,0.29931742740998984,1.6857722599850204,0.8801635982731348,1.636902386070861,0.3474144309927172,1.6886316125718575,0.6378648960154482,1.6143578489643549,1.0104180714154232,1.6486417978739853,0.6829740174714819,1.7028388127155034,0.9313240406482401,1.6966585000567362,0.2999895752350693,1.6493502697148303,0.2825838986063388,1.660805018434456,0.412202619467009,1.70515817555865,1.4256582721771156,1.6554688129699322,0.5484618459505228,1.736950911228466,1.213538316975946,1.628106750010623,0.408325584483729,1.6388971453788894,0.32864755429721243,1.6990069028280192,0.4130915927362193,1.8188108616773422,1.4479485784190385,1.7752437993898103,0.5367383259291602,1.8118325981546977,1.2131775595800727,1.5995624379809146,0.45977260730377395,1.6352676466492961,0.288089528104753,1.6891602989821524,0.6167436832091049,1.839226129940812,1.7670767475643485,1.8099700563511743,0.7141878149581525,1.8402543680995354,1.6222176748964434,1.7033822202033455,0.8575557271790001,1.6348405134152146,0.38953587024818775,1.7380125650002058,0.8481549692083441,0.527585519294184,0.9250554145797235,0.5638979324626756,0.9768669891351551,0.6680859747361587,0.578881573014159,1.4404313860569817,0.38024530260784556,1.3975113460784347,0.703677521530524,1.2330489813459673,0.41286638684828375,0.8256248814267394,1.0662352752699424,0.40641761934076565,0.47065423070994683,0.4044104009299351,1.3119324371133947,1.4900870942621098,0.4133932765628915,1.4983337007391218,0.29645507562109447,1.378536066225216,0.6004741539421242,1.6207400176924343,0.7620178384516234,1.204741819250951,0.6729804141732321,1.5011168894939424,0.9591936695797656,1.5409434637106945,0.5214107260605317,1.5329408222305092,0.30439739952664857,1.5781219363911299,0.2666336292309482,1.7803765372889877,0.32605668622954903,1.5834861274429595,0.5388227045466887,1.6036201262841507,0.8867721903395468,1.5913423178873978,0.7427673150119666,1.601788866456003,0.27293012613670037,1.7059345325400366,0.49597359046192996,0.3352931553502237,0.762017826965487,0.3308004196496439,0.7764924925149659,0.9885335164201471,0.5614353593897966,1.4479534653638215,0.3612224866376811,1.4318461318498563,0.31880055308436756,1.3751443593773667,0.22581315691496304,0.7623297128612946,1.3676208190638086,0.7494489461830174,0.8370432633344819,0.46845830949238093,1.4806115567731002,1.35813639828568,0.4519394306369447,1.442980303000377,0.5520804113791289,0.9784571846321377,0.7375595358223561,1.282376763476127,0.8161999367306225,1.1319084468861416,0.7620178001695094,1.2368486376113004,0.45004652887966745,1.5019959968232195,0.43680054794022677,1.5853718523165594,0.3211816948962876,1.456874047127687,0.3774484556745454,1.6994473293751289,0.7206201282382869,1.4871187294390156,0.3274938287424434,1.5831423748096292,0.6734579759517532,1.6020775548877635,0.7271877654048894,1.631319992906127,0.3947696428191436,1.6723986909662119,0.5983142373285256,1.3778667119715224,0.8173751059439285,1.3096690917258555,-0.06042145350962439,1.4032918775454315,0.5633201605190217,1.5147806952165264,0.3423769900766963,1.4907179541763482,0.29922766839623904,1.4498258328620923,0.2298956550384352,1.4792768240028846,1.3724717428921067,1.284144128782253,0.8451377293411938,1.309827761427205,1.3706149173798718,1.4881752113223632,0.36719087853090365,1.5566941673257273,0.279024130539741,1.524157999494033,0.3071917455971137,1.7494582740433076,0.8301368354320606,1.5269867497765028,0.46446406020236897,1.7550254344637393,0.8165342351582907,1.5605122012373798,0.32921899166522595,1.5232660949666204,0.3292078933632156,1.646902283235754,0.7533801340185807,1.8304271812032646,1.126200412892632,1.7494988727163543,0.8835717306673769,1.8193175307427085,0.5516835426441253,1.5743230271494582,0.7510583814913899,1.6446745048043907,0.34707694775965225,1.6736411363375203,0.6649173151279585
22_1,1.3501147670162514,1.062904867339015,1.3117489047476236,1.163901714678897,1.3768904854325263,1.1639017610954592,1.5248283378806502,0.651302581065839,1.5969942712605512,0.8972451665679815,1.5884066182809335,1.1639017591614358,1.2778447790502274,1.1803976690960278,1.2753011592601105,1.1655398181045857,1.3312704615534419,1.168097971543579,1.5645739075125726,1.03760204157128,1.6241901978888766,0.7768423055586454,1.5536294375741113,0.6888027579952515,1.6059965416359623,1.163918340190162,1.4592340910111858,1.163901714771206,1.6547617337839846,1.1639369492673022,1.6472749987634046,0.7823818225644645,1.632433418975401,0.5944110354724808,1.6631152079944467,1.122725805018024,1.8133580326214491,1.4605673054211101,1.7234430240093939,1.1639024581055877,1.8218178872245017,1.2650556329730605,1.7126658686735656,0.9110245461011531,1.741919234213077,0.4287434829149912,1.727148172103821,0.3118119024353448,1.5023593664218513,1.188057279345163,1.3908546948292306,1.1639017164253247,1.5408536218607918,1.16923266740988,1.628981659388647,0.6681592411883701,1.6173750477276485,0.43742483318210756,1.6359201525462792,1.1639334050752843,1.4646522040356196,1.1639019745541108,1.3776644536384781,1.16390185228785,1.5251126168183056,1.1639097544429966,1.5627565377221524,1.1186671983887262,1.6452715200584764,0.9296519375926092,1.6313505227966216,0.5353277715726426,1.66548945860683,1.2149077665183146,1.4549278677717743,1.1639017148069386,1.6955516928483427,1.2228310444514994,1.6515859590087607,0.8817959857431154,1.6499510290264139,0.7614314204238785,1.657404513872145,1.1656427011893773,1.8180584363530725,1.2528013393305915,1.6387523052954855,1.1639018792614388,1.82504549903745,1.1843271669563393,1.7463874390200196,1.0448698527426041,1.6653162922977045,0.7783787835272081,1.7387659873327574,1.1029303711226381,1.4563493590062098,1.2373719105665388,1.1661560015453505,1.1639017147473842,1.481837784043134,1.000682061579924,1.6556181355208839,0.8991768650854598,1.5769830075647684,0.9917383965142504,1.5840786441201462,0.3207792558916095,1.4208177205094268,1.1639018924854496,1.3493083701883595,1.1639017684667827,1.0819643715543739,1.1639031424578774,1.621593215656708,0.8230582144789976,1.5220784958583533,1.0140677537829543,1.5956253738741097,1.163917037656108,1.6431003442277943,1.1848124593944505,1.4297220731943492,0.9276205455670338,1.697932349937561,1.270085666650795,1.6174649545838087,0.8425290645440743,1.6435360709409375,0.5762560335108304,1.6525940623358963,1.0188252907836781,1.80539002560544,1.3092776816078127,1.6383830656383802,1.1639017296984728,1.7836923654924617,1.1967772158301804,1.6790334108480347,0.9496295102524577,1.6536978554627593,0.8336000154737849,1.7161187669272504,0.8983519092322173,1.5938824098450297,1.1818914405430458,1.4175458599905217,1.1639017163136605,1.6484087763741804,1.1693627519292982,1.646548756717088,1.2161820202378533,1.6927877667221487,0.935778539405912,1.6596151220260371,0.30881371928171053,1.6040610064905358,1.1639052262260992,1.4754171171171468,0.9195321952029416,1.6768624076668521,1.1639413176073656,1.6128234959763352,1.087686785403607,1.5837837258826113,0.9492703595145402,1.6857871332575889,0.3139656107812796,1.740316389957375,1.1937498776661755,1.52064249563397,1.1639017158714704,1.7495533548714564,1.1848118252580948,1.709311531029893,0.9493123036061315,1.7224534987252607,1.1091542049708665,1.7188006269700162,1.040655664079255,1.8341694200438998,1.1924592472428142,1.771526383640538,1.163910886598528,1.8306140276206524,1.221310806032204,1.7071540862944312,0.9308801432035152,1.704324004349949,0.8329668688699544,1.7674282761949365,0.9276611771585068,1.1825490627018096,1.3493481280667956,1.1646760036582322,1.2820332580892493,1.1958011336415444,1.166594081310863,1.3802015187002412,1.1639292232272471,1.384045368784475,0.9210506786079367,1.2833151183725626,1.1811980394539188,1.163936718007163,1.3203593960877475,1.1639232511449904,1.2195349134975375,1.1641315376161694,1.277469862949673,1.4389203825918935,1.1647181433109735,1.3827895701741644,0.3307663379913118,1.241318265335287,1.166598306528728,1.284833232471125,1.1639017487022256,1.0580538288161183,1.0874008939486794,1.3635400605656895,1.1966724064141663,1.5331401671161007,0.9306717547870774,1.5331862804625929,0.2960257991688646,1.4412851504326998,1.1639018845438966,1.504926699078696,1.579892524040979,1.1860028598601802,0.9534281804501596,1.561095595223263,1.6491028477843879,1.5244965444665366,0.4267945268076095,1.5176460581343978,0.311171127411342,1.5743768456548426,1.186797045654518,1.2687329183100022,1.4007974857095247,1.1671307781039033,1.3594756059950786,1.2762440422609098,1.2093541362100038,1.3268550040652505,1.1648776415826758,1.551712657157175,0.8811928962665905,0.9441141317845804,1.1639056437006323,0.3185663898329329,1.1417674805205522,1.1641726439986704,1.2436508469518384,1.2658396163515206,1.303106286654677,1.422251617890037,1.045247798066639,1.2404406427408698,1.1639134290606952,1.344898316464206,1.163902325316246,1.4487035679615567,1.3407917694902654,1.1718844288439947,1.2030287895997378,1.5544431915021253,1.1915567364701276,1.525057340813172,1.180580296210943,1.448260109184547,0.917654585918836,1.5395238915346041,0.7768196692930831,1.6855911572527458,1.2846512976556743,1.1733183118864008,1.2113437428689438,1.7051912766994841,1.3287110518800263,1.547658789751546,0.5145508109924308,1.5507884752965422,0.36804068671288553,1.7634142187882178,0.9280838509504229,1.4699546669793389,1.3920070064591594,1.2159328047393352,1.37871200924973,1.2063943071216041,1.3051195707208294,1.4775654547369756,0.9667121181677325,1.6454061139644873,1.1639135573653085,1.5451838304070908,0.3583983429821967,1.3736488223513206,1.249782942568416,1.1972589949023713,1.3436587309281476,1.5338716423312786,1.187187736159342,1.4700697952352262,1.166671309110434,1.5081520460016418,0.7080858246097873,1.4270130316795484,1.1639421500719473,1.3993048601931928,1.3149599290013152,1.1938887240835447,1.216451918673068,1.7242521167644966,1.232943450311843,1.4576511735491802,1.1519617019265629,1.54668598831153,0.3040641373811206,1.4865197233732033,1.0595153753340008,1.775407458117329,1.5473074832976514,1.2400171188893048,0.904692240287107,1.7516229772843985,1.3815538490883248,1.604797962795992,0.7647455799501668,1.6469243675517111,0.9213163582134385,1.7234435174550822,0.9938082617646361,1.28893774099639,1.1860893641256534,1.1686012492880091,1.1959656347004877,1.3678437474023748,1.2138064365923675,1.420118382362291,1.1661404957336035,1.4875241837655166,1.1639046071614958,1.446354020451746,1.1639037982633966,1.2159104935531437,1.163901714978157,0.9179462993074403,1.1639033019167444,1.3395536066636566,0.9175013321026724,1.4273195270244823,0.3819314037121734,1.4788762779874358,0.9970859250670687,1.4086632355767288,1.1639023143270173,1.4766935910171681,1.2693205774673273,1.1722188933554574,1.1727787056389463,1.6058148592070172,1.166360765898328,1.5267038802599995,0.7415700966639952,1.4926095210103243,1.1639038778765871,1.6416322117804214,0.30163097683811646,1.7368341518534867,1.2002539909731094,0.929976066050203,1.3934687520526687,1.7639502997637502,1.164921458019769,1.5588877898849425,0.6642327587055794,1.6491021966185777,0.3383006854435272,1.6937010404049682,0.2979921647090912,1.6328459994852365,0.951218098153186,1.6915288916741773,0.390148708686852,1.6700279025152591,0.34549617232212665,1.7223066085942766,0.39866336845890205,1.7470450427387756,0.5435317089845255,1.716925656059895,0.3606340146516973,1.6692445567436955,1.2663130400788016,1.6274616483825297,0.5452676897077426,1.684873979948714,0.9430720963800867,1.7227818528676464,0.39067794419152563,1.751683432272566,0.34981562956670303,1.7314631413005053,0.4392569375324486,1.7757715580637439,1.3311538918839096,1.709122552038187,0.36708216259381543,1.8001825616272291,1.230762752980036,1.7369068765291202,0.540224039943005,1.768015637065431,0.33569944229018395,1.7626497320659906,0.7075763597133167,1.829521844040044,1.6687565862155302,1.8076359993663478,0.8085617297453148,1.848981882051854,1.4325442802287527,1.750979689000074,0.6889323140522593,1.6805725392829947,0.45339542478084044,1.7912833960549042,0.9281394024845444,1.166654425868769,1.1639017166724748,1.1663099603824576,1.1639017147533397,1.1734383275018958,1.1727787057352226,1.4953673796417708,0.8538298631581736,1.4812499519979192,0.6714226485444126,1.3110790753612818,0.38456846750528273,1.1640922209251907,1.3610737753720463,1.1644331713018643,1.1639143433755845,1.1644467667036298,1.43497877331191,1.4773110951460426,0.36435610819982367,1.5293945060695255,0.7619508222053725,1.2025461713136292,1.1644414570077295,1.3052549747433195,1.1639017147578063,1.2199226185058303,1.1639017146833637,1.3538955496938412,1.1639017237132732,1.5515544749988457,0.44142980627533146,1.5742432231031531,0.49283281275020224,1.4517309696836909,0.5897180880510309,1.5394978107805741,1.1639019117795222,1.3925096306086246,1.1639018102753318,1.4876005005209756,1.16390185488888,1.6367599909311945,0.47706933187709066,1.6606952298884432,0.34495750985224205,1.6241750520427147,0.48482998036805985,0.5970688466649191,1.1639017293679468,0.5924494332475145,1.1639017147578063,1.171740544970365,1.163901716163286,1.4342036069673556,1.0502981120302315,1.5266003482992534,0.8605801693275842,1.3103986321734737,1.1639017989600309,0.9175524664386364,1.6029467754259856,1.1641532931522094,1.1639054276397975,1.164290149997879,1.438628265273957,1.4494823015425704,0.37887031909479185,1.4823813584524215,0.8756943162032301,1.1984458043517425,1.1765352820265196,1.2640616786522374,1.16390171494838,1.2255913320473009,0.29114650929675623,1.342576482898558,0.41689352977585564,1.5336993226782971,0.3608196151900111,1.602873239118963,0.332223089155827,1.5120681005147647,0.3662525619672342,1.587006672991164,1.1639017328206032,1.4573878669678408,1.1639018236705632,1.4742322280078788,1.1639018011948028,1.6832265332510323,0.4695324369734781,1.6848361722739096,0.3098568862034569,1.6615911472614469,0.714207389850217,1.196374640446158,1.1639024351817155,1.186895393587384,1.1639017154560796,1.2078135168609452,1.1639017159220915,1.58307949976599,0.7994326907563535,1.6029667436642223,0.6023719976793819,1.507380179962318,1.1639027613759307,1.1854440522555751,1.546154547790477,1.2145999930227593,1.1750509927205022,1.1856311692160904,1.486408899284674,1.5526718152756944,0.3971176534300345,1.5466553852813283,0.7918569578915187,1.4770267364793934,1.1641021950221084,1.4263935828620462,1.163901716204974,1.3677636770382653,1.1639017158178715,1.4706557432120229,1.1639017436907377,1.638328237883086,0.4864316025775537,1.5541912137451654,0.4000979061600349,1.5072525215915193,0.9192910155594479,1.7720134435406973,1.163902338398802,1.7125341853865064,1.1639051334443316,1.742172543392911,1.1639044732263992,1.6421652255121981,0.5747008079365925,1.6983260774810551,0.491102678822965,1.7261654505393706,0.4747259123211709
23_1,0.5816943747550838,0.5571917549668991,0.5439561354489314,0.5492004065171071,0.5231021253391688,0.5469393137079233,0.5437358470912043,0.4861814614134979,0.557228156529035,0.5266716980803365,0.5480896928846156,0.5318125370497212,0.5221396659782176,0.5361698484500894,0.5508853033903379,0.5788155601926042,0.5606939888335036,0.5536450100729801,0.5552334002306826,0.509709424966584,0.5254593542167437,0.4622374159094237,0.5211269812357503,0.5157340594545555,0.5546247323561694,0.5252708690707844,0.532166580676558,0.5403131489789756,0.5514756577665683,0.5438008784486262,0.5507831202103344,0.5094728917758814,0.5401501894194034,0.4996820715595783,0.5548165158979355,0.5165836193828316,0.527471884410463,0.5335215981602976,0.5733846535942418,0.5572128933432124,0.5499954174991166,0.5104566596842561,0.5350633468871173,0.4854419069022326,0.5503260100345141,0.525080281697591,0.552620404014252,0.5301435278739691,0.5437616614550267,0.546333991764472,0.54244181570433,0.5714384488509299,0.5603889742430216,0.5538322755556406,0.5420519381789719,0.5365896420185854,0.5255969835857697,0.5398800790430461,0.5195231116770131,0.532091636120098,0.5646655853031137,0.601880404486033,0.5499336538880782,0.5313421616507418,0.5846434991255701,0.5635824238768063,0.5059056161272729,0.5044121252776517,0.5630285777209391,0.5355973123652471,0.4926635461729926,0.5392115183300452,0.5478830771521792,0.5354558453060728,0.5342301403356222,0.5456935697477616,0.5576438115790926,0.5750068331481443,0.5575721301583078,0.5324568113212431,0.5369025886995902,0.5177781552869993,0.5521120559874617,0.5266699114052527,0.5331026448236826,0.5595334226213486,0.5320253756191129,0.5687431433322949,0.5473538592531761,0.5698621227488233,0.5547473633887665,0.5506046960600434,0.5601180138345375,0.5331955526114455,0.5524430209677612,0.5263660505738029,0.5331196734992554,0.5533116869919223,0.5427493848581874,0.5119300613806799,0.5243794927795958,0.5200753303816841,0.5327240985244349,0.5271170667224286,0.5885761253493023,0.4940181037233715,0.5236142807048204,0.5314733660335391,0.5415141329568683,0.5362623233791189,0.5600115749715832,0.5417168664460474,0.5318202251941141,0.5686013737049561,0.5814168819006055,0.5538493013185684,0.5657369951473624,0.5443711965668843,0.4659963655581282,0.5265961217296762,0.560461715855214,0.5694846754654683,0.568322013252125,0.5669689489980734,0.5356625439012247,0.5601989667359085,0.5700010008771107,0.5528525312738197,0.49518764894633666,0.5337302681664723,0.5512066535527103,0.5407512460706766,0.5620078621924577,0.5489516998246924,0.5817989712596316,0.5234381759651886,0.5457708549137199,0.5211663818225775,0.5500542904214369,0.5331444892092644,0.505829327610073,0.5202552612676604,0.474252781744521,0.5086974519221161,0.5195420562425486,0.515038174212287,0.5549073674551066,0.5626624887567715,0.555314575880327,0.5231172005099571,0.5802154504691218,0.48957200659537037,0.5454953265537178,0.5765489686609104,0.5023084432991961,0.543261100532959,0.5009142897058332,0.5353716879795001,0.5679008797828458,0.5058838116929498,0.5411905542552358,0.5117482368732811,0.5561327229606089,0.5228888301347283,0.5546486858242001,0.5385156894740185,0.5296085757861141,0.5389929278668539,0.5204600936281307,0.5402943321244201,0.5091622195130397,0.5505503746660055,0.5202110473170355,0.5589697217737729,0.5767661966383865,0.5204619252602032,0.5347468862974751,0.5036275605193665,0.5178474962456203,0.5701219296933029,0.5716475755382388,0.5386988013537305,0.570557017607062,0.5190298546190906,0.5482741525326591,0.5451438447094855,0.5300788826075509,0.5283180109921203,0.5629039882963466,0.5491631065877265,0.5239137748497825,0.5323409544835281,0.5401306087899702,0.5556361555461324,0.555536884211439,0.5519147850990787,0.521932866524613,0.5501803149819764,0.5352531819776368,0.5235783678255796,0.5457586369425854,0.5080779039020508,0.5530190926598173,0.5179947287390584,0.5595965061316462,0.5437349805065775,0.5280360460720908,0.525401945950509,0.5364213916093199,0.5940677226317246,0.511698787398344,0.5055220667456646,0.5049717626557242,0.48323265934899795,0.5189353923226457,0.538615781322928,0.5266920051373957,0.543684382942946,0.5368815319850355,0.5443965941686227,0.5441436458145074,0.540906419945045,0.5389722928056923,0.555251944728706,0.5844248064924376,0.48765165789298176,0.5210094268458877,0.49294875678384437,0.5663016923491601,0.5143603071663057,0.5421201817321684,0.5613299530062033,0.5729151316888831,0.5857820898362228,0.5560003985304868,0.5042778209787097,0.5527729278054222,0.5387942991775077,0.5297137469086547,0.5689644446047133,0.5353738918653099,0.5600881572272994,0.5457109359952514,0.5405884857433846,0.5398874997483933,0.5644434789954677,0.5280106295998042,0.5267677312824569,0.5544141217722641,0.5417421166192969,0.5358331507380241,0.49686527117810936,0.5193028499579392,0.5738871340753218,0.539289788967162,0.5696813629326613,0.5762322803742796,0.542101544392554,0.5469402772624457,0.503275741957386,0.515294610674701,0.4946235727917373,0.5438886570560505,0.533438026439845,0.5811618797240503,0.5277898554852258,0.5069948893907045,0.5388112179109538,0.5626636256269341,0.5516165921278134,0.5443421675339788,0.5259986488259648,0.5370139452561749,0.5011855845548933,0.5528913486768138,0.5515607577006384,0.5764098469940734,0.5735021925891761,0.5344291851683151,0.5540770874443072,0.5001407393262636,0.534512183216402,0.5558015276929155,0.5297689822973899,0.5659699054351317,0.5150954725294109,0.49552715200727543,0.4763135512940871,0.5324596582728435,0.5563609452837446,0.5441228868517707,0.54188805130903,0.4936813679941463,0.5564376947518823,0.5472269348429976,0.519475611499781,0.5720819462719574,0.5021524884088384,0.5424571385402513,0.5440798183669849,0.559589014104371,0.5635757693945771,0.5761547403379805,0.4948139298573268,0.5609480987555248,0.5032376699095198,0.5428446508340478,0.49704537343286687,0.5513460858639193,0.4556041921593665,0.5500687328592416,0.4886233166435088,0.5312518907873277,0.5379451679755354,0.539979408303509,0.583299618948857,0.5463674905707516,0.5506724856328764,0.5805809978335724,0.5216861558016869,0.5389562792143574,0.5415698461865431,0.566072480822896,0.5274443204815789,0.55468145692918,0.5238073421534153,0.55673114301161,0.5060916886986403,0.5528920933761328,0.5047327255028318,0.5527061982237489,0.5354003700286079,0.5461419486770809,0.5150774370231582,0.5469556999701807,0.5418038280018108,0.5610718880090051,0.5306249802338816,0.5704749942388315,0.5749185902516241,0.5608272110725581,0.49133429384943567,0.5096441151784755,0.4727111591146893,0.5588232596391521,0.41835183205132087,0.5664688692385972,0.5413867756590356,0.572642895880347,0.5396922669450961,0.4987692789902335,0.5145665752127326,0.5644024602994736,0.5756721066636081,0.5476661967181926,0.5339847494680626,0.5507653873874723,0.5387195258918629,0.5958399481065416,0.5140890897241627,0.5579698977574598,0.5305938641618198,0.5264958863793247,0.5362099173083852,0.54728894898461,0.5585510520111038,0.555652743090155,0.5069523402960978,0.5469695783710401,0.4812384990740171,0.5691722049231941,0.517379638257746,0.5607663085417984,0.5179204360792611,0.5578369321502592,0.500904328188996,0.5707222267914989,0.5721552402867297,0.5445861352376461,0.5301772418434196,0.5356262975124652,0.5178504178058634,0.5402087376229338,0.5621613924534689,0.5506621945386135,0.5804156363309769,0.5490820276942896,0.520132904534763,0.51243123020303,0.5175802403254219,0.519223665784991,0.5110849756077914,0.4776968124170746,0.4312013495424517,0.5288262355390286,0.49983873735316053,0.5189671961106141,0.5570911809991791,0.5585130473351215,0.5515540622857926,0.5655780665016451,0.5554807975098656,0.5198543664717401,0.4816644301792852,0.5312003127942746,0.4462217976493565,0.5458843576015455,0.4852799850828596,0.5604059310352036,0.547540694516249,0.5651365500427591,0.5310302448329423,0.5455776537340634,0.5497183430609128,0.5335311545238521,0.5100892279934315,0.5332363159579231,0.4486472110157685,0.52796807282986,0.5179568702910728,0.5483441382999807,0.5746600141628136,0.5320490603960556,0.5546022241262132,0.5219610162094251,0.5450988234209687,0.5529602466243757,0.49947558534229736,0.5162458856771293,0.5139505193932051,0.5327622995792103,0.5326939343162572,0.5475122604432846,0.5590896829674181,0.5743024691685478,0.537832269114744,0.546445072620408,0.5510576630197938,0.5263855161036339,0.5047294282478331,0.5394536076020748,0.49503476844838684,0.5247575125468974,0.48933707638312884,0.5265843373037774,0.5455980479824944,0.5515332046609687,0.5689951460226154,0.5859506373280963,0.5360700721986879,0.5283706257082579,0.4818412417974452,0.560446653939544,0.45005296397298933,0.5383934647351971,0.4844896586544116,0.5637538854372593,0.5591059277511204,0.5727034389544664,0.5175193088319116,0.5441463743815939,0.4946641510267313,0.5704218007559675,0.5094011023121393,0.5209884545484857,0.4892290090675134,0.5134666922967152,0.49288135093340646,0.5656599768254054,0.5682837912380428,0.5453812525700247,0.553905591750236,0.5676170785142369,0.5488731483243563,0.5464590150188473,0.5210956677992641,0.5206539863407609,0.46858027594286944,0.5074478972232208,0.5542457985787486,0.5222848315889297,0.5000637817483086,0.5567959880084722,0.5536680202081365,0.5319648231302906,0.5608625817368709,0.5558889514740746,0.5198575330684705,0.5036597553061716,0.46745548586725255,0.5447289153548377,0.5073514656772313,0.4939539004713684,0.5679540288789288,0.5560696309886671,0.5415733153371669,0.5607296756068725,0.5567088073262958,0.539656491950751,0.5157429113404568,0.5047455416743937,0.4658143472933556,0.4966873778046037,0.5016527573744379,0.5870920308763155,0.5695338213934441,0.48007527473111383,0.5711833124044936,0.5421463351445134,0.5596627597746675,0.5683242646331832,0.5072815927636611,0.5269753659902325,0.5143117025961017,0.539986035381986,0.5118065115107209,0.5644495018405542,0.5316945952197402,0.5392094357793698,0.5211807550694859,0.5330186614539898,0.5593346167750601,0.5562851575042074,0.5252972158524911,0.5070880620801574,0.5083225328930674,0.5361464943571603,0.5266083308903848,0.5625808614255211,0.5160186746705956,0.570650592267453,0.532933985538417,0.5168764465232251,0.5663360190502471,0.5558134226719822,0.5059996605166476,0.5098257976554325,0.505714401747481,0.5622252756643619,0.4857803524626575,0.5503230498783239,0.57891297376804,0.5399961849638627,0.5523606411332043,0.5458368819313378,0.5425983151893486,0.5544574866911579,0.48709649023201007,0.5297712316300921,0.47936165792166247,0.5295545412508248,0.518345616861486,0.572097073815872,0.557771967485869,0.5557530384427901,0.5634841916923825,0.5559624670375518,0.4978114079465379,0.5586042686559929,0.51009036212049,0.5044043086709937,0.5083723616554027,0.5468411789462835,0.5389785365144723,0.569745596045968,0.565448001440991,0.5076934723660923,0.5180801968361708,0.5271694155206755,0.4953893489885506,0.517674844506566,0.555551567216001,0.5371106597788583,0.48519192081693696,0.5435003047411271,0.5445225046500901
24_1,2.5713575717893242,2.4319267586041757,2.5284106107568984,2.402993330482194,2.601548150832664,2.409398814713802,2.6628344346669874,2.503933574102304,2.6743470245372682,2.498058824986901,2.6470919245374214,2.4394164826721005,2.5200923164843365,2.3927971103310886,2.49974530568744,2.3910989677414944,2.5224914899904247,2.360679122584121,2.6703148055256953,2.534853858875219,2.675381277636566,2.421709291469366,2.640698700285832,2.3837968189992518,2.6974713874302423,2.4596563232976933,2.599120995911301,2.4015224219721616,2.716317226023503,2.446584711548041,2.6840098528294436,2.5544818995843044,2.695001689401256,2.5383062855189698,2.6971304839891976,2.486900337621537,2.8214753786797684,2.464943775100592,2.6428932616483416,2.408880412916901,2.8093545435583662,2.4606807264695463,2.7325572064729564,2.5674262911255314,2.727706596123353,2.539574477547926,2.751265364926928,2.5362529493023613,2.683492780112031,2.5146445828422794,2.591710971628965,2.3993208294478316,2.7328053473029095,2.522082645948752,2.6817137758168474,2.526823235249789,2.67974589788572,2.5316931395115105,2.7028152160520835,2.5609245889591223,2.6599518044927124,2.4395271719992184,2.5652136214925694,2.408824760558845,2.7133080983860647,2.456022532104298,2.6954820048571104,2.5503937489444546,2.7058450994731666,2.5211895133532694,2.7243529847624615,2.525093895424092,2.765214010140674,2.5420132749268225,2.624980964619153,2.389700512933927,2.780000312147742,2.536200396293008,2.7279783498434718,2.567691982179726,2.701674417099379,2.556666450323966,2.734227045363555,2.5911210198668666,2.8412059446402385,2.5267286354115575,2.630056332014033,2.3833762579421185,2.8549077461640717,2.5736536341328504,2.761813074241902,2.593832732284699,2.756359529464166,2.541748544551582,2.773042967757,2.6216605294750486,2.697338573908853,2.5053930219925293,2.6029431496568023,2.409336824558247,2.7175763227456122,2.5068523067312007,2.690301372165127,2.5504240962599942,2.6941529898617045,2.558937463923594,2.6859557811510033,2.5608069286990496,2.6467971616625428,2.4463761455419166,2.55959494682024,2.402025372209759,2.6918455417607596,2.4430351163743897,2.7012792873895477,2.5575082501968343,2.7007633640029303,2.541657344024518,2.706751029972748,2.4884926096421656,2.7630407913231396,2.5321472757365484,2.6323544647077273,2.405915800467123,2.767151872288198,2.5384682870432953,2.708271062131643,2.5918428528369373,2.7114827374628803,2.5599551089121926,2.734961083486499,2.573298207467151,2.8557126236707964,2.522718485652597,2.6583370345278983,2.3969213537551877,2.8451871947534264,2.5828313601845747,2.7486220041319576,2.6012680749308728,2.741187097065353,2.5328349409249284,2.7791178171278914,2.61718634211197,2.7051513375950456,2.5246062298008454,2.5980244771637446,2.4156864106985445,2.7394986600222673,2.5186128255208664,2.69973269929445,2.585500468058949,2.7030071546083643,2.5321008878237024,2.7259263670160276,2.5775049365348295,2.6853740161036064,2.4389283276307183,2.5741154842393237,2.390392108622594,2.7167498404004267,2.47384166570393,2.6984840766179783,2.5575010733377304,2.699290440707577,2.539625366464227,2.7225924114329487,2.5430030740813994,2.779723990261559,2.5643193256252763,2.610466225768546,2.4060545433934797,2.792247410889261,2.577077621151881,2.732235329295233,2.567769799063193,2.737908138695947,2.5396733095409814,2.7399864559065943,2.623312285069256,2.8659701224369862,2.5509872999008265,2.651677096629184,2.408691415578778,2.8452291121342754,2.5677577924665242,2.7241507437999286,2.605333726238333,2.741861982950949,2.564628153053348,2.776015449298976,2.642168553306502,2.490082124864032,2.476030078788318,2.465600640159789,2.4577585614780197,2.51950409249327,2.468542460107928,2.627878149907623,2.481414536088439,2.602148677866437,2.2871054454700346,2.586874728676806,2.392426715783363,2.4329396838833213,2.5163787541762104,2.4276656876574982,2.39409361105447,2.4205803346101535,2.511377375117807,2.600158000354538,2.517778947551417,2.6060521173873656,2.338695249686143,2.5231536639615695,2.4129022117991084,2.57943498575617,2.4831642927619337,2.4744975161219824,2.4951042429048504,2.596792640735914,2.456034679830317,2.66171889776048,2.52454705002795,2.6502120458829155,2.43088223274332,2.6630763335828056,2.455510575614803,2.6980719477410005,2.5136516688154797,2.481164588578501,2.3918133749358144,2.6863221730252067,2.6393937336253606,2.7237808998960724,2.5661035127443985,2.699796471783589,2.3942259923576166,2.7254364499204495,2.5364472525524246,2.5604824494967433,2.465475765481338,2.445079252758177,2.4245819768632892,2.615589339835038,2.503226614202651,2.6671951082046066,2.5279578157670795,2.6422978017971346,2.4588299456999043,2.6713105993773683,2.5121269185273167,2.5193287964388524,2.4581206488382317,2.4505993787206823,2.454292647739382,2.580177532911613,2.431593983708512,2.669215287764029,2.555655612997359,2.6530774726427415,2.4295791890523217,2.6519066677273586,2.4605668111628582,2.663922567267263,2.5159322570893585,2.4856943587591354,2.4573685442865756,2.718411524236424,2.514693695780886,2.6922154397325,2.5745771349735525,2.6845415590560555,2.474698991641566,2.712311676222252,2.571052389093486,2.7951576847547357,2.4894316870631057,2.4579690260218463,2.435498348222691,2.8217498290617717,2.4910726995930372,2.735798509673188,2.583015985918645,2.7035257248241114,2.492851274031205,2.7446660491889214,2.5576105912692917,2.64325124445883,2.5237123460517803,2.527984092592919,2.440554329416037,2.6912110729440664,2.5088351080701727,2.7023386192637355,2.57131558174768,2.7074633615018016,2.5288840073232857,2.718600274885332,2.5811821307663623,2.585922214499968,2.477022725187642,2.488882956877614,2.436546937493256,2.6423039068843157,2.455464509093598,2.7093049816404866,2.578466973212168,2.6832099079764524,2.430918363958424,2.706667332238147,2.581378833749632,2.758021315252946,2.563437491726004,2.5401189098712993,2.4606067366801403,2.785836109866562,2.565246489246035,2.7382352652270865,2.56910715174049,2.667380591743863,2.497656078594849,2.751743841860245,2.587217510091679,2.852272622372987,2.5803817698464133,2.510203084616386,2.4438965730686157,2.838319992775342,2.595591061456502,2.756410985482799,2.614752625393631,2.7324813876165823,2.460418117710086,2.769392495748032,2.65148438297838,2.5753966695014605,2.462414599037237,2.452904213153582,2.402533987301146,2.626765970936508,2.4640633450146687,2.6605401002513736,2.5440277225682,2.643429252242953,2.4169779529787956,2.663548040663001,2.499154742861881,2.519838348243548,2.4085896378049356,2.441786287584808,2.3958262628180704,2.6022521556859433,2.4079787662020045,2.6562911012924517,2.520641509987677,2.6610112501526793,2.4150178788782197,2.6521567021563763,2.483433729629659,2.6996385341431806,2.492589783305991,2.477089524246656,2.4283607269971434,2.7331252840838482,2.5111920917362425,2.7004075351470727,2.575156806826495,2.6785044744588706,2.427186050731494,2.7255302255996177,2.547334520567752,2.793647659840415,2.484484053699624,2.4491124285305963,2.4092330387469256,2.806221201128576,2.491193920395012,2.7570069698436064,2.5833478910672802,2.7174626737584267,2.422587700666947,2.7736427198102667,2.5683677198033954,2.691022188905948,2.519017665424491,2.6988031540468636,2.4922211178560376,2.660269248443684,2.469242217732197,2.757645122624239,2.6297604830043224,2.772330990594123,2.5511465649479583,2.728380825156285,2.5090031237273456,2.7143572184461076,2.6123302895758274,2.7139561928754627,2.6130251609036956,2.73809194677563,2.622121623292554,2.772287537146496,2.6582204933034794,2.7676415506966534,2.6404688504116525,2.7785595300613,2.653700837063844,2.772587545523542,2.591654398720586,2.731260211515538,2.5141360251536833,2.7891038440835954,2.555306863093199,2.7467523516383046,2.605315990398734,2.7596269974701744,2.622436779557908,2.7544602546150156,2.5483826404165844,2.8740770771297086,2.7708367756075107,2.8042985244841403,2.6110423358843686,2.84630234797765,2.7474595775828896,2.7617280944976708,2.620255795830656,2.77937677344828,2.646874069506197,2.804975680123239,2.636662689841524,2.4221192684045723,2.4183217675818263,2.430985330207102,2.3735289333866527,2.4376169186983554,2.4498499315828504,2.602932397522664,2.4887634208175506,2.635463538868583,2.395770224787716,2.5296433783549097,2.3489893199364005,2.400032541757955,2.425990573885749,2.3943377127624506,2.4194337250742635,2.4064937096415604,2.4584705079353117,2.6094291361541466,2.507285210844985,2.6203293856193746,2.4136917996928813,2.5392676452707805,2.422876383444279,2.5523251770882847,2.466270318904654,2.4899733737390233,2.3719918575204724,2.5930660028803265,2.441327462516371,2.6464033739943673,2.5140431110174406,2.687275435464721,2.4665555417382885,2.6539636195132026,2.4619393457405345,2.669045928336323,2.428562672341405,2.5573234282517583,2.4168072324537135,2.6207017361525704,2.428750723621008,2.7243697743483444,2.5610271934580555,2.7132942501935884,2.4860257409903204,2.6866222903137045,2.4576489224195703,2.449901082232067,2.4677224297664213,2.445530733329839,2.432291987560102,2.4676321591680765,2.463152915034386,2.614442589381611,2.4862943360178296,2.6622187781219955,2.425129301987545,2.5344010735273717,2.383711713800096,2.4123427446740315,2.4431708831988344,2.4198503104068743,2.330948963179828,2.4179180830457034,2.4415708615512406,2.610873245179345,2.5086181657125537,2.612950842302992,2.3515309327921146,2.531995246182365,2.4047324451368746,2.5619027580914704,2.43559617842232,2.510552481098741,2.4070241804263777,2.628693743085773,2.4174876161470937,2.6695590022852556,2.524289487504532,2.6678252075450275,2.4619662539683485,2.6757576713528426,2.4479965578321217,2.6495035508648552,2.425246630275079,2.592333967074584,2.3862998778727516,2.609514759698278,2.42465678040586,2.7105365265848724,2.5619104581006846,2.7193628758538884,2.508349129601497,2.6785063403639233,2.4620982731013927,2.4567331923290934,2.426939098567446,2.4417746193191574,2.3964482814127246,2.4615562388616605,2.4150524773811934,2.6307438581065044,2.482204251654099,2.63621347653756,2.410284866733593,2.5887735816981117,2.397792080345996,2.4249340606642966,2.428612076438605,2.419674699643248,2.3782202919968065,2.441849199927298,2.4518360915781487,2.619663901567706,2.504532140228337,2.633874165166156,2.43860190641655,2.568430377105438,2.418918460560016,2.595592762132598,2.4355078795828655,2.5229637519183536,2.3973681107063762,2.632100344252611,2.416264229628832,2.658774290995138,2.504079779175745,2.686629697157758,2.5064933433340957,2.6624269567223564,2.4585410548887383,2.6938735858499787,2.394861380718009,2.6048156398966653,2.428477401145267,2.695121387211656,2.445301376320901,2.7299567078786477,2.5456244904710625,2.726906082669164,2.519329524438935,2.6780618740024535,2.462580644347215
1_2,0.8142827118435713,-0.2169793455660925,0.6768158278446273,-8.0,0.9972818856705045,-4.479603596912916,1.0502524407958769,-6.726767165956955,1.1217758127041182,-6.6307841425898575,1.1069505501031893,-6.28798199954875,0.5988940945692852,-0.2354295615126536,0.5453850313345504,-0.23241074768655887,0.815104955546902,-0.029675472957646734,1.0332601841755789,-7.048662481204082,1.0523355922907314,-6.306712842994345,1.072484282012339,-6.885389015767827,1.2680848915883165,-2.9919573389122753,1.0543029149904533,-7.293709042741237,1.3868839672374196,-2.9470250500764266,1.2210002504352993,-5.193528332390942,1.2287185231299098,-5.589737478568642,1.3727301136854615,-4.41840529124186,1.704039070601757,1.0051357069748341,1.37371250379296,-2.0904231898371792,1.8183833070540913,0.7796676890117605,1.4717820398716055,-1.4482820018266018,1.3769709583511502,-4.641147057933223,1.5488160341162711,-1.169606087411578,1.2697877529709065,0.23761698959005348,0.9930680082160568,0.30477010986902636,1.3217033955351272,0.6556787490983714,1.2434881604817771,-4.094428877969614,1.1746345741523887,-5.134315773882263,1.3079555793866713,-3.230086820832338,1.2008206905668473,-5.294456997501906,0.9120591196472306,-5.891637965044828,1.318578733828594,-3.8292565730144914,1.1747839711906076,-4.47314207636916,1.217496955068451,-5.494368493287655,1.3016250603714308,-3.7838274975440704,1.4949071774043978,-0.05934669914480137,1.1640355646529652,-7.5338741295818,1.5512016290486343,-0.1677607556588458,1.3184247841442587,-3.3561391305361,1.3394996243188262,-4.671583697169786,1.4039144433895232,-2.4142581022684246,1.7544230054279313,0.27122463810083974,1.3777213152460404,-5.425881882060632,1.8062410530585427,0.20681724551667188,1.457179222745176,-2.718735438173724,1.4371495326730734,-4.071049598559256,1.5859496794110006,-1.8902350299412785,1.2611922558194646,0.3595103019443431,1.0358177522102978,0.2054171928463037,1.3592381504634352,0.16367176947698647,1.2116607006425368,-4.261291565748471,1.2067723176353302,-5.097774032194606,1.306037604127786,-3.2262354165202223,1.1821698617373377,-5.328591091192838,0.9112305783768742,-6.759076521205745,1.3315520558076333,-3.8103508202887277,1.1641890066441414,-4.599703832304102,1.1706367822510573,-5.391671904328716,1.2945886280821008,-3.6435403520196936,1.4504978477736503,0.35291713999645047,1.1626067108293783,0.14670340736062887,1.5156489104414952,-0.062415178882225725,1.3062195666622647,-3.443712036277416,1.2684278882578854,-4.783651969833894,1.3350425341726369,-2.4139317510162486,1.7411988770787121,0.30283829519461314,1.356130674245925,-5.136317359957419,1.7897728868432041,0.4454234318831207,1.4903564706119277,-2.7004560286074417,1.426319751434322,-4.064651971086251,1.5448939525618743,-1.691879835401762,1.3151022141999043,-0.8048083472129965,1.0644438523464155,-5.29876455450186,1.4371355861200157,-0.6690264811768009,1.2496231070907713,-3.7683243979407965,1.2526107340843622,-5.062554830814557,1.356213826589003,-2.6478678533185893,1.3080949222008285,-4.129146522495879,1.0365861958286728,-0.6957867655576782,1.4521261685929707,-2.745808071936711,1.2367482865018231,-4.098101340947424,1.2670272874337023,-5.317615721243012,1.3789763774734505,-3.15539622008397,1.5113926032141363,0.30616229558565816,1.268189360244007,-6.51534432738308,1.5653966082012394,-0.012631042714296938,1.364153007574574,-3.0314654061624404,1.3322185035020195,-4.566797598830908,1.4633498743289148,-2.112753254078697,1.7839966665513303,0.118980606913875,1.4420311192182924,-4.371492038481747,1.8426916966605196,0.27610573856004855,1.4791368021389943,-2.415192545668193,1.45325985758074,-4.162348757728844,1.574067671786924,-1.6159554874938729,-0.4873219405803704,0.954816895987013,-0.8240848997266699,1.042403329180915,0.37451392803459105,0.8956250017205343,0.7327285383177702,-7.460296761052175,0.7206038786772507,-7.480828536178341,0.6206450077299517,-6.476318552199247,-2.920111050870138,1.131173356700298,-2.744312676435306,0.6028822050276592,-2.0750836810207782,0.8338002548915151,0.6464220496667473,-7.241088107602026,0.6357082399205578,-5.827207398242562,0.36162284565633857,-3.1856334225477805,0.7136460991678666,0.5472595108152966,-0.6897393778234211,0.4506456540178099,0.9638150236477785,-0.222627564581832,0.996726304843318,-5.846627274324724,1.017581158693749,-6.608447433389072,1.114926479375067,-5.288049435271313,1.3742358847527423,1.3802873516065703,-0.3689633814310342,0.8955212994926454,1.4039788807724125,1.4434286051264063,1.306320476075136,-1.1451775966844124,1.2717951390501203,-5.479601631389671,1.397327485543975,0.1342475623627184,0.5675095247279974,0.9671657440792368,0.16625477939495742,1.1462827960578281,0.8836554894057321,0.6831702113779051,1.0008679137303311,-4.64213658888784,0.979156192532924,-6.366582046715011,1.0369638256470477,-3.8791405811258026,-0.10384705637274985,0.30958691886670947,-1.9532097600575278,0.36338535753116086,0.5520402455051167,0.15662359152100033,0.999469203135209,-5.111747474340773,0.9026764384141881,-5.854042613533657,0.9759181629023601,-4.349421491718279,1.2018155096630616,0.990078990908353,-0.2912783053331702,1.1265135586079806,1.3282927035479395,0.6373017259085906,1.2083352923794697,-3.7462049173800485,1.1334961610428698,-5.802940091939792,1.2546502604596963,-2.9370102900206185,1.5706743898071382,0.8829731869559613,-0.13693337986325205,0.6812774781767756,1.6147061618993546,1.0027202285840766,1.3874408314270807,-2.751008599590384,1.3337469669339228,-5.221465292159463,1.4905547446589835,-1.9522109014334885,1.1501382581414081,1.2784805066821847,0.8718483957013708,1.0748471123336765,1.243354890193079,1.3205682450392011,1.2442361374439206,-3.7701487723646316,1.177804513368819,-5.267344937863604,1.2539263230511875,-2.8801984998899997,0.8498770488026394,0.7358910184505103,0.307190658863055,0.8889882603062527,1.0126347696425093,0.7481929883153691,1.1410408034074144,-3.844856400656614,1.1646809565878098,-5.3996370685734965,1.293675396933616,-2.8665649994338733,1.3817204173066053,0.8547488130563466,0.4486983742680237,0.7677140908625817,1.4756414522286647,1.0999221835902337,1.31609720362548,-2.9893706727985006,1.3207958631822232,-4.782300278202047,1.426039921586835,-2.117746266171076,1.652988146822693,1.2150483989955905,0.4863024135810887,0.7742925377870642,1.766665353903631,1.1260948939939504,1.4400480102101147,-2.216293437242159,1.4349683902214967,-4.672420397900737,1.575043687952995,-1.4256126224954866,0.7101340785202248,0.19397846891543816,-0.876564827794863,0.20885181344424056,0.9854808843687702,0.35013242018584495,1.0058725027301607,-5.085849964358241,1.0369283956019242,-7.370590400897281,1.127929064187856,-4.337696999433079,0.2767346087668462,-8.0,-1.6665572307020895,-2.279685358629113,0.835045193153372,-6.984221243610959,0.9895123120417411,-5.493819795195838,0.9626166513118831,-7.024338466818941,1.086344305843292,-5.122746747596962,1.2703220705896854,0.17122588017591064,-0.3990312919553966,0.1931307752308404,1.4088000007012782,0.5631551593211648,1.1919425018496368,-3.9315707046287454,1.112733565993942,-6.553773598221837,1.343041809000955,-2.83971047591218,1.6061323624266106,0.11751347960066885,-0.2817261435163835,-4.3524874455738525,1.6520386818468316,-0.8926223375241676,1.3899593640531172,-3.0751063634708835,1.3056204891667578,-5.569941077529357,1.4644052001905028,-2.16307696158022,1.4764918454243765,-2.4529356576140824,1.5145267590276623,-2.780092060563675,1.4835818073071825,-2.729785629854585,1.7775625573860399,-0.9512958291915973,1.8236700495974674,-0.9993041509242033,1.7712813132839658,-1.6305493678143808,1.6779255476609718,0.31047409389343916,1.7019412367169469,-0.08899328727132835,1.6869869865315577,0.5114450937636091,1.7643731499785993,-0.28327822237860945,1.8791932417658124,-0.2807240469013998,1.8489207879730605,-0.10029142486938222,1.712395320748652,-0.2467375264108291,1.6769299950859757,-1.6250846668847678,1.7516334569907313,-0.40784718949566406,1.7595142690742613,-1.172510663058543,1.7128576661972603,-0.9003391792934619,1.7173144572338124,-0.9240531953564896,1.9646536014783207,1.5220081103023577,1.8873611354524098,0.24518129532653535,1.9917198723020226,1.2914017741872958,1.7155176176874463,-0.36199953420321296,1.7961221472798021,-0.15082036125111734,1.8096458148299872,-0.04085252213690756,-1.0929213093304908,-6.199248564336014,-1.1011713406123327,-8.0,-0.4556737822910306,-8.0,0.9647742896594965,-6.481551867301858,1.062953654930503,-6.747268297273977,0.6658333011965342,-5.1887367525037575,-2.3296439401257603,1.4185470320979923,-1.740277079815595,-3.208580325804819,-1.682924774670941,1.3797906594706044,1.0244510912401277,-5.536189101921569,1.0643279613424834,-5.986825590121133,0.5700928701854535,-0.42313235536415983,0.6400547182096579,-8.0,0.264386994203251,-8.0,0.9501765543447687,-6.469544156415323,1.190458136267377,-5.211831628858833,1.2777509771562858,-4.628127129402689,1.218076848217146,-5.512310265058331,1.360289778909359,-5.668582827011744,1.0881756234806106,-5.601148929196739,1.3925062687756267,-5.185362912914213,1.4472625521380609,-3.598938841269216,1.4929196960923041,-3.4828748621735905,1.4631094896921288,-3.8589161601546653,-1.2199217600202372,-4.769368457873362,-1.0181211976270819,-8.0,-0.5057275095024848,-6.075875846814175,1.011799033239492,-6.272214825817094,1.0600952800088146,-6.862013267276469,0.668168275023617,-4.723260244408538,-2.493966229762481,1.4049104356627993,-1.9349572246718132,-3.370319815760063,-2.0073089015331704,1.3689426651643022,0.9700213965657363,-5.355438328631974,1.0580545872216975,-5.878194026884459,0.5935917219397797,-0.48213156785155925,0.6167766363759848,-7.764471553092451,0.2309954789135346,-8.0,0.889574929168056,-6.207118254614603,1.1985989410225295,-5.204029658797045,1.2440167884138773,-4.769198676703733,1.1937957705881754,-5.381538735257536,1.3318307860777954,-6.067830754079208,1.160745506014245,-5.834547927168071,1.3351816124850562,-5.392963387775915,1.4379268509137102,-3.6247931382138137,1.4805823112789336,-3.429256478738837,1.4164846626445557,-3.931520439224662,-0.5356523250478641,-4.720751813643886,-0.5714623764846186,-7.316502682320189,0.016245313271514364,-6.903611453312633,1.1268162470719985,-6.182368532809485,1.2035833438782877,-6.423313194799005,0.9526631244411347,-3.7889498436555082,-0.4170778449387461,1.5037228344287275,-0.0838653419134151,-0.19835669050673804,-0.2545700589569955,1.48636028516759,1.2479074691203669,-3.8773217214402953,1.221634182566261,-5.910766268634601,0.9627117364531571,-0.46452236986852885,0.8792946379414192,-7.71331903064507,0.5175840288734502,-7.376233999866069,1.105045846624126,-6.181378273624111,1.3257560703024167,-5.23490169128816,1.357595812803445,-4.853197780384048,1.3186663971306425,-5.278568630899363,1.5266278817140035,-4.92299567320665,1.3011660653248294,-4.355321679190352,1.550162577922924,-4.22793476412863,1.496091033242575,-3.748743810382037,1.5402155385273626,-3.266986606411231,1.5694621347781228,-3.6430871370384748
2_2,4.365192020754129,2.1087383274819436,4.243470363957644,2.079346228732229,4.647935994182112,2.460664545393119,5.246677337667509,-2.8416848003231916,5.315866385929777,-3.1252858476241263,5.313409671545631,-2.442722613903763,3.889034676020581,2.7841139006491713,3.929060839881213,2.6508208194138523,4.1929977428599505,3.2183225597697778,5.243231476738644,-3.3233830615474305,5.249984124987019,-1.4782743021690663,5.17468891091647,-3.160262207828521,4.901056315054694,0.4413335423671977,4.643736353142264,1.289286487095006,5.089034642753119,0.2712346836701687,5.54267589333525,-1.128542250655203,5.5252937291244715,-2.113584783769036,5.609027724468018,-0.5012936437422546,5.325182703101719,5.259215834566086,5.010786481734292,2.2383211140772055,5.541207803406633,4.385329740554308,5.870834254544941,2.06155894394859,5.727923258656002,-1.7568128984890636,5.899193132971894,0.9898412643162131,4.847840001565016,4.186923220973672,4.625433194831279,0.30002662109870926,5.0352804998857685,2.633550175113466,5.450133810388961,-0.036964082772805634,5.515401504564587,-1.7756242649142249,5.57847365344487,0.618114612535294,4.570467947018804,0.4741143537516425,4.362177175947439,-0.5496549554612126,4.852589439123964,0.3344011577296723,5.4535510109955325,-0.46838537557723275,5.50266745647505,-1.888714782274364,5.538081677859197,0.2246200139774874,5.226555195901659,3.9951488820193632,4.845391025252374,1.3079207850224002,5.345909949265861,3.117601365434469,5.677576381624002,0.8446090369213999,5.644966442247754,-1.4602268822372748,5.7583088918481975,1.6143128332727084,5.536006971138957,3.599537190881607,5.120529050259846,0.6454961675283818,5.571667341491048,3.3973464381206924,5.86171455052719,1.5220570137052372,5.6809015452540965,-1.0825532488990457,5.871650893464563,2.1733785023234042,4.849246211994664,4.101130799098675,4.622625715115528,3.808899561118244,5.033513355858033,3.7649820538683696,5.429746921806161,-0.17720433431676705,5.500475268142499,-2.1626559464069763,5.553733993341706,0.7337838397790608,4.5526645081940575,1.8655379522596889,4.400470815375179,2.039611384580621,4.7997278392833405,1.5682963959495366,5.569541397255517,-0.45660765843305,5.461490841400015,-2.091097363876047,5.471649001771026,0.34174333962074727,5.172801590358448,3.5010504663249233,4.920919216307908,3.205919816719345,5.354049143457303,3.123719418528466,5.673151900136732,0.6262983950717056,5.676180678808551,-1.4129047762159002,5.711217613779882,1.5082526257489481,5.443462757652372,3.2773283051423174,5.142346087799081,2.0388287606335362,5.601293500547009,4.219217310141255,5.857133497804567,1.7500052245736746,5.759857335004827,-1.2000423827003304,5.9221931425431205,2.458732689014063,4.9302016041865295,2.1668909156150273,4.687506923194037,3.514181108449451,5.143727073358139,2.3844824941732763,5.674737376274827,0.32203745798269384,5.629664391474593,-1.5827507432851347,5.497897733401964,1.2199009010013324,4.736470414816876,0.060978559605405415,4.564943732498267,0.8717979509309548,5.050162093765425,0.4834303990323541,5.609725451104273,0.009808519458375546,5.585708676660969,-1.9724675947630408,5.567188917275836,0.5315306378667548,5.3087179819329435,2.8418496606143484,4.932484396581809,-0.8333090970699232,5.437988674522134,2.940793524852929,5.7400594343625775,1.1493172396180964,5.757206734788116,-1.4230003081756915,5.713067504857866,1.9113083455345221,5.487174427474223,3.1284158992229325,5.239105978036879,0.01668704846645113,5.716441065222096,3.226510601988337,5.78923717514334,1.6699078765911484,5.72389944964942,-0.8800193957645569,5.936619633277403,2.411034253318641,3.5024000167800455,4.87779824754609,2.9632706205297925,4.522617661469023,3.5899538326129545,4.3416070684797825,4.73645100501683,-4.1855829159557185,4.600979854562545,-1.8773740644184223,4.499752480625088,-2.7295996789857986,2.4752539723575913,4.6042386682449905,2.3092174226141755,4.058868360968573,2.9860544909480824,4.6684471818719135,4.576384157051186,-4.563904968169286,4.552069456650362,-1.2908260108951244,4.1250329532238,0.18462998534046404,4.072708565556838,4.408076553079812,3.348725126894568,4.254538157694334,4.397732424016677,4.327578074685142,5.164143982846941,-2.3620557850439337,5.094659222888039,-1.5640732596036768,5.2816967917370565,-1.8034590971996811,4.77188520182684,5.107829341338863,3.4209524660795747,3.944790862092269,5.02250574255237,5.324726965611714,5.540029727443256,3.8501497092516406,5.358196804087234,-0.01145132050532241,5.48399003208713,4.137081227399397,4.038057232370092,5.0240554634212975,3.7012441256070345,5.103167464890189,4.405345229398507,4.859275129611815,5.104334793439149,-0.8519423322216026,5.001452722717425,-1.9973246496598152,5.140179592348071,0.7419682543478839,3.3517813105568344,4.225790951651906,2.621699118181024,4.139202384864318,3.957327131055316,3.6544788779564947,5.112776970396603,-1.4956879171320876,5.012868259179957,-0.7291169466487912,4.996061951764704,-0.3173514009869036,4.708395540414248,4.254201392739817,3.638701453187225,4.052717850524902,5.027601561047976,5.02207800251019,5.398832104210041,0.15107576668195172,5.2709864361690695,-1.2269938833225962,5.527423600155598,1.0131367260268598,5.157249036409008,4.73026967657128,3.7711465012603873,4.363347529141215,5.373116626459742,4.310150009478695,5.634243718873118,0.8840208237120987,5.5135253646741695,-0.012981102438820589,5.682711219700409,2.024803134654916,4.54730492871191,5.567346651492683,4.208130088616817,5.576629935259548,4.8109213684582555,5.020463824976356,5.358260574721649,-0.18997667899012372,5.178046241964462,-1.106220765012503,5.282526748136892,0.563238599195044,4.016907933988209,4.726760902213675,3.9043423268155917,4.473035916754999,4.404468565297909,5.577820812854074,5.287967213567711,-0.21616221743226904,5.087891974931359,-0.19871691600529956,5.214760231177851,0.5303181817740874,4.889549907633514,5.176906132687292,4.057088741601,5.064412009070775,5.1264450960714125,3.6713077119633617,5.525124258501427,0.5874180801420559,5.437651581982409,-1.3364040169803393,5.582144033928701,1.5464104874106865,5.34780748725166,5.344532779440825,4.08256406088881,4.8832725496635305,5.533576848620825,4.906577075325431,5.649902163202134,1.487388508838085,5.57743088003787,-0.20078571906472825,5.7947618895760575,2.6379013092828694,4.143366091650462,4.264640869047157,3.4063265466447996,3.8429260212954204,4.525989855903941,3.3515905747328576,5.2830295100145355,-1.19468350941303,5.154987059204764,-1.590075458716637,5.30954701246375,-0.6817314162799829,3.493774877422688,1.5478452754451781,2.9305940365083036,1.6266155812178185,4.0771144084224735,2.061473591479622,5.145448428472379,-1.599222137365803,5.013589944098554,-1.2551638863937553,5.2180999992104775,-0.9161409001533152,4.756118601932994,3.850999367767579,3.604782377507507,4.029442367124624,5.077149739780168,3.4468562251280157,5.469081559173878,-0.11394381279820595,5.258715773291506,-1.7651445198940587,5.513960470991178,0.9988204005198186,5.286910998937695,3.582978050216815,3.757796816262667,2.1766797182472835,5.481915318895357,3.543343303469062,5.720078803682249,0.9465583366337479,5.439901053078348,-0.4711906257359398,5.853819366863694,1.741621190702738,5.280021523032165,0.7827584114017183,5.30764710599815,0.7655077390512343,5.386468595353299,0.7160829994630912,5.869151080958648,3.0899849644564963,6.004526207142077,2.4400295456635748,5.909862978916999,2.462773251168947,5.3220548463768065,3.05579189178191,5.371601835009407,3.0366687764169638,5.437203250953795,3.2773084306311535,5.9607465850785255,3.667298837727596,5.9416964459540615,3.83866161710928,5.931893229392052,3.639548541210414,5.431447821515738,2.6851632478694074,5.4638626109798585,1.821683331434317,5.579203669249418,2.5229161947444636,5.946894581590722,3.111556898939524,6.023197267100238,3.143514003631571,6.038314268130974,2.8284542598569398,5.7132183651528825,4.42041161390419,5.738357039192925,3.326295419806634,5.8606870251977154,4.365851027160209,6.063349466161391,3.8666046756085466,6.059838328946612,3.9834775972108964,5.995523095056469,3.796016124312993,2.772998393021527,1.1487996328019545,2.9801256312157607,-2.5015855726360168,3.2761288809520654,0.501075428330302,5.071842579033848,-2.7807112640730076,5.1700681723310415,-2.4428224516324217,4.687019023752537,-0.7007463940985765,1.7597481688684822,4.832168405286331,2.1098990605211427,0.08832312156683084,2.0579280070144454,4.8581665384970005,5.0662131115361095,-1.9982524669839077,5.205211038003391,0.17825987288615786,4.615385832246349,2.1952309154501455,4.186337826608395,-4.1446010945275145,4.12450245524732,-3.579562913838961,4.592329293904316,-2.30387683408912,5.419215896112661,-1.3626984858616482,5.518554971596417,-2.045743945609559,5.357413889718586,-1.8698723949836895,4.966170828203409,-2.345460641602374,4.7977903490195235,-1.7059132627517126,5.099223384502903,-1.6197760182656773,5.692902213029557,0.30592778777555,5.628592332728481,-0.15893563898950808,5.560189162582413,-0.2153042657141759,3.1387475991011757,1.3728783165129839,3.2377525375935847,0.9774788270236939,3.338298428962211,2.1842948971167866,5.143351809056508,-2.354242652405401,5.194889196195225,-2.671574798034543,4.75942642255725,0.5610102200246805,2.4201082544326113,5.019609300810896,2.6600348726265364,1.3808768352931482,2.5345393166409287,4.98559749181492,5.066744532363098,-1.8582085101679553,5.160604784741143,-0.2973504605165051,4.59405866389309,2.3782622747123487,4.141053961989648,-3.330305205916995,4.120486139549932,-2.747647921728475,4.510279484686767,-1.8247602770387368,5.261976823436696,-1.388713329587092,5.554652934407477,-1.6938338837605054,5.301641993887572,-1.6015138386841414,4.835327263863387,-2.5318496165605664,4.839765261855966,-1.621935895383029,5.032402135316853,-1.8173233803770326,5.758764971792691,0.3458332854965393,5.706822805656267,-0.35334914407630147,5.713242102798781,-0.4261806939858071,3.28652636718789,1.8914517738059984,3.538916469731418,-2.1769894874668987,3.809792325918089,-0.41151754414758485,5.273395035278751,-2.51779847109872,5.196302566610825,-1.8347882442136034,4.959634890698665,-0.8206607419909661,3.1001343911013564,5.011497689286309,3.1877634909937504,1.6623569104157931,3.1255782861217125,4.973557079190989,5.254242362392813,-1.6332187668935365,5.275307393988463,-0.37197673333673137,5.00543623241953,1.826826008372939,4.46854672138886,-3.815817957441559,4.378049660198356,-2.21637384705986,4.788152354463492,-2.2822233740508415,5.466764031724816,-1.1565448717668356,5.6315942085711015,-1.5810513078013764,5.499800371637323,-1.4811381881281778,5.191870332015583,-1.4235780668449545,5.032662798404344,-1.0762888219837194,5.316255763782037,-1.1058443296132057,5.821832372025794,0.33553555672266594,5.834584702911674,0.12638205664676394,5.820068203148951,0.4141370672323168
3_2,2.4389043495891993,2.1536139963346117,2.387472748210711,1.5610906665512059,2.457922817475504,1.8188356380332407,2.3731308044302706,0.40357405628506215,2.374836040645599,0.3508119455457716,2.424807972351933,0.6285493070554263,2.3721141085187214,1.6903608628599807,2.3460147301726733,1.704788858407387,2.3864351546907683,1.8008661383996207,2.3763272470004835,0.49855207399656204,2.3736993832809707,0.3509379737910581,2.3945928346881447,0.8553780425787176,2.5411639329397997,2.2267708039305676,2.468439100791973,1.5232515260660235,2.5877412040859022,2.1002653757491703,2.4625906077696365,1.0854336747186295,2.4784994301880485,0.7758594333293231,2.5081045093413055,1.2646827563409846,2.7301312459024385,2.3258853878863075,2.5617959452380608,1.545032705996392,2.748168122435969,1.9443814035789795,2.5501176737492597,1.400240398006695,2.5297704548849063,0.6566167335609926,2.5693408696997477,1.0999404281800407,2.5324722399649566,2.3329772715932258,2.465306319258448,1.7007011748010394,2.556304215119656,2.1331106919061535,2.435003254955603,1.3313472928507268,2.4682731917999,0.9981914943013038,2.5192410909861236,1.4780273141470543,2.520533126915127,2.1605289245320827,2.456580130811489,1.447350668970118,2.5532881386311543,2.022009329388796,2.4559739329028814,1.2110366205841605,2.461565490316228,1.043781329325977,2.5055082836884917,1.348944933862712,2.61677768113622,2.353418196329249,2.5139314742471295,1.614978478109843,2.6668976110332054,2.2610523882452775,2.4902334215749895,1.4758547928202732,2.4971919078195075,1.174176861422648,2.550167207036279,1.629886223867885,2.765780295689918,2.2558051073760077,2.596381348792547,1.4216346109883118,2.791704641432457,2.2146543609799734,2.5623232828723927,1.4878977682719665,2.5489087986746037,1.2453144695603637,2.624576101992517,1.6229882946242216,2.5521617922284734,2.3393728194862735,2.4612414027931195,1.6963935301452713,2.5818278534078236,2.1484361121026896,2.4381277594601944,1.276906330674271,2.462970818415093,0.998441682431151,2.49222523050436,1.4219753477222818,2.5066542965769667,2.1391868377676744,2.436058040108299,1.4120034986660055,2.5517889787080046,2.063059011579102,2.437658983400949,1.2089900851475703,2.4642487916824964,1.0284238408501196,2.475902592136578,1.3558763744482885,2.6234657948309983,2.3778082384116885,2.5287093099823283,1.6071867514457419,2.6514268689611438,2.2304136926372067,2.499090626965898,1.4756213697309544,2.4753609563034167,1.1932049133315044,2.5461793831678885,1.5901368067803803,2.7657127097411958,2.2984108980462916,2.5886236350471425,1.4004231648308925,2.764412900497855,2.2335645805661004,2.562825725010232,1.4830088166687163,2.5422831836529745,1.1880640495109385,2.615842997431393,1.6125085674013366,2.588102820420946,2.345965636326425,2.453892651005572,1.2606300858344368,2.597203232119775,2.1879820065504445,2.455283265268816,1.4589247129062495,2.477696036656346,1.1504482193802639,2.5066628336960086,1.564008525654565,2.5404414339951567,2.2434794914794853,2.469609177250539,1.262299297056223,2.5638087243514525,2.1329293858053187,2.4736394988652606,1.420528857775311,2.480453482337271,1.1343858099884037,2.5013960676167466,1.5242002972923254,2.661676756882459,2.384250537143908,2.5380206383566914,1.407206916955602,2.6720827743668685,2.2532023587815035,2.5186815442468786,1.545937542632839,2.5285458031843544,1.2359912974837861,2.561074416625466,1.6902854383757557,2.7894165556931823,2.376954979663242,2.5812808096247744,1.21453942022199,2.795103414096302,2.327137135608337,2.5802522787080977,1.6771257072772003,2.566249128933565,1.3735018633415388,2.6191554365885237,1.8086774096178209,2.359017830330364,2.221561296610222,2.1823932878146963,2.2563899424933647,2.3460968800791577,2.1545871643766805,2.297297648564912,0.8643982266486893,2.29920803633135,0.8764226021289195,2.314907036765572,1.5963982263120569,2.075878005896608,2.3542205547974415,1.8860648698779332,2.269434254215458,2.096873428268452,2.3609423893548946,2.285615483651935,1.0869353709460057,2.2943124117412914,1.1350427683902289,2.265323146988151,1.6969162865110698,2.4492729940173845,2.2805600961844847,2.312238221931913,2.1935880738657807,2.470409341543935,2.0691748476864342,2.383205057430674,0.864274772189438,2.387824733935317,0.7785155353586076,2.443960355428548,1.1986101259618445,2.504342599279221,2.4261229093302767,2.2242241064131782,2.172982088306903,2.5410036021649174,2.568141913584518,2.4909441541495845,1.5411733516252897,2.4813469061882643,1.1063058531763874,2.5439332762379516,1.8018742609825193,2.404112426893056,2.4381135267188143,2.3234637291417886,2.1764756489113735,2.4654553095100997,2.177933013438442,2.3327063234765886,1.3094353140339277,2.3694640470241377,1.15868524440762,2.4274898583100266,1.5623887040757936,2.374621302603705,2.216944368658259,2.1570156598163397,2.1421751293149067,2.4019422812326234,2.1755096173030557,2.3828752157341224,1.332923740612754,2.364691212391275,1.0732298246377492,2.416576770852793,1.4916212758799723,2.5388462267886607,2.3777693784525398,2.346711599325553,2.13090105792276,2.5774142780177223,2.2819540705284975,2.473212643107349,1.4894023711253963,2.426219417447155,1.1279010731254022,2.5283161291047533,1.678749427255985,2.7015646720505866,2.269191706051258,2.3154480503288,2.172411218217451,2.670947158679748,2.2331269445884003,2.5211770284099955,1.5455098353810979,2.500249278110829,1.1866529574420972,2.5934290124662334,1.7010020341215917,2.582810726403572,2.462456941254852,2.3986680190344427,2.364226506891646,2.5677781584078057,2.281287859151999,2.46513690851206,1.5329594028624622,2.4473267714662326,1.2142675332103146,2.5010738867665396,1.6872189355878946,2.491806706457797,2.3070394569140165,2.2534871619572883,2.166185976505132,2.518366336776956,2.2048015970194115,2.4284120518777303,1.5714903144066847,2.4682457082734737,1.1710092555483484,2.4777789367362617,1.663444322926209,2.619613331179824,2.456267185564603,2.433298215034571,2.1340952498219448,2.664175672886218,2.279815365669041,2.5057653933589483,1.5612001042906154,2.474850869514465,1.2250069900186613,2.5310318089099217,1.741442063675993,2.751310548539162,2.4582728796503868,2.3889221873402393,2.2430396022323063,2.7740150535257553,2.4032466713562197,2.5682895696373778,1.7152900827257131,2.5373525376533173,1.3626476049816232,2.6274047414227795,1.8372534522882955,2.4355785037415596,2.3191138222285352,2.291522014091265,2.0688509278824734,2.46337115799916,2.1511048182994084,2.391307758598595,1.2077997243243148,2.362477947800615,0.9767103663807251,2.4479727305976495,1.4427210066553144,2.373499118279625,2.1620900342826532,2.175141296656838,1.9815219950005756,2.4337262687478085,2.04203461064798,2.378576825120342,1.183066072189903,2.348734676162872,1.016314662742325,2.4222359954197006,1.3914715740375083,2.553535974591667,2.3221470795542642,2.31575927546137,2.0612920011212608,2.5979194452795156,2.219758327355534,2.462485942755521,1.45977671119451,2.434940848571614,1.1013346262173096,2.5172865135122633,1.5904073555810472,2.6818689787845993,2.2830213145122547,2.309948249713671,2.0744787934121898,2.7156529239948872,2.2008061928086997,2.5446117629341636,1.5961870785089973,2.4945801090593402,1.288460680578135,2.606576333214801,1.6990403830699872,2.610720877860574,2.253308017158721,2.6259223032774903,1.8714409256614102,2.6150429131345008,2.1665587671587216,2.609790147656792,1.7744142312019298,2.644504699423352,1.6978725398666814,2.651237831164786,1.7959549913586341,2.6604913120997264,2.439437410401761,2.6772068618073326,2.07728848202393,2.7112972644667033,2.3418491131812056,2.6504093638864026,1.9341707660903977,2.6388808574764866,1.8934903668752499,2.660114882347991,1.9584280466333492,2.7015995702720166,2.3569948510337664,2.6972790880306303,1.9477154475504295,2.7075298461717923,2.2394047251066205,2.626140633800271,1.7525781274982566,2.6385138725654502,1.764798633779069,2.667587155835828,1.8096296199549822,2.8356609028073083,2.637064226047283,2.7835164159813193,2.1696940129416045,2.8406536704666414,2.5215727922119346,2.6566149992240953,1.8239781806101019,2.695078787956845,1.9055030395517014,2.7237163052984,1.960160417092135,2.2583870299601645,2.1318810526089105,2.2519496530599272,1.6554672836681743,2.264008292658793,2.0009463816426543,2.3211112770470614,0.9267486269580316,2.374461871499889,0.918679364289703,2.3028319736928893,1.496591773964087,2.2096229908223766,2.1185646330097203,2.251035066810052,1.8927287408857563,2.2233909877503097,2.206838129954558,2.334835062776475,1.1734386143616518,2.370382623989155,0.627958320429078,2.289726808653435,1.6692552740428368,2.4076584045578535,2.1978718176339567,2.3488266625306484,1.6271800673965209,2.4676164128559424,2.068570373224543,2.4362978983903028,1.179010546828267,2.4495016159504064,1.3500896474850919,2.4422368189255725,1.416271537605548,2.5810129198712994,2.2258740667111634,2.482383594812214,1.6209726689226334,2.55699691277622,2.0811608936869153,2.5324889422509207,1.5107063612546214,2.5622879305059305,1.4301241460459015,2.568056302584136,1.6174539859137353,2.2788689143907974,2.0435566364012585,2.3038954715724835,1.6733001136660386,2.3074309250541134,2.139992800617756,2.3443880760900617,1.0745063209659826,2.378962968288719,0.841662902530027,2.303594766891109,1.484042058488028,2.229833077378776,2.1453037054291544,2.2318068371318107,2.0508829520536755,2.26056583284369,2.3030789242060856,2.355755923318987,1.1450841687912985,2.365508861250224,0.6818880673155927,2.3016028789387204,1.539998301888414,2.412259548780542,2.2281935419346475,2.367427668945807,1.790009153437588,2.4388827657294554,2.0812791111102547,2.4301261901549824,1.172427774231642,2.4534120815201996,1.360237358562462,2.4309743895974685,1.4376600394205021,2.5890784213103335,2.206558215589628,2.5028055768510162,1.6640732189872338,2.5514750494828133,2.1129687528050147,2.5372550551010096,1.497654743668934,2.5522272668016135,1.493108540127828,2.5531482942708124,1.6327025928100733,2.2872314964374376,2.156014871908311,2.2832870812189703,1.437317474206268,2.298396990206036,1.9731896902439432,2.368281803848488,0.8237739654363638,2.3974411897810737,0.9144356652921594,2.3601717700414717,1.3253038612193928,2.2701516469607124,2.1981591431413046,2.2979988441204733,1.8620031094569636,2.283453443333375,2.165217817142245,2.381388906509952,1.0406993760768841,2.417770883020201,0.7017756657636927,2.3677070109775573,1.4160166084739318,2.4132905723155766,2.180789122339426,2.3742436927350434,1.6510652550502047,2.4869232501317167,2.014515224854589,2.4261703071141416,1.10222855090242,2.4924660012627373,1.3324137662251916,2.4805123797094137,1.4499283548282453,2.6191670584868993,2.221438862724451,2.5251575602644487,1.6695296320037207,2.65001460933377,2.0876057478610908,2.554624701060636,1.4413184323260329,2.5912282797762134,1.5168856930401777,2.5952244960382784,1.5601694830179376
4_2,2.60811164901432,2.1915928350144687,2.547570719792968,1.9697405181683951,2.6393911487566,1.8925061577991908,2.509799366723372,0.7921134029645854,2.529581742844512,0.8851464612183365,2.583541128473552,1.0335296523679691,2.5206701537517793,2.072829508075577,2.480187896763207,1.9430579734346547,2.5748273110464095,1.9306231041674686,2.523203638423847,0.8348743727783597,2.5201143476194523,0.9773286098584135,2.5556804288020096,1.1740939950227518,2.7794912976890522,2.2774511876022348,2.6271215823867835,1.6835496840999802,2.805101395071001,2.144014483286603,2.585697080403213,1.2752263205369878,2.6048778673953463,1.0940970976661424,2.6616143439820847,1.4790826025655113,2.9697462574438704,2.502335489701433,2.796951470851602,1.9065305880705752,3.0048882070824687,2.142084712133848,2.6967338187840744,1.3179021412051435,2.695485793445035,0.7954920354731359,2.7446481609049074,1.1860249289596403,2.7971063762354436,2.43446043850766,2.6551483444366335,1.779644472666109,2.809248641247338,2.239267472718811,2.5995426966126347,1.5071235502096827,2.6303177125909443,1.2251021834548441,2.685429907859504,1.6864843132791991,2.7353241354263713,2.2123171227599223,2.642428786047111,1.5176194484629928,2.805628003446796,2.150669943248686,2.6023764345745883,1.477462370594341,2.6022778952036307,1.144964402239825,2.6827863121732465,1.6094970203586683,2.8848342916954044,2.479952380311154,2.748684749690366,1.9252072502206121,2.9195496062334607,2.3572825774909982,2.660230424185049,1.6715819515375043,2.66002636752284,1.3569600413164253,2.7193742537332044,1.7951065035051714,3.0051701341883486,2.455633440717384,2.8245210461164665,1.8429555156786772,3.012363385893757,2.4269128744002617,2.7228277532561225,1.627771436673685,2.7009547791130437,1.3797431445539614,2.80181908338545,1.7615420489763605,2.781837729102236,2.456127463379988,2.650743845910941,1.9396558308315481,2.8270221078277906,2.2656288210068527,2.622080630539064,1.457912949302204,2.604325089598831,1.1279269638265537,2.6757064711562957,1.615116394935276,2.72346464834309,2.2215948778133017,2.613711864990721,1.7185714078984455,2.7707997477091797,2.158622626416927,2.609027071613398,1.427728986001533,2.624513174399091,1.1406063996140086,2.6585226077063946,1.547927062085373,2.8921734003746127,2.4708669512254624,2.7145378928822694,1.885265848561859,2.8844583591824993,2.378210377252687,2.638626123047112,1.6177911664000448,2.6605952242384143,1.242845157500988,2.729413926024918,1.7880043620383275,2.988442890701153,2.446099256068343,2.807535552380731,1.7691637899383306,3.017053877192472,2.453381100882792,2.7180729627110574,1.5885568151069782,2.706457645511976,1.3544153151274199,2.7947204748781433,1.7457639176827409,2.8035978900161065,2.4185047452254578,2.6653044940873967,1.6120199104718773,2.8364172527358575,2.3215470685735773,2.6206473169018882,1.6130924523589683,2.6129595940835797,1.254864492416829,2.7066599689426627,1.7393815595224766,2.783833408128753,2.2927878822395162,2.6787693743124397,1.6943674924694263,2.820532196332609,2.2314640361804794,2.6255416203991744,1.5809209595456155,2.6092843197700497,1.2255192593521682,2.6739376807704853,1.7063566890177477,2.877373568130607,2.5000440692525947,2.74902048338994,1.5480658629699193,2.9181572311980757,2.3995887682483783,2.6499881660028644,1.6505164867349738,2.642276011119569,1.3564903808790194,2.7140896615401138,1.8066494306982006,3.0073266978435242,2.5141880043442293,2.8304003640876223,1.7331852093318245,3.024832458412115,2.498229000709462,2.750079479678339,1.7545482291890437,2.7552712193068083,1.4285370876165353,2.818768891165558,1.8532902910128572,2.4655237315824974,2.4195707500866037,2.3096361110429613,2.4997440768004444,2.4741547663527292,2.434723560740155,2.4340474692908396,1.2031305337181886,2.4328522959090115,1.1885017594999379,2.4853892282028807,1.725403799950581,2.206537918897709,2.6228902453227927,2.073474586345386,2.6503441744232523,2.318330616268975,2.619468712025908,2.395326712533633,1.3574413253855793,2.396513818849661,1.4221831425976315,2.4035064382261653,1.8938631989680064,2.639040426339634,2.335323175001643,2.3636068863248925,2.383034359073105,2.6730910390831797,2.1068466388646705,2.5466282656185064,1.1454637349602537,2.502399413193624,1.0698144011935034,2.607398601960543,1.431015315125505,2.8116202994256874,2.6789624006339174,2.417363058569458,2.5156410719640223,2.7672859402752135,2.7836858274871927,2.6531623002415903,1.6652469625107194,2.65348974360007,1.269213174772662,2.7126003383261854,1.8736176080792368,2.699585609185054,2.5712463806117136,2.434115564327044,2.552579824915653,2.7067087473517057,2.342324196673513,2.5458700565131758,1.5436588448908957,2.5501956545798667,1.303196061796924,2.6158820526925255,1.7439344848728127,2.5458232107672663,2.4296484668822638,2.2199138666755416,2.4391915734226255,2.608928110479011,2.313836734830796,2.5388917314033748,1.563755094904824,2.5300933486453197,1.3091872125243844,2.617779158930104,1.6959579932751645,2.808609614216439,2.555357617375506,2.45919995242069,2.4536376055610933,2.8455749791282896,2.397031055573983,2.6095762949273604,1.6321957532455456,2.6073790465073423,1.3616148620891235,2.714504267402029,1.7830680962149692,2.9379628683613777,2.5058000968453866,2.427891258953514,2.510825208094831,2.940751129426022,2.372001358889685,2.6862845852670314,1.6992423138408468,2.674585280605244,1.306488103898109,2.7938795894210466,1.835224325337452,2.829900159551191,2.6171632786840973,2.5030480913082087,2.5118513714254322,2.8212762849270354,2.551109435943528,2.605945975891712,1.8379454705316076,2.620871655371015,1.4004663616487218,2.698158112815111,1.8823276298502958,2.7448772451950174,2.5829488807709087,2.4608124884155766,2.431085699975955,2.790791268439065,2.3996328746193267,2.617665475905105,1.7716529865801165,2.6291956246971493,1.3229263034285856,2.6874566313346686,1.8943620793394598,2.90809148976967,2.693983710392607,2.574254020496293,2.496734211084389,2.923172759684155,2.4592046087490447,2.6642707516163995,1.834503763232177,2.651681914979873,1.4660647149462067,2.7474425868884396,1.944243257801159,3.0252233875306227,2.6491061962506475,2.5001054940335896,2.4458204886152886,3.0310958311506915,2.6366764342708042,2.7222013742579216,1.860903922065731,2.6965814948841262,1.528382239990007,2.8170059555423244,1.9710380813582973,2.6809625928111727,2.3553625554221433,2.4282444486061854,2.349293933511499,2.7028819530357135,2.273862848215334,2.5557999801765594,1.405198436634489,2.537182905739365,1.1919706179209455,2.6018188164782057,1.6379360743436016,2.5679190058702113,2.2024636532410895,2.2359945690103924,2.3325552720127,2.6559372070067444,2.1658501283636378,2.5459538114351203,1.4652228762169426,2.541058672166217,1.2071023191384058,2.610086459679844,1.569640427262388,2.7960848933987306,2.447463043788996,2.4299247126677757,2.342604399707264,2.833092807266955,2.3430953632289713,2.607200553378448,1.6551011064295265,2.5954227788564523,1.239598803897848,2.6819654475886194,1.7731840016708493,2.9255695347465096,2.388179982813035,2.4653020934564376,2.283365750770032,2.968678141536351,2.386658276539487,2.6790788942180206,1.7293340143794735,2.6744721758294245,1.3123646468470238,2.7596690453161767,1.8432530211640532,2.805136710106419,2.347266814227825,2.8030833910990776,2.05583724299363,2.836716653982684,2.2384620658917047,2.7474259888745713,1.942150513619462,2.744945531428058,1.8465459398429045,2.8028438269778304,1.8831009537544419,2.8448773539516234,2.5643898868207207,2.8682487991489625,2.2655572062437987,2.8602997218597954,2.5081932371487072,2.7842046853785494,2.0938235891589145,2.810182426918943,2.02152829076783,2.77125242286894,2.1518853954113366,2.9051557375106727,2.4928453627342817,2.8934906469549753,2.084582264841594,2.9652538509239434,2.3810281227441146,2.7614474952082744,1.8896121436057105,2.742204925099009,1.8589498437575585,2.8106593214849593,1.973590688743161,3.0730071740887457,2.851086467255829,3.019714855591526,2.3450665018081676,3.0500157784541773,2.696187721183034,2.7898757167992962,1.9934223975326861,2.8394207107156055,2.049874444077139,2.818029745913157,2.0892345788109865,2.3279083983399085,2.0790853982549486,2.327247460535789,1.9146554315711592,2.3422479941728835,2.0726343120247916,2.47681207178316,1.3484073070926008,2.5032831146926013,1.2548504511976866,2.446912327127404,1.6661966009837639,2.319507805906637,2.416613662255347,2.330376880196652,2.247011356472412,2.3289403401939834,2.371957545546173,2.4682659824294793,1.4811003508599672,2.5176111676600237,1.0949915333992315,2.4596524803986357,1.7351142220623692,2.574878637504692,2.209393694581271,2.478863800944973,1.8777343822173302,2.6514730926332013,2.1320734482117416,2.556531765430297,1.4512441909746285,2.610585436202237,1.5178732255218235,2.6012292884773043,1.5805144977607442,2.7968506157518274,2.279250094736851,2.7278684332138132,1.8465503047963587,2.8356236205127714,2.20094923117489,2.6898523997933808,1.664263049271519,2.695714322661931,1.6494867215131506,2.7515889726299205,1.7677786920125662,2.369326596497707,2.209440341951034,2.3676527624905006,1.9327420929286556,2.406552167514599,2.0719260022998163,2.4601483756850984,1.4301207068055355,2.4818948963059007,1.184332777042622,2.4521500925529907,1.7931657136272037,2.356418219391349,2.3855812184271064,2.3575558538224115,2.274270675399333,2.338478760393612,2.462088261888325,2.469705591736233,1.5243135433372799,2.4911851562321954,1.1023613010132944,2.443168654564859,1.8547763630364962,2.561420469697504,2.2817449445130125,2.493243985871634,1.8566295907025627,2.643591832103629,2.1519814048650625,2.5627157708458985,1.441617712717102,2.588504539885155,1.5566712254929973,2.5987857450573215,1.5829099374644908,2.8093688472511382,2.2925987806114456,2.687527344523663,1.8477728870498316,2.8077267369553542,2.1735133663947948,2.674119069014435,1.665837531901465,2.70987384296832,1.6677811298305731,2.7422079350550783,1.7385286590373257,2.365045882403535,2.092439093467719,2.372031375420988,1.729473239187036,2.415400165284961,2.1054260831705363,2.4633061299068935,1.3176294751733888,2.551018310608201,1.2491074616164939,2.522708978881907,1.5422974632843611,2.381004462085784,2.3860825221096236,2.4200658977161074,2.12857611322664,2.400633860352501,2.34678774707281,2.4789541500551704,1.54293512123738,2.531372292895449,1.2480332010169939,2.5157551666324025,1.7007186008102866,2.613314263657697,2.2332938341406203,2.52929448241228,1.8076467062302066,2.7046061920836575,2.0796951970816573,2.5683267163873924,1.3787687725809858,2.6021858931634823,1.5507617553717752,2.6368155185018716,1.5743750288342764,2.865196023505298,2.2808633483820837,2.774049371776136,1.9039078882804288,2.8829888469623524,2.2109237214518718,2.705443541656297,1.6326339343656553,2.710157514967575,1.6443454331162548,2.7673724655782346,1.7751451183366653
5_2,-1.9378681460852374,-8.0,-1.7734476468424314,-8.0,-1.4229727409176267,-8.0,0.9940391888835347,-8.0,1.0215417127100834,-8.0,0.637736597076294,-8.0,0.34648126379492195,-3.6262523246137466,0.3901077827275102,-8.0,0.7074892306251528,-8.0,1.1943860237489594,-8.0,1.1858960099529585,-8.0,1.2264293143996214,-8.0,-0.25911566653642365,-8.0,-0.2383792459165948,-8.0,0.22477126534881642,-8.0,1.011595670170504,-8.0,1.0063480645795269,-8.0,0.7880658060016578,-8.0,0.32221106268671884,-8.0,0.6173374278805241,-8.0,0.7082897296240782,-8.0,0.938424769654642,-8.0,0.951164194886599,-8.0,0.92247887889391,-8.0,-2.9726543885684404,-8.0,-2.622824248160006,-8.0,-2.432599301550001,-8.0,-0.8427255963109055,-8.0,-0.5161339986687443,-8.0,-2.101024757082851,-8.0,-0.6438439821601982,-8.0,-0.590676988399996,-8.0,-0.07774129404384852,-8.0,0.20531939497261426,-8.0,0.23591839809122717,-8.0,-0.05153583017923385,-8.0,-1.092508466351032,-8.0,-1.1105342839542622,-8.0,-0.5190711407777435,-8.0,-0.0017093620195196408,-8.0,0.12097765971525548,-8.0,-1.2481297224834973,-8.0,0.16901338079114767,-8.0,0.25908167926673115,-8.0,0.37343639847629917,-8.0,0.016974582171084617,-8.0,0.20412033214069678,-8.0,-0.2180857671227563,-8.0,-8.0,-8.0,-8.0,-8.0,-8.0,1.0175835286121182,-0.3455008528272235,-8.0,-1.2921196598046794,-8.0,-8.0,-8.0,-1.3929883651765116,-8.0,-1.280147466451962,-8.0,-0.7727985276603289,-8.0,-0.12346618905014205,-8.0,-0.2182330201131627,-8.0,-0.4220434531490464,-8.0,-1.7054583817901883,-8.0,-1.7811686071074326,-8.0,-1.1312800573462443,-8.0,0.030826472002104508,-8.0,-8.0,-8.0,-8.0,-8.0,-0.9626756714938586,-8.0,-0.5159003629367357,-8.0,-0.8769039647629242,-8.0,-1.8342867332534203,-8.0,-8.0,-8.0,-1.7930966403366062,-8.0,-0.9037123316169825,-8.0,-0.9061615646627754,-8.0,-0.31718818140412247,-8.0,0.40053861392077666,-8.0,0.36805205370350735,-8.0,0.4371404438570057,-8.0,0.45568764234855097,-8.0,0.4938144134002809,-8.0,0.8471236152760121,-8.0,0.7158200425205201,-8.0,0.7021215060381027,-8.0,0.5125651063983022,-8.0,-0.056415607915569814,-8.0,-0.12751645262930197,-8.0,0.2719638693259178,-8.0,0.5867139525265631,-8.0,0.4185572498222732,-8.0,0.41178039941048095,-8.0,1.0502871789605701,-8.0,0.8629014233809941,-8.0,1.123852410799088,-8.0,0.5948118984067053,-8.0,0.1482251252536237,-8.0,0.5521138564434828,-8.0,-8.0,1.2082640724111058,-8.0,1.0358502793074322,-8.0,1.5960845749835981,-0.8883697932668106,-8.0,-1.1488149073401281,-8.0,-8.0,-8.0,-5.653735067138047,1.725226889483906,-8.0,-8.0,-6.4362816600343224,1.1728111192181303,0.46565923390272784,-8.0,0.1392912164658213,-8.0,-0.9480753908944414,-8.0,-6.651111276928562,-8.0,-7.252588192113577,0.6989700043360189,-5.862408547618585,1.3144988544892098,0.11003876914348468,-8.0,-0.09857625652354514,-8.0,-8.0,-8.0,-8.0,0.9748320733026642,-8.0,0.8369010388177459,-8.0,-8.0,-0.8957493512815082,-8.0,-8.0,-8.0,-8.0,-8.0,-8.0,0.7679355215761087,-8.0,1.155514563094694,-8.0,1.7636214633170326,-8.0,-8.0,-8.0,-8.0,-8.0,-8.0,-8.0,-8.0,-8.0,1.052066287232202,-8.0,1.1291900309080325,-8.0,-8.0,-8.0,-8.0,-8.0,-8.0,-8.0,1.1048157965483572,-8.0,-8.0,-8.0,1.3570334202611416,-8.0,-8.0,-8.0,-8.0,-8.0,-8.0,-8.0,-8.0,-8.0,1.1210318044748377,-8.0,1.2413793103448305,-8.0,-8.0,-8.0,-8.0,-8.0,-8.0,-8.0,1.4722538217974155,-8.0,1.5095562084528558,-8.0,1.8165569231029175,-8.0,-8.0,-8.0,-8.0,-8.0,-8.0,-8.0,-8.0,-8.0,1.1210318044748377,-8.0,1.4137931034474942,-8.0,-8.0,-8.0,-8.0,-8.0,-8.0,-8.0,0.8369010388177459,-8.0,1.0865490458540934,-8.0,1.7055154783670181,-8.0,-8.0,-8.0,-8.0,-8.0,-8.0,-8.0,0.8024182801987989,-8.0,0.7334527629550821,-8.0,1.4202592137638659,-8.0,-8.0,-8.0,-8.0,-8.0,-8.0,-8.0,-8.0,-8.0,-8.0,-8.0,0.8369010388177459,-8.0,-8.0,-8.0,-8.0,-8.0,-8.0,-3.665372465299682,-8.0,-4.1865080809539705,-8.0,-2.4329226219472146,-8.0,-0.6160100204725288,-8.0,-0.7603383593076845,-8.0,-1.6411299484181672,-8.0,-4.1273336580170685,-8.0,-5.130199375149155,-8.0,-3.238960517998696,-8.0,-1.7944039634857736,-8.0,-8.0,-8.0,-8.0,-8.0,-2.050079641176203,-8.0,-2.4608950015027675,-8.0,-1.405963801797032,-8.0,-0.647461282913379,-8.0,-1.6662745275887674,-8.0,-8.0,-8.0,1.5938000434578015,-4.901223064833108,1.5845385874724864,-8.0,1.6284475236611204,-4.842008626295763,2.119346035810405,-0.6297393578889791,2.083101022596953,-8.0,2.070826687633543,-0.7735096167925866,1.9831180704314393,-1.323805788271607,1.9731807656210516,-1.5943670402802732,1.9964367125529363,-0.5971425846674712,2.1767506960670313,0.7744182651765541,2.1684380225703994,-1.116870769840526,2.187132653791784,0.46816640295544887,1.734083641546231,-2.367158977267507,1.7481801360240259,-2.9174307718839074,1.7410052617925844,-2.486569228321308,2.0225753192999645,-8.0,1.9270546036813987,-8.0,1.9317504744330287,-8.0,1.8905371146243948,-8.0,1.8729438623000163,-8.0,1.8624246289043258,-8.0,1.9293580772669816,-1.2576346912945786,1.937846068129515,0.18237463148121602,1.8635075683932956,-8.0,-2.1639276486327206,-8.0,-1.9332511510577601,-8.0,-2.495957771290607,-8.0,1.7028941319698014,-5.668188184003258,1.5476849485705524,-8.0,1.0913099193642142,-4.039848758108468,0.6387327696310109,2.0805531253004936,0.36700100884233783,-8.0,0.5268623122871754,2.012864719924767,1.868837048300639,-1.3144105745831978,1.6629027665697986,-8.0,1.5800889376360532,1.0620876520565916,-0.6317819151180091,-8.0,-0.3859499326589634,-8.0,-0.4452998165829699,-8.0,1.5609078203356428,-8.0,1.4327765073311192,-8.0,1.2123415093311425,-7.321937095025655,1.2393904394760609,-7.4565528199183,1.2316704239127436,-8.0,1.3335684462108792,-7.357535479757878,1.5345380076943036,-8.0,1.5337675136407178,-8.0,1.4452153190355836,-6.953895212753961,-2.8743834246653344,-8.0,-2.825579569280499,-8.0,-3.071420891606855,-8.0,1.6956228907559825,-6.497231587674307,1.3897118311362529,-8.0,0.8928249271841583,-3.7137343338787416,1.1159932116412883,2.145358413569416,-0.34469324768550275,-8.0,0.18927772622514577,1.99984972401294,1.810983135513964,-1.5559026763728665,1.5795719731898996,-8.0,1.4938442488421986,0.8075951268234108,-1.39709278766783,-8.0,-1.0352659136011615,-8.0,-1.2498455415858547,-8.0,1.565148238050554,-8.0,1.4616977742796826,-8.0,1.0875762671535059,-7.366531544420414,0.8281017491399072,-8.0,0.709514205410645,-8.0,0.9661853309746345,-8.0,1.5589245978247797,-8.0,1.4020288222975983,-8.0,1.3264114543601093,-6.4288737229156885,-0.12919065456554701,-4.39694606968739,0.18159932409326138,-8.0,-0.008026363789005862,-8.0,1.922984130707713,-0.3723750980062986,1.8467184025326755,-8.0,1.689606016123371,0.126959088154637,1.5871818828830524,2.1795871646506306,1.516246154960415,-6.361660525589321,1.6018453944315447,1.935205690479387,2.0369359402728855,0.15531992423346475,1.9299286009530963,-8.0,1.9512536720245381,0.9402824349021366,0.668881204032752,-8.0,0.8833228068070635,-8.0,0.9454745621078895,-8.0,1.7033748700432292,-8.0,1.6836265675183855,-8.0,1.6510351227416977,-5.4240159088715,1.717565466401467,-3.73051402490605,1.680395426299248,-4.600843933717828,1.7328715989360266,-3.7483421941638397,1.7079167367242032,-6.964370172209561,1.5973301081177307,-8.0,1.6210225062264498,-4.667597901144527
6_2,2.6365845448182403,2.0855026804837804,2.624729921999315,2.036922718389948,2.6303846276258915,2.084365104622112,2.6139723204559475,2.102326169661649,2.6333481413742184,2.0367341990350054,2.6039802522876587,1.8195467694205871,2.6143521480252936,1.7628837262107793,2.6055572881235216,1.9600243505014716,2.6083987160133573,2.031654995507909,2.6036286206918025,2.0896375501571303,2.6264387329666783,2.0649662075474686,2.5818184354082145,1.7848913084696971,2.7593320475824465,2.057807062960341,2.7044397203947907,1.9656800510219912,2.7139749330494207,2.0166023017983767,2.7005513155913468,2.2474663305761724,2.7085848118406863,2.334916843188377,2.688312573523856,2.078370246660379,3.083090996692877,2.582922220095111,2.8277110670675416,2.1110250101601453,3.230247361366306,2.6043788530530776,2.7362207643239125,2.34750575448037,2.7671292845994904,2.333814829594402,2.855849573665009,2.3660064992076,2.6721478797465514,2.549513909160383,2.687829391591575,2.379304022816189,2.7338577852793677,2.566626017392179,2.609170228591812,2.3142331583722378,2.6627134127389436,2.2897489868473184,2.700136168842526,2.3354472185262645,2.7160621607371906,2.2031150597790785,2.6601562907428216,2.0147106642458783,2.7240031334935653,2.1604998075968544,2.630065426513023,2.340377199739195,2.659785919963909,2.310065869957972,2.6663308117521662,2.2967033342196155,2.7602732203182647,2.5698799410474433,2.735700275309376,2.1890914197362585,2.7934657252761075,2.48415315737051,2.667308954197394,2.3618295400211307,2.721006741479591,2.3445364855539834,2.7835621712049297,2.375192840304191,3.0058555049041114,2.61722152139098,2.833998015196145,2.1393365584207547,2.9380355878650235,2.6149109239848003,2.7368568304500203,2.410198473407905,2.838508456840874,2.3853767019694856,2.8421151078968094,2.5698008130855956,2.699373977196388,2.556213423742346,2.68483719166199,2.312808955464826,2.6955248848983,2.5127610776286393,2.637894777009697,2.330507067289044,2.703344026125202,2.3210919827291367,2.6745764595755888,2.3121796320355243,2.678713332969377,2.160845797457104,2.6343266566280303,1.943074457606228,2.7077132059280276,2.3227235899478775,2.631302950462154,2.315371671685619,2.6445789851514987,2.3285695455950624,2.706394038182887,2.235135222305053,2.753353054176553,2.5879579882919805,2.794891021650738,2.118572042078717,2.740523238372109,2.597562859775404,2.644237840415413,2.3494945672675405,2.7227957184005147,2.305842498433031,2.7239503151455366,2.3928254061756973,2.9836951211722904,2.6049299801783756,2.8346172474942217,2.146264435181682,2.947233090877209,2.621529920028987,2.7201241762124564,2.500184232216291,2.8130113517005753,2.389840406829298,2.8244539536209796,2.555286379312858,2.734668149421418,2.481185969055139,2.7282402661207183,2.108624742865084,2.7592872387419396,2.3798880705248515,2.716877464433192,2.335548294076981,2.6414585795753194,2.334734533576918,2.75090119242897,2.369724797310314,2.731627145566279,2.158702977143743,2.7067541692519983,1.8184969624563563,2.7895934680602688,2.207310089384224,2.7207197398129264,2.3563139773910233,2.748642635326282,2.3448270438053775,2.6601404057199245,2.3338480079527653,2.8174659856062827,2.6026339175444937,2.7857249953872327,2.229048326848084,2.8327338697755367,2.5557647355198982,2.7597081887410617,2.354119750600155,2.7615141544670334,2.4224701052155346,2.8218963573302784,2.4244473352331686,3.214946730135031,2.626814322418282,2.855527291143059,1.9380819326840542,3.1994267817270536,2.6182465347235455,2.8425736557970693,2.432693949616694,2.839436506970668,2.5219663181505667,2.908650261145616,2.5844775422909567,2.4689284982304107,2.479017738074769,2.3341715466111794,2.6016403290570627,2.4085173855356254,2.6228437994552336,2.5681693249990514,2.0687479319412647,2.565087687111113,1.7936054903010368,2.59440176252509,1.8256991309860915,2.091487833497103,2.4351952648749027,1.931298554812699,2.5215235218618575,2.0671352062170767,2.3897532422776275,2.577897661579393,1.976721730902524,2.571513493379182,2.0886258205168233,2.3849115809468593,2.0625531655949314,2.5893514958794257,2.32861577518412,2.4893604000140193,2.5143598510985825,2.5998494363117577,2.358947749126276,2.6080082589376494,2.172145966791475,2.625847684493916,2.0717189666591866,2.5993258296871096,2.0720625835120736,2.8097903881341875,2.613054951282227,2.5148875795766568,2.4098188459780023,2.8179854324610822,2.8950205539203333,2.714197644031988,2.375310881611612,2.7383440343399266,2.23277640431519,2.7782695562475794,2.3880404066564713,2.6192554225307774,2.6075457465978062,2.5244080171100274,2.631616529409306,2.663226217385097,2.625450772726087,2.61547169499478,2.3027829525879344,2.6065632186208916,2.170501022058025,2.6598472399206727,2.3324379685200087,2.4961921923404864,2.3335145529828263,2.333007326512288,2.4714041100354516,2.586583807392391,2.3821280834893317,2.6001922448556622,2.0948015807552607,2.614230138428557,2.10939010569611,2.621998123967536,2.1925238173949904,2.64288248789706,2.646275440971079,2.553082593686255,2.4902586379345273,2.6598383322258057,2.637533592526371,2.6434162633809297,2.323345114716356,2.6852412757843163,2.1356201153885275,2.6893876320989967,2.330002033610592,2.8080787784787975,2.619402648358618,2.597227879712557,2.5717026581957443,2.781867240135856,2.7611917357609315,2.7781525845784323,2.3870994442073643,2.695970359983138,2.337717230154249,2.8510923951382634,2.5342945259950556,2.789987592256329,2.8453814109250954,2.6137077070473964,2.73663440894057,2.772769095715347,2.8290191265256044,2.6250460255432984,2.3320527179324584,2.690932616760808,2.2718871157220737,2.758495447513395,2.3959650379924944,2.6673435416221345,2.5642708415333457,2.5324572042067084,2.613180064734284,2.7481833358860843,2.6132001059815755,2.6926787160567223,2.3574474790245197,2.6293930130747474,2.3081514370118583,2.7111527528791988,2.3986368876585527,2.7700206103363936,2.7266094661874662,2.613710929990848,2.4690282879221845,2.7380142104061784,2.701612840556613,2.6390760013854484,2.342209064768264,2.6949401634800463,2.30539705169609,2.775282164678569,2.380610534406714,2.8415016935989064,2.8309524936275414,2.6829275092271576,2.599790534318123,2.867959928848641,2.7949497040518367,2.7744000812339715,2.5575263152123484,2.777327461479378,2.2547066057515286,2.831142305691072,2.5378556011915747,2.598255900453772,2.514990258082671,2.3940793694204494,2.323722348496135,2.6230041755255273,2.443428660778051,2.6236433544301514,2.243333450760394,2.6156717990647587,2.0690773649444076,2.6152414428683777,2.2618642340349786,2.5616553500626407,1.8510165515334671,2.286522484311897,2.1314898279850407,2.5837876193833815,2.240640277720807,2.5881331250946724,2.1486331451919862,2.613090783368619,2.06115946415304,2.6360431918672784,2.1036907161921703,2.667148234276128,2.5860574510877763,2.5199085009446653,2.4889657645306036,2.6474952462648385,2.579050157333724,2.6480621862391622,2.318552796699154,2.6847815411308487,2.164377795587862,2.723085066805924,2.3200572151631254,2.814034416076587,2.5751689849031547,2.527821884688336,2.3388652930877587,2.861246801213169,2.597728531878436,2.729856878641594,2.4089963512882737,2.719283082800683,2.25107128736213,2.833546406185729,2.44675538835133,2.7752739302819487,2.058196536515166,2.791769987622631,1.7574461292126857,2.7191695515921097,1.7591333045149493,4.03159430362607,2.1555120285872893,3.934134672228075,2.296700804102231,3.7077389186936234,1.9332955910072878,3.596076164359774,2.505678259565223,3.2817006269393976,2.3236526312039922,3.255664134313376,2.567222182146058,3.956409123197155,2.306976531070449,4.005418814955926,2.3041558647917606,3.870578886242768,2.34637123933816,3.078739919891513,2.5171527026829343,2.952876814704349,2.0654689600195106,2.935816057443528,2.3736206073578394,3.738157691312318,2.096984242470292,3.5444000053243028,2.1939387770368928,3.286167455094174,2.3294140918686677,4.285493439460234,2.824520989660745,3.9851057409757638,2.3348272652907296,4.2071773065331355,2.8339472999782402,3.8603529777284753,2.514563734109721,3.6796200297381234,2.4851238116232794,3.8636254818464804,2.6163278980536613,1.8316108624363787,1.6295719606783048,1.816308276255596,1.8399779664294837,2.0483460918353664,1.613092175600718,2.377315112755598,1.6205027278620416,2.453686008822922,1.3712997756741412,2.349300411424767,1.6313753842844474,1.6792213103537064,2.3336436711323243,1.783303333786165,1.8967042861054388,1.7688497890609116,2.5141473771269776,2.3591415073514495,1.6136517560011814,2.4798763570325164,1.6738862822523775,2.3415463288233114,1.744404431231654,2.485649750651142,1.3576051751888418,2.372701313498297,1.5609049228902365,2.59184220153128,1.3867661059608747,2.5596462170631087,1.883022018742939,2.6169478452476707,1.7965376303916831,2.6008272086489086,1.7591116718666968,2.722089816823933,1.2154420048674932,2.6253625060360437,1.3424799512326713,2.6910796223855833,1.2216105853226982,2.81587683843884,2.3169551030536883,2.805145024024809,2.0510191122762658,2.8916475184934702,1.8196589712561506,1.9875578413513777,1.621301581446115,1.9701874077468726,2.0452388518793443,2.170145980591664,2.039084430020204,2.3659823437868828,1.635307068556682,2.52403112495829,1.438102603738826,2.3375828615669247,1.5282977483191207,1.6345512186280609,2.4225541448563774,1.6467849118456088,1.9456014208105463,1.6712996021001696,2.324603994941996,2.3680898207534584,1.6784736746731301,2.416499759884684,1.738399052793886,2.3304902598286734,1.9399179882131654,2.510277765955871,1.5384035314735447,2.352193686224921,1.773507080696061,2.5974607901278244,1.7323466427080505,2.5759435316322565,1.9620856766339925,2.6135478552697484,1.753962661910659,2.604927448493789,1.655117803773078,2.7692711792104743,1.2532792813164457,2.605858562791757,1.3590462716788614,2.640185941829989,1.1587518579495995,2.8340826547959423,2.335256724972857,3.0331967490639706,2.052825155416892,2.7985227619837443,1.8047273968814452,2.0982016090302604,1.5749338442041743,2.134758051368338,1.4616169132125256,2.304135407934952,1.7073310783193316,2.528841283627775,1.6232739559075302,2.575933300370911,1.666662018874734,2.3932998822653992,1.650256623645366,2.08721329882697,2.1700930554038087,2.1207146957060647,1.9684170950363078,2.1926416468303125,2.3320455376460347,2.5421087884957867,1.740494156035371,2.5923286396488256,1.7065972685763389,2.387026862299164,1.831338846184133,2.59710786516173,1.3440454443812808,2.423210652980144,1.3687135124791723,2.6147497104422883,1.372426060275589,2.6275497896512827,1.9971667554933645,2.6289089922574984,1.8781763625254915,2.610712292493577,1.815991658177139,3.120547463185282,1.374886893765626,2.7092474509663997,1.4612101338925036,3.2370342673715156,1.5739721120517607,2.8816853886357587,2.224825207510432,2.8812512670528285,2.0758651991831933,3.3388298120348825,2.037677580047031
7_2,2.4228783433401713,1.5189885419072076,2.4394935369390063,1.3951367915061053,2.352291298683641,1.376625594712688,2.3358247846530964,1.854320994582387,2.374807812133561,1.7025908689155946,2.3060245786401925,1.4326168955209548,2.460175062028546,1.5487243567863136,2.3902741873315785,1.60504895146018,2.2772545205093597,1.7193233840074773,2.334997207146685,1.9206370617950228,2.3343870343364785,1.6785972310287736,2.3054736003984186,1.6348426921893293,2.574723107221088,1.7645485918141472,2.543187088872909,1.4645886147617888,2.5269275835637606,1.482749442975749,2.3701771044958444,1.9108494570234313,2.444005548504686,1.9039109582640004,2.4652756691610374,1.6304324280453402,2.7600036498892697,2.106810766493024,2.686765612876983,1.6725338852739864,2.726361664709634,2.122184587300143,2.49712809693053,2.112223260751955,2.510452693912159,1.8863679243959022,2.5567457877649487,2.0307912865534354,2.5631493311377738,2.048089507204697,2.5168608378869703,1.6901817361909113,2.475690083369389,1.8122275753846109,2.4068228803392353,1.9750444931590456,2.398795478914095,1.826487594810025,2.4249585235537654,1.8694596316017507,2.557929376216652,1.7075705722100887,2.5631616651594027,1.4649790343577385,2.5243389880282505,1.4580032315568783,2.3564169082682334,1.984093821394428,2.4322995268569323,1.9204382527240185,2.431547110263789,1.836630319404735,2.642431532370031,2.1562695907979865,2.5645215660789256,1.6530868238782885,2.576794425752053,2.052576270562744,2.464794416484374,2.118328281017499,2.476340886130377,1.998816907808753,2.4597518972211367,1.9494267179291451,2.77682900715248,2.2661661129606245,2.6808849364483534,1.6732562132018436,2.6928847727059733,2.1272560489002217,2.483667837039974,2.1329258777786086,2.4990369977316576,1.945255946976183,2.527400386921498,2.116581839029679,2.516282297968897,2.0514859124158207,2.4753421296152394,1.7860004621545627,2.445192546564734,1.8800399387071367,2.369944031364518,1.971381265160724,2.3879596535399004,1.9931588258542399,2.39783609000537,1.798095155064976,2.5255442903335696,1.6301678200946956,2.514308266438136,1.6919391934219024,2.506018576634786,1.5165043044247921,2.342602901823324,2.00520435193909,2.4428216934175366,1.9607791472376308,2.4173214104775087,1.7022087776649173,2.642012219304415,2.1264850243261177,2.5422766521119997,1.6618219034964048,2.5869219657788216,1.9914111845307623,2.4099196416560758,2.056647564303228,2.446953593926459,1.9030409833830344,2.4270970204892053,2.0062729490609614,2.794761659950443,2.192686348931897,2.6733460282210277,1.533471504882406,2.7100008300420075,2.149024465231097,2.4746758174568666,2.080445994428304,2.477364263880456,1.9810082269847058,2.4859880474026994,2.152991332600303,2.6360044983685014,2.149753617564547,2.5640795962090377,1.5952972717993914,2.543172333833155,1.9113546387355602,2.3884720560671773,2.022722437292083,2.4568430738988574,1.935265095264767,2.4347489483147315,1.8893397772579528,2.628566995801495,1.8258230031277136,2.5904947668369336,1.6141276188915559,2.6098916793746696,1.6525593424841816,2.432804093440526,2.0517861011137244,2.423359103401702,2.006409160806549,2.4732875756672654,1.8638718892591912,2.686850317502665,2.2893049906369156,2.662669073108131,1.4583704136470053,2.643536426002705,2.097670816754935,2.4336441937486173,2.13216779321862,2.4527949202286017,1.8452952780551723,2.5135483698536465,1.9697634733932694,2.84180754365676,2.4179893306538554,2.6582394744359368,1.656355685528795,2.7774420899966348,2.2244609467276164,2.539490579019357,2.1391944711366984,2.5026007819079017,2.009783048890623,2.530752328388605,2.1492872601231716,1.7843309089142696,1.9612632234013267,1.6037194702883006,2.0389551672817428,1.7610385159092505,1.8518397508803142,2.2338471516607075,1.8612961408460829,2.268752014622082,1.658839588160364,2.022437982727875,1.654191965314537,1.33847363867742,2.1000555590720134,1.4327523425758577,2.162093051923701,1.309714142345476,2.2676285559972427,2.1938325022001415,1.8262625892628304,2.1941073745734734,1.7277275834990957,1.8886388542314965,1.8075763633470336,2.1766770868500744,1.7067456694593288,1.6998964524260596,1.9235501062540017,2.2019769342895463,1.5253679244239449,2.33309576746615,1.8454647974456135,2.309877964619564,1.6729025156081456,2.292739916722323,1.4334486856889472,2.539962948449699,2.1668557660497165,1.8298587709811274,2.114256732206968,2.555928113127732,2.4685381149487964,2.4382253411455648,2.067317899467154,2.44174900892822,1.8476319395873997,2.4636862065265213,2.0253804606580075,2.15035677798596,1.9442997190379585,1.7535302462415119,2.1528690350718915,2.2194435466053135,1.9087637363038739,2.311807961801803,1.9326014848344881,2.3568446136640335,1.7108026312531088,2.3169717744132723,1.750914693199636,2.0368882060588263,1.6063262607728344,1.6031270864693292,1.9956657107206637,2.0548704342821966,1.7566964941680947,2.34038746867175,2.0125981459140414,2.346114578107572,1.7879763003169489,2.2509573611838234,1.763996743578438,2.312227527985694,2.0050816538344787,1.8770510199613186,2.0001233915962775,2.408666230041768,1.938719116043808,2.3385017779866026,2.0643480946543624,2.369062380383239,1.676339231136105,2.377998912322782,1.8697934697966168,2.5616294829513166,2.0364966965434883,2.0228864113678657,2.127936616653491,2.506486521319256,2.205158832592021,2.4348976061888727,2.073150711174887,2.4088501207912714,1.9026525539345824,2.4685869201219552,2.0463901447181096,2.2232647179849434,2.061160497486619,2.058419545016685,2.207849494612014,2.2902233547209963,1.9974664392531867,2.370641836794074,2.0691490665242154,2.4341570340786998,1.8689043452426763,2.3023077587890346,1.7651754906091013,2.2180181299237054,1.9303197301912889,1.9522207466550094,2.022433453674785,2.204680622560347,1.8254276393285338,2.4083744786608956,2.067341261294948,2.398771181791445,1.7635070825951493,2.3002462463817572,1.819054510761872,2.41064724129381,2.1311533122247615,2.0626842824321243,1.9827551022574341,2.4315975251983604,2.0947845895622117,2.3983054150105043,2.115272938353551,2.4152947865561893,1.826859545911811,2.4360580283287634,2.0029885639971723,2.6502219051358877,2.3388039003122225,2.0624166878467003,2.0755954771732137,2.5933586944642655,2.325222012361417,2.4745091268183566,2.1384285623547696,2.47320144200995,1.9362150555764122,2.5152732757197978,2.1067915611925763,2.257354674929892,1.7198385077261455,1.692760531990237,1.793790534722779,2.2428042683273346,1.724083620758943,2.3137103490440576,1.946677005316366,2.347143562966965,1.6528621799819847,2.311450863611191,1.640052646046917,2.2067030253851176,1.443204674861742,1.5320991429403104,1.8939587380462317,2.1887540654648254,1.4562423349149183,2.3245947536430913,1.8647896887026407,2.3252171330161953,1.5559711027739318,2.2490703650644486,1.5491394181292393,2.5402352445752974,1.9483005871036194,1.8641574181671638,1.9235853445125821,2.4666419020607373,1.936374025772556,2.352765925963474,2.0714510045587304,2.414970114258024,1.733843533847389,2.4441346414551957,1.9013492089423487,2.685192811169807,1.9760933423723903,2.006074353302502,1.8107743471788122,2.640509545602612,1.8375613543793414,2.499512937711838,2.0860210428433374,2.4494523520842586,1.7861575518971406,2.48160156903261,1.918949025650474,2.3655749711440857,1.5737605628528313,2.3850428752418638,1.440766305595593,2.4041295469325705,1.3515565779021004,2.501204390723668,1.868696194530618,2.4681742361276893,1.8458050922120488,2.4434740691121184,1.6246504333419438,2.48214153478343,2.0412804068148374,2.3970187496261968,1.8001857019188787,2.450266415723283,2.028372016699315,2.5336698539879405,1.9367386177405947,2.5856689168439138,1.988578953503653,2.4879469477314724,1.9533447737937177,2.530413280331877,2.1086170431140223,2.463713881906444,1.58621635981069,2.5533161919230842,1.7849812201642468,2.493911099531101,2.02134153642623,2.5134846097421404,1.9481882277273757,2.490592091970914,1.8598868763442098,2.714711380322056,2.518774411142619,2.6441364710957243,1.875882268291607,2.6993239391944823,2.4965027530048167,2.529046512190361,2.1194180646393517,2.5410245981179864,2.0676386904752824,2.5789694179290903,2.2492758104286343,1.5169363654081873,1.451974254997543,1.271510240605752,1.5609251117471568,1.559970122215301,1.5152679746166795,2.1926493396742464,1.6163816437491096,2.231936124563764,1.4708047427030866,1.9946031840308862,1.3369866224810294,1.1558449797899002,1.9104893095971416,1.1597731529386763,1.8799328192968667,1.1641250620405823,1.952563309252771,2.147670085628234,1.6986059015143826,2.1843049024268866,1.3264058163905608,1.9549583653030131,1.5643431240281827,2.2299995932891483,1.1264254179532418,1.8260388278554545,1.3993383972369218,2.1811991434881954,1.2899136766529922,2.3131134598628864,1.740257827484952,2.290645638327196,1.3312412266523992,2.320246338617729,1.3621689318516208,2.5205404721503317,1.2999142666379826,2.2592201121101136,1.5629101423237184,2.343225630101273,1.390877302576834,2.4146771052224585,1.9436394626372293,2.4304814614804067,1.6462924637308631,2.360244069610848,1.5664813098245696,1.4269489035459373,1.5336638898609798,1.3121907304382443,1.6348481025345727,1.5400865433342223,1.62464539110246,2.099547460420293,1.6279837910294963,2.20984094338616,1.3179175164979375,1.9397967765701736,1.6137252519907939,1.1952874210177353,2.0230499446640926,1.1098968773800142,1.842534853159831,1.1260671779094087,2.1254778851868488,2.135109761769389,1.664900488258331,2.188861059594896,1.3803068019715234,1.8828419454821255,1.7719587699979116,2.1747192256302417,1.2600768072484239,1.793952028647105,1.4765954537809942,2.1761041864567425,1.3628829304537693,2.2735148288792604,1.7349815714669758,2.290846331385763,1.2945826860062064,2.302227541730177,1.32428658218404,2.512569396157571,1.1790444467957029,2.229536716111469,1.4864598842379697,2.2649327831861745,1.4854922040901675,2.453453711879598,1.937245074155819,2.4323619696604832,1.4649864683394116,2.318635927552139,1.4572714408188787,1.724116467636624,1.2968365198689382,1.5357752210119868,1.5912090816033677,1.8217446216082471,1.3925629272771611,2.2165445707427414,1.651991423789519,2.284020002636382,1.4659674224369323,2.1377791277105302,1.4324181538285312,1.5817999681134076,1.9299899897108377,1.5812361464470956,1.8152347333129293,1.6271779932676156,1.9562024176311505,2.2504333195734763,1.6459639094175595,2.2882072718792514,1.5318493849093482,2.156075041296369,1.5833807686017967,2.2816909882542085,1.102386567928795,1.9566198193366684,1.4695556298189747,2.3500763826199864,1.2679693251083761,2.3221187969660253,1.781996120633547,2.35774221055147,1.3971993918793661,2.3376976508211413,1.4814972599618492,2.6100607566301046,1.3415013677114467,2.3652778530669085,1.4922292638832166,2.4908327212857966,1.3981207677321776,2.4874175444755173,1.92880920799446,2.4835320040074502,1.6041616888147108,2.522984358851583,1.642669032654557
8_2,3.5056985580246565,1.7723411243833687,3.368894808970751,1.8717188622902972,3.733803507594737,1.4641010627540298,3.4024740278605017,1.4666047559071567,3.565109512705106,1.4048870842538999,3.6903461806253057,1.42557026533194,3.174700710603376,2.729127952898787,3.0499291558424564,2.377493100367558,3.3220700317512657,2.269810376292137,3.5606793671171784,1.5086377082673688,3.5086822297047875,1.4903746028413658,3.5669392695747635,1.7022709855794482,4.146622739635354,1.6019270249611284,3.7187475259668625,1.4595194585823852,4.262865534290803,1.4706772873493568,3.841433090600366,1.493402654460079,3.7545664974297424,1.4238095986139019,3.9491962966599585,1.450622742878195,4.7781785195938795,3.882470969721088,4.175261790615071,2.0009117001143757,4.811198540419881,3.0282774883270753,4.097139581089204,1.776898969024465,4.077456277008001,1.4492475178110946,4.3118169997232965,1.7716114681331745,4.121064913354677,2.750118597612343,3.7304460881639843,1.7391658141097361,4.172054587716069,2.436498538627634,3.798768093493157,1.5384286335405588,3.9037079078063597,1.418047401277935,3.934366689043134,1.6325363756148814,3.9695780484558076,1.4397724405111738,3.6855452891292484,1.898106155884227,4.198117484088051,1.6078155956956492,3.8104047826758327,1.688192744442128,3.7458907539072523,1.4157048717282883,3.9668469994526316,1.506611170785216,4.459016858890739,2.963257291405942,4.035593650555347,1.7532477786861012,4.422177858288064,2.785702648149303,4.003814754396122,1.6987529955056266,3.9448618185438513,1.4417682211758742,4.1554477536518615,1.9264993038317626,4.8303732876699,2.920544289948273,4.226768957916315,1.7887519893912476,4.856073906108054,3.198982671240736,4.109537896299258,1.9124860714132383,4.156141926554793,1.4283413115738968,4.399909666746756,2.07138312869121,4.134596080345929,2.927600771318286,3.708682552887108,1.899971526294344,4.197716976941349,2.5058741922897845,3.7213890306848163,1.6287262824774171,3.779902115487012,1.429440537021697,3.9195821350479485,1.5548419999925482,3.956653318789475,1.4389658708479987,3.5877287181478277,1.4682432244362178,4.162011491036683,1.6833938581468368,3.749909311604284,1.4782573821735314,3.7640925540538177,1.4067931876088313,3.9197893424749086,1.5664464954512234,4.403718591422281,2.9753231468356947,3.94164075214886,1.747992640490193,4.458804523106837,2.8484609447254603,3.9014183469086783,1.7588711694016008,3.884791428214321,1.439395120214321,4.112258771613802,1.82471691890405,4.842747434017332,3.024643712933456,4.273153854744029,1.8921315575056525,4.845837948264491,3.051438640311292,4.223022514192403,2.0017434318995226,4.050921178474946,1.450614137921629,4.328349209342963,2.1368135934416395,4.271956283386311,2.8460217401788825,3.8297263979695435,1.430396410702453,4.276728877359871,2.612022001755244,3.8396064890946073,1.5656055900034227,3.8064375250972438,1.4242455052001988,4.0618731383656925,1.8010038656300076,4.105079772695967,1.45312618604641,3.820191241051665,1.9712026915085037,4.31502663174057,2.0433907813960577,3.810819449771198,1.5596375206885975,3.895220616131559,1.4391240184728498,3.98769640976607,1.684837625836961,4.493381726972845,3.074120240808979,4.029441228082637,1.8169970103797064,4.614675063271314,2.951348242473846,4.0180627366728165,1.8709408595020616,3.961211112351872,1.4531369168092165,4.193962343643938,1.974599469765348,4.863248417746123,3.0554600219237322,4.279144386232707,1.976437407647432,4.866031442901969,3.213871402198001,4.177182392762077,2.0175218084695854,4.18056182946609,1.4700948230046418,4.393639625193641,2.2025836980873956,2.212915804681545,3.1332185855904338,2.0890192800403278,2.204578506395944,2.5261921557871156,3.1140285186751266,3.1369001893204667,1.4228060297440108,3.1471774849759773,1.3997934829038607,2.934314654263389,1.8476287535102824,1.9199265742139182,3.5170783527330878,1.951283751733676,3.147727455728674,1.9779683435130824,3.2752739035272396,3.0630794210431214,1.6813711893986458,3.0847673870131533,1.6042625994162691,2.723562359705979,2.117806862577763,3.451851799746491,3.3869659651101096,2.2715009491872147,1.7174917689451874,3.757358486094778,3.1189488586282126,3.527008252796533,1.4276046540251406,3.521950593257024,1.4106790350267002,3.6989312921805517,1.4147588576101353,4.350205044783954,4.229946923112751,2.4114276160877273,2.9190367980795373,4.457138542135053,4.411889764019612,3.9315205694403272,1.8737447082410494,3.8805580667679775,1.6491686718015341,4.181125183035849,2.314485680220941,3.4247013924176066,3.9961499005884193,2.314551838337381,3.6332216979359155,3.636877936624941,2.9065395622412185,3.495412195278358,1.4895891998876425,3.482656682966023,1.8939743854464555,3.678426104065897,1.4540455789834656,2.9181773463823033,1.9291191823371039,1.804415996965839,2.9457386594286423,3.3381040260827164,1.7427622192971413,3.4335689428268643,1.4616698200994747,3.4415881361506715,1.4797924218124043,3.6242102583364306,1.4616614573341171,4.003848452094417,3.2203002872485698,2.5412060283269384,3.155650816338138,4.274005638614398,2.738500850504535,3.7046002649981578,1.5816105850629207,3.6437137931173704,1.4521884958170763,3.8803972257029224,1.6242634574291093,4.60052006393965,3.7811835387290103,2.6814868153800497,1.982683033920591,4.727935184992683,3.4505859042651488,4.06750348290391,1.9225921621244173,4.08604034433802,1.4343188951081995,4.350050636457727,1.9574751673029962,4.053633648084066,3.9948765732769598,3.026450332435796,3.8353586851762587,4.106382907073687,3.2193583462837747,3.707708171786302,1.6710702173160839,3.8092465333663323,1.7207109188296164,4.021865296342662,1.696130748877926,3.6471447282840512,3.1904717737349557,2.4729207379294884,2.6860365280301286,3.9303424339658886,2.615266337126265,3.7077874437326894,1.644011120381046,3.7172400429221986,1.4706582698146053,3.9206874662405995,1.6609859509591256,4.389448782947931,3.576295260114656,3.059335606172109,3.3188512114835644,4.460845630431035,3.672870971817394,4.01247159598431,1.8912753001811053,3.9799795910339824,1.464884018519458,4.231710994568837,1.9797520291674282,4.878925073378281,3.958722397897388,3.0652021195801193,3.66016832534584,4.961587383713096,3.768765197860327,4.200509992555419,1.8643671662833075,4.162928942598139,1.434365433222387,4.412159585377684,2.228765819899215,3.4432612004367598,3.1963292455851513,2.2226395928836804,1.9678733061974838,3.707629455778801,2.891395965294813,3.5374336104857744,1.4722271266967288,3.5218658171799833,1.4475989654596082,3.6737452789553022,1.4819570693308044,3.020917463671654,1.7503994456411973,1.8470948754762708,1.9141011180628702,3.4771235858147262,1.7283920482281112,3.5526278437576493,1.457527209126834,3.4892457849632503,1.4366947881808432,3.6375221508694944,1.4336879373084537,4.070961009122948,2.2619144305665255,2.4236723894703243,2.655864814998417,4.277290389185104,2.5803032608577645,3.7932674621961864,1.6205664169489813,3.7006110358262574,1.411128426415144,4.021399776408358,1.7039697111168355,4.555124915146076,2.082574119873495,2.490705953071184,2.128977830851645,4.682909303206814,2.2301333252140845,4.105470070566122,1.873587799244832,4.00737251070406,1.4416015030255203,4.279111449854444,1.9583248466107628,4.229152183723537,1.660625087127197,4.27600364637237,1.5728015305650207,4.262716513415861,1.7466729270093018,4.430164483258048,2.050252886317077,4.4339816126618325,2.002918354773435,4.38518053756728,1.9909161495384893,4.465994091301426,3.177933969381568,4.469866692335119,2.590895198781768,4.484431015395559,3.112433303566603,4.624221736171135,2.2814851805161056,4.503256553090799,2.3981811830427424,4.456861730442339,2.293310989123234,4.583621741806696,2.6877027761558683,4.507545015917801,1.9449307562807052,4.656221557345957,2.527764667423765,4.415218896755612,2.0300917094965043,4.431410007104529,2.155676463279426,4.443855629028042,2.0516840844186723,5.044287736981982,4.397351641720032,4.871101986709138,2.822424442648031,5.081991455623027,4.026573770425373,4.561073763260327,2.3372504611040044,4.533809357845889,2.4301206070617773,4.526170465055034,2.560206386416166,1.78411457619884,1.817465606917106,1.7163253789509687,1.3538883045653043,2.1815014766645486,1.8841724768070602,3.2667910403298515,1.6924481354199663,3.414327718045202,1.4452527893175842,2.913174954618904,1.5292282841848253,1.5397976495628398,3.7388445876557266,1.8003804567371275,2.207594763701182,1.6276095814741862,3.627785296460061,3.308205540753533,1.631978635626288,3.355063497933977,1.3965719380814772,2.9210988042398105,2.2383624716366697,3.2496631088572014,1.4172017612163685,2.750464314580936,1.401384920078474,3.590752259015812,1.4144035890003666,3.6452848834999516,1.445258257034515,3.7178334560626523,1.4416298383790682,3.7264692023670354,1.4253683735902731,4.122921560040213,1.72454202894157,3.6688303944823217,1.910986059051411,4.051028965234191,1.6198203942228928,4.0588094936609584,1.5561695521535728,4.09275002870409,1.499406864448117,3.978930949705258,1.4536959407952132,1.8425223721784805,1.8817085588148368,1.8969128331186766,1.4111871897163966,2.145210015481629,1.8541504924446004,3.203959171387754,1.8717065774891868,3.3506761073490567,1.3989730081071472,2.910388709889556,1.8880553239834323,1.6825040029240723,3.571046668049252,1.8442190663930829,2.1522281813882613,1.8366194620468121,3.9566750914151845,3.2452717917292184,1.8473411591574664,3.315490548350404,1.3275365542982072,2.8537631003144983,2.3600852103616785,3.2893843572197197,1.437411915401918,2.8488747559293914,1.7101724228314823,3.564724486946671,1.40180306744879,3.551535626703194,1.4715152516186016,3.7805530091448047,1.4105864969391682,3.769968294176063,1.4258376232331258,4.167207328261437,1.4708873550133885,3.740973527502648,1.887018781744923,4.0513227856266685,1.8769835597621378,4.083851533961895,1.5922657810783938,4.183256833396634,1.4879953620537067,4.243190043277652,1.4435356292678767,2.178436359204793,1.920165902369961,2.1080045884323892,1.792583705806055,2.5661711178596183,1.8655036363605877,3.446314409971302,1.7576212779343865,3.524764822615977,1.3930353050917368,3.2755743660803396,1.8449030170251777,2.323374062491511,3.8324086196916745,2.4711655416586695,2.7075555212115407,2.3827459663401718,3.5863783969426954,3.507747825095636,1.4755479248295644,3.559255425693843,1.8088163522901302,3.3180431298544235,2.1951390075926547,3.485503866885869,1.4185020092111225,2.983753155874726,1.6663059804392197,3.8666828601112475,1.4423874470447224,3.750980659545873,1.658224009588346,3.946857225789802,1.454650881558769,3.8176322823727067,1.4766371659196793,4.473049057457086,1.4487086326692729,3.81892229526009,1.9192436198112557,4.283381450241451,1.904572277281993,4.118352479748934,1.714844378459326,4.123382527025093,1.6283647777164068,4.238650779462987,1.5891673026553714
9_2,3.9652809446964277,1.4603126330835283,3.642877547257289,1.4657128800634567,4.082462871111875,1.4578628120706378,3.792365305151346,1.8175201862460073,3.842531978585189,1.4549283862633957,3.8710424530993994,1.4578024177254252,3.377952425095862,2.180378807009615,3.203051305683027,2.033441474998198,3.5454382409289447,1.9749604673680228,3.8054676456855296,1.6015427945357503,3.8530494198340937,1.472854021030667,3.8443293536730407,1.4580236116026912,4.631353011462157,1.5292923368357219,3.9991104943824785,1.4630243844934863,4.614114282363271,1.5449508349952576,4.023128815523872,2.1208778212582566,4.005259415516305,1.8843764607022682,4.196238919566008,1.546949103558936,5.019108348255712,3.2280271071757434,4.261670143802854,1.4964209945463207,4.863210704826929,2.6624777844269185,4.377870064002031,2.054039318327661,4.3375590663666435,1.8272460285055483,4.443873179365247,2.2645728349911973,4.691305208658408,2.8824524046708726,4.101876550312956,1.4686826055666509,4.629676318555835,2.5556484054823585,4.2211083509365,2.269060346541908,4.134720404112112,1.9810193602111459,4.305362127595075,2.3860474026726672,4.54745774662213,1.4677486376792819,3.997411702959252,1.809929525934816,4.620904114788588,1.4956990417380676,4.077832873609384,2.3016895067614156,4.117249163864243,2.008106470891043,4.1896381826769185,2.205244169934441,4.902176812799979,3.6039512647969816,4.326677713077987,1.4537685990512854,4.939266158267689,3.366853850482324,4.289594509400396,2.2931130526177754,4.295710074018554,2.019251980229844,4.465082604444171,2.6050234764907465,5.063494954458666,3.2919669700809817,4.477011147855848,1.4860831452320251,4.99039686824749,3.3821911294493097,4.467755145076284,2.4500778236402034,4.387889704150215,2.1520425821921716,4.624373752849852,2.7503453246805054,4.651863857822048,2.968174956034057,4.132963454964306,1.4465043705302107,4.606083703026026,2.615947836677862,4.123661138736465,2.1830339627833877,4.0833129762937315,1.6388124404311593,4.201927763537521,2.335259300982577,4.514905651288003,1.4470049112721224,3.9255340055797032,1.448730733492736,4.552159727570356,1.4718109581784686,4.067781384994128,2.1540714445714455,4.0848318958481835,1.5791245558508538,4.348871073023104,2.2690683727502416,4.92311565965875,3.5380406783810865,4.318432638456026,1.46199097683084,4.931876745580218,3.2763633373795167,4.230843971795692,2.3574539744131093,4.321661564668685,2.019045991462711,4.463401757314763,2.544600977979477,5.085227185634229,3.2308673245889823,4.42547539385225,1.465728448708027,5.010919349932632,3.5695306275543905,4.403296285294084,2.5684259590820986,4.463917911671135,2.1927076939555548,4.574842606300277,2.7786736712810325,4.7389048915721315,3.1625169163719606,4.226663100678878,1.4566018529906073,4.693774402818522,2.8519977727245496,4.189587917389898,2.436246374237237,4.220661100990076,2.13398592124003,4.370056930900736,2.551251371823666,4.602597239384531,1.4763354514451785,3.9839765896990533,1.5674019071445142,4.730882855160373,1.9862613981818487,4.236694617597714,2.366898052195431,4.232198940252397,2.0001340026211145,4.266379625501281,2.3345892370134953,4.934151097852393,3.787473277299354,4.405957139622892,1.4527172048765968,4.948780353298743,3.505552419000775,4.30955714656154,2.4803687434474755,4.358297880283987,2.2024075063527087,4.470637508247622,2.709765075014413,5.15253100970414,3.644401554731884,4.524210018966547,1.6401303288138551,5.093314751347316,3.752097661968923,4.380578620497693,2.6162502670665746,4.344210635684938,2.3948842415814364,4.59868211808846,2.831426537716757,2.7940119622965174,1.442685791142934,1.942283643359555,1.5955023959214734,2.7088017220352247,1.4671248389692604,3.523877997273776,1.456371555446658,3.2940495538081525,1.4510619213509952,3.286862354890589,1.4539864885422318,1.7629015065000588,3.2362240355802827,1.8135730112404593,2.791531394703318,1.5132954142839665,3.028087985122395,3.462897868854366,1.5158041192249587,3.358523570918667,1.4560271360064325,2.882371890004068,2.331886391606449,3.7745761130003976,1.453579623406773,2.10928591574482,1.4673430157606384,4.134548454450652,1.4570099260790514,3.7868552049931545,1.6653457138679635,3.809925451512127,1.4625204399647675,3.9835703589262126,1.4613924377248457,4.580062409406043,3.831237583302163,2.2535438129239833,2.106183175703474,4.453952255408325,4.054726650714961,4.252670553897122,2.1228078591920583,4.161846031130559,1.5081030465309797,4.394452459560201,2.513132861323035,3.7138506030946155,1.4621268705061596,2.5020716003386068,1.6562869615424909,3.953328382919672,1.9182082869882109,3.7686491513679456,1.9976486068016563,3.808362759752215,1.924956510562153,3.9838373204942026,1.7033521244566383,2.9870224441096545,1.4477458297405077,1.5823914151989664,1.6532889389397545,3.7571436573118353,1.7600102394726975,3.820006160919827,1.8268945901973932,3.7902815155873273,1.5076727824799199,3.8695772351494555,1.560649596751739,4.4810405044057084,2.812969444168516,2.29854462146737,1.9876796017073204,4.581399044206263,2.8371329692721763,4.23454488839576,2.2451895853310297,3.9984562223916256,1.4943830490465926,4.288757532164749,2.266793707271135,4.877790972925196,2.250632059888724,2.5086898939758244,1.832385012443732,4.849422240624021,2.539992890800867,4.4282793211683344,2.615255281329622,4.237112104788337,2.014407058706539,4.481876367240362,2.5669180798612863,4.321906756592525,2.1770213650777492,2.7460855773056605,1.891658763334746,4.4617423511585566,1.8581217999252686,4.187825611829656,2.3141394729462026,4.020677936185031,1.5693924374503865,4.321990514926994,2.2212675355919393,3.9860133905282638,1.464576208311528,2.2283361163120925,1.824243997289102,4.248249291556213,1.4841158900765978,4.119424952944009,2.438162898272716,4.143118825521407,1.6172188907203782,4.147745748531927,2.2812635359779265,4.726585090958791,3.3313499966617672,2.876976963675661,2.277668483717776,4.824614691753274,3.3187541441514723,4.247820297913804,2.4339828393732272,4.1795373164921585,1.6256854359786284,4.449293678339492,2.5224392900504276,5.002955682339581,3.3308102289405324,2.5799891399263113,1.8786084901524842,5.016908958248422,3.652868850783317,4.5117753690728275,2.5384101352578785,4.436607457730095,1.9259210487148568,4.528648927973827,2.9019079653824718,3.8166626239668147,1.5220925659385007,2.150299021946189,1.441356520434466,4.063501868191983,1.558896513170991,3.881001779135017,2.164450868643914,3.9316392844275927,1.4645507614002797,4.042328716513972,1.7943760180115567,3.4255878422156765,1.4651516882974178,1.7673248841191587,1.726085331879889,3.96343445747967,1.4542397215358143,3.8343723990808467,1.930448573252777,3.8403845694793275,1.4727869297438998,4.062534623180486,1.7031173588950779,4.600418831642216,2.821711504064066,2.433346051412734,1.4645458373071327,4.754669639105664,2.7780001321226035,4.125036645321247,2.229435535910284,3.988379463781992,1.6376008829654018,4.271449883163446,2.3025543700591595,4.958295362462516,1.774434643680964,2.2617465586107808,1.515935570245064,4.8641853393076175,2.067664525633969,4.382913713376331,2.431096059514686,4.282416586698424,1.4838658598826822,4.503334569376877,2.4478446669443046,4.399594669617636,1.5204755098628429,4.339447035885366,1.4900161023552678,4.319019526092967,1.4797615980136969,4.262671113940499,2.0372525748343193,4.390101067723628,2.0589102852373076,4.194060659782254,1.8243515659396832,4.469095350515681,3.478373069694866,4.405577508529605,2.665587196419215,4.58603158112421,3.3773800836732364,4.222605800205615,2.4005426339999874,4.329395380173431,2.389172363932303,4.348544560294414,2.4479256628510573,4.740711446561271,2.9821030747350843,4.626583034297055,1.8869463729920346,4.763555051217288,2.694643718965222,4.230494125748132,2.2262367709354707,4.391514514964842,2.243492056467799,4.337416291028962,2.1618431792300647,5.040185651496673,4.557688939847466,4.8322834953902785,2.9428258448173135,5.060932398147937,4.460879868035126,4.434101830565187,2.6103017336154886,4.535768984636249,2.5913958537415476,4.550404409495397,2.9398450965455565,1.8682002603112846,1.7256116826733985,1.7612358057144992,1.4612304946642887,2.2196029380649014,1.468793294832467,3.2825342475012107,1.45951939146204,3.4153939797919484,1.4396021884658565,3.035306655976517,1.4836170308176895,1.4666794068860411,2.5506227738016825,1.5006692207669807,1.799744926081462,1.5472210932508177,2.629205749454638,3.3025657549560496,1.4610366537431716,3.3798842926847037,1.4585727300436333,2.9154811475220135,1.9606646300879949,3.6988765645879527,1.4299897325069515,2.8273136378186376,1.4419918099533362,4.084064891748585,1.4500069511298441,3.7739446985554603,1.5058687303322942,3.870020484360814,1.516848058053444,3.917254392771439,1.4573773007558308,4.353628843863924,1.4451996059953423,3.668935004428098,1.4642144999802245,3.990820675234056,1.464922914148809,4.19139976448324,1.7224540077555588,4.180524141665119,1.5342231329935747,4.119749719650146,1.4630222977763658,1.8905056112107883,1.4733860411033557,1.8310807291454159,1.4389963592402495,2.305776668576083,1.4669834216607593,3.315686536962446,1.4595812211584134,3.4335620771102042,1.4461483644778632,3.0355110586277654,1.5065252805951246,1.4853188765164782,2.7784298017226,1.5038914298851647,1.8563095940128511,1.4955034548437083,2.879221825220044,3.1931425867812644,1.465309023176537,3.226976398956788,1.4598621496148587,2.8114913713186676,2.056315380150657,3.6990919536472293,1.4467904967271423,2.9278300809701236,1.4388556130024608,3.9845005688143673,1.4447733260528146,3.750150741785175,1.4733017238052888,3.8372300285124785,1.482179065185689,3.87619185222662,1.4518559866127163,4.335396627726009,1.4452717287957744,3.7163582412645852,1.4397999799050913,4.013569379937392,1.4316887265072593,4.207582940649958,1.8417030707468003,4.227801588980982,1.7945540087224916,4.142851362957413,1.4795555206670845,2.317645191932583,1.451251225981349,2.0103330265863515,1.4563426575865142,2.7220717397580003,1.4439331269884788,3.3532122699689837,1.4660561210026442,3.4538738342691735,1.4561075846917075,3.2225504021302394,1.4653337608201438,1.7443121839672593,2.6877952982116344,1.820189015365071,2.094035169675105,2.0307592858882977,2.6809463688777053,3.306987351855251,1.5037950843718841,3.4383154025103466,1.460625880118569,3.177800926407356,1.9613659421794476,3.9708325431414004,1.4386898222807085,2.9342068317185013,1.4354412539837216,4.177797204496059,1.4428774443854033,3.78264573474125,1.5000967232789137,3.8094986345991404,1.543357135298974,3.916501449983627,1.4682532368162522,4.563079908652492,1.4655520708304897,3.716272278588347,1.4784521412633085,4.246808615496467,1.4587449776803376,4.206114213572737,1.970874507253917,4.235995924811567,1.6778110547629301,4.297322790010566,1.6398545128253808
10_2,6.0071125147799735,5.515478663012606,5.9519700392173,4.630290200866981,5.844579472581081,4.840605012164622,5.659074392212879,5.25038789800103,5.720122361034766,5.1996906689706615,5.633171657257932,4.835666555961444,5.932806653158524,5.152549359794677,5.977732369725676,4.854732567600278,5.808964949178506,4.83006557215339,5.7167565945320655,5.320349940436463,5.727907375413452,5.268331170146805,5.629640595076505,4.674372739206821,6.07290602928026,5.727673448273663,6.055138220971388,4.686342591986959,5.91900712696027,5.074288111027172,5.709077741500076,5.338459068531331,5.7168144989258645,5.244562338309743,5.758268271348273,4.9452697300844415,6.20632477597703,5.8827684415114625,6.162224960740307,4.981134111635661,6.0720483445710105,5.2979623904260995,5.678612966135577,5.4620668242148325,5.749449759155831,5.37697986921872,5.776789771501401,5.230694919779351,6.056411969489535,5.708087385090947,5.9738644906657505,4.715284837613026,5.978612999803401,5.287615110293335,5.73148464024305,5.454442279980952,5.798333815645511,5.263932964843426,5.730411937045295,5.048129640916926,6.118769340725337,5.706961551371736,6.1151219174231235,4.873313402989997,5.9670157992806985,5.040218492677348,5.693118977066175,5.280785279835291,5.736080371058911,5.189722788020137,5.7448731501221575,5.111486102533672,6.198227074302406,5.818899450516263,6.126503044898677,4.647748466253508,6.013993709552786,5.412859202056212,5.729607921013001,5.32565640192645,5.699848332329554,5.283257542485834,5.733950817771455,5.2917953014923444,6.23937889034438,5.908099791788445,6.186901086765483,4.986707352452806,6.087828765611198,5.6186497975585405,5.8981624818659215,5.446871762006584,5.76118313266344,5.405146866488913,5.846988127263387,5.4809709317410045,6.056656208409779,5.656956585095334,5.995092381931723,4.533706221972712,5.938484738718501,5.0770321179976365,5.665371132719371,5.33302220507837,5.779852273328659,5.268967204143705,5.712809924958642,5.139887207439042,6.132040954541126,5.645016510463122,6.009913101274573,4.811575630691609,5.869937766125237,4.960159890550928,5.682405507603409,5.365301282081042,5.698194762170737,4.95508525979189,5.7632949227984716,5.168132598527233,6.117642472904426,5.782949347072844,6.070013124028601,4.624488456973273,5.974847790033404,5.385575237915773,5.7707803434563605,5.3726334133492895,5.743802024513947,5.3830889862648705,5.729342429082298,5.358815699834106,6.208484075199724,6.036259811742527,6.179379179014493,4.844070540754107,6.052174125124299,5.4392376409922045,5.806377319477571,5.527376834437534,5.759235558767141,5.340357996703467,5.857082150970158,5.471381766380771,6.09963120763518,5.877447721364213,6.027892460697449,4.606707108232901,6.008153535750463,5.422549030656914,5.735280601846527,5.454646649622072,5.736760697189739,5.372999430914882,5.677686743873727,5.276059329304987,6.186448611092206,5.864066106496362,6.0640222762181715,4.787133545219814,5.974600904224576,5.180485766361041,5.764471436497112,5.44043024889409,5.79081702244596,5.398740623288143,5.7840553431561155,5.268080050902385,6.18653406801099,5.9447975441721495,6.129003485768219,4.769272791692224,5.9777610259236855,5.595478978734941,5.799670479655625,5.353490614072124,5.751144623178625,5.399877882933868,5.772175401756449,5.422274601862328,6.259786058973499,6.097025194883007,6.225338271355812,4.965999244144061,6.1297883395087895,5.642281176202258,5.778479600440001,5.495621403591104,5.804874150359093,5.393763735630745,5.903795682492158,5.378851519244161,5.401897981575448,4.699878214061355,5.168790730327572,4.630590820429996,5.16732767358879,4.695077224151225,5.607517265897199,5.230415118127986,5.623089847801918,4.7928069214682285,5.319204502492236,4.552113519800941,5.12339961560316,5.144684266058191,4.9280422259345436,5.173733900283753,4.926828408579874,5.210634025916976,5.590569374538717,5.122491096254455,5.513202518784181,4.921547631483888,5.231239231817116,4.652482012949456,5.641813856355089,5.0096983618451825,5.363445262170376,4.639711393559777,5.521539728063697,4.771623801857168,5.63476541836949,5.202020151627587,5.6418426931925945,4.751761280443219,5.585768267634076,4.634427813110053,6.046528320800108,5.606496740024365,5.754718100888119,4.938842807823922,5.862901460237173,5.809690694226627,5.781342493012163,5.391881187617141,5.730824600153359,5.350692600258677,5.732617084224687,5.105486091693881,5.639409653562449,5.22603309581575,5.276608846521658,4.7970161201234935,5.553815500610788,4.900266617293133,5.601419097778441,5.235791312793779,5.73188792067621,5.074188918260006,5.6025280352493,4.924649140514645,5.692060139575676,5.005556587652628,5.362258350584124,4.738030325016968,5.521892839791014,4.998433355077701,5.695520466978099,5.264410751344293,5.638395957819323,4.832174845446047,5.6015779973138295,5.000034255238829,5.954777244148098,5.556246020583159,5.521333910894938,4.675672192820189,5.746569432308455,5.227002209673087,5.674937750117661,5.27603214369446,5.735756983284032,4.67192888283254,5.691952052268213,5.145133179654983,6.065417989507324,5.433186852009814,5.753908239081751,5.114146536007631,5.958431014545854,5.3010667415818835,5.7548299582650575,5.477529449354043,5.793711960570852,5.202531662390049,5.817519221852274,5.322405719105276,5.613786592190815,5.289315106132521,5.456419112780939,4.766839622785524,5.578528332190604,5.158273993093562,5.670685046076855,5.278461914773676,5.688488574278642,4.742945714121641,5.582631410637959,5.0701126364143585,5.645000156898931,5.127306831867926,5.40970817372802,4.7925531379095565,5.453936285378392,4.852570958324498,5.705462438514363,5.450734561592602,5.698991781763806,5.102799988512066,5.614218382512665,4.9604153491381755,5.898387226685748,5.516062777759384,5.4940220312959624,4.708096925290482,5.614509806635676,5.262770023656391,5.6931012346880685,5.310804408799776,5.789551052350166,4.577010423873148,5.697140269370109,5.2813277607750875,6.012147649838853,5.6221876680428995,5.770641581103086,4.992678813914149,5.830381496152426,5.363249295883237,5.783927178643818,5.419335589381984,5.787767724634317,5.400507542212417,5.7941346416293165,5.4322653514936095,5.781396445893028,5.332140212436948,5.502536812957543,4.5099685758262105,5.640071380684611,4.901122039387412,5.69905396994991,5.33409802478576,5.556491515225796,4.7164103143016645,5.62956990814007,4.929155622035512,5.7568090303431205,5.174062310489954,5.480450129972585,4.784518585634297,5.668789335273944,4.606023544902868,5.674238716525771,5.216552302385386,5.662023457574459,4.858622406077148,5.588201243562539,4.752713634194276,5.920068075173224,5.588017118146767,5.519526961877595,4.460449993487976,5.810591569931127,5.25722990333661,5.6757325413657576,5.309153543317029,5.692712649939521,4.7269963284259475,5.794659624974946,5.1694634368644135,6.124177654192371,5.58163552072985,5.782375368190174,4.694681264024053,5.971882410607891,5.307790566921326,5.743664067424401,5.4058036706940955,5.683017146894763,4.7170871968900645,5.816279740787501,5.352921460689055,5.773888742388486,5.362685575283267,5.66962941347346,4.533091355030792,5.69583318332175,4.842368247082413,5.67600085738391,5.109876272045783,5.681566141045259,4.923597254337873,5.705772275212994,4.823828515644301,5.736228844830336,5.49374014978484,5.754426222356167,4.901522134206295,5.7141168497530295,5.3596043036500305,5.682711097034317,5.136633571811641,5.692019986438121,5.134000043670698,5.703735545674085,5.1951298733452385,5.873821317992158,5.525565524680098,5.822155208341261,4.787820805609733,5.821448639448974,5.377401196941189,5.69636838639644,5.216902403821489,5.701439509351195,5.079759640353168,5.765754568152743,5.126608995858988,6.103616819849172,5.890158505085709,5.8785964623344915,5.067535608555479,6.043278546862327,5.829560976503929,5.822978864837097,5.428427870003845,5.794523702635448,5.189810499234129,5.8673144478318076,5.5622612068032495,5.375889868756707,4.569342989792796,5.085100113126349,4.147804189450929,5.2585180910738805,4.076822293058185,5.5335049896960165,4.955641519368748,5.559166583080902,4.391271286135841,5.278094688106478,4.2508308110846835,5.215936759971854,4.76195478240806,4.985623479042674,4.550525242696398,4.938006075605298,5.041963817935455,5.480603844735836,5.024301293125244,5.5283742910193165,4.6683090344527,5.283475604173842,4.459771326227225,5.734075258525993,5.180983519164542,5.52532859637286,4.337091593384175,5.695450142367915,4.6419368447557705,5.619248944273084,5.166298536226424,5.618570584986475,4.315724258509273,5.610065831810128,4.559141062320945,5.969562662800508,4.753167807463341,5.709844543333815,4.3740258093601,5.791659150541836,4.226474603802675,5.722935589108764,5.274415228905921,5.6694161037762285,4.68333113795284,5.768414494305188,4.749182997088647,5.241985756779029,4.491278979873786,5.130284290881493,4.401792561392253,5.035961235770537,4.241488154262296,5.452127189558626,4.9501567008114975,5.476404821372718,4.214449735225353,5.2144393341321384,4.420210773284142,5.056129509354958,4.8745175271890435,4.849463148714277,4.604845258977259,4.722020301780094,5.047775312339701,5.414839536293102,4.922744223559684,5.4780169780978545,4.460940661613041,5.2412044714672,4.4867108296287865,5.73892128700086,5.070121386703814,5.436605934750258,4.159510788114703,5.618361982061356,4.562777524970465,5.642665878245527,5.12237048215366,5.562177090300887,4.368831934990179,5.5887049218354035,4.4996603793905745,5.9372868134042225,4.59736705656945,5.722267211813528,4.359281181795515,5.739524414820719,4.4268213501486535,5.674065767158606,5.295788393663547,5.662196250688502,4.887325243488981,5.7051868332574935,4.742160234554401,5.394540375955059,4.696036266697856,5.256868542478285,4.203030913381205,5.41655785859594,4.098978363623278,5.484066678051143,5.012351536498343,5.550085240753133,4.358437920805111,5.429138315446966,4.432320509291692,5.387048446378041,4.686259193886859,5.200939148161662,4.755311926921463,5.273130541465358,5.032145894226982,5.475508045199859,5.005445053970398,5.617659323315907,4.590197243071832,5.424402872349075,4.513938554290399,5.82936844677793,5.304495162050054,5.5257040573829554,4.085049557729095,5.73697771412589,4.7406007543505,5.59781695678271,5.1733736333626394,5.7149662820784854,4.321137836335122,5.6603346849015965,4.649981251561583,5.959273047162385,5.206125888218364,5.873447645242709,4.544400031650319,5.923976602400767,4.599370894687526,5.761237600770818,5.353441061602996,5.718305018563292,4.715589607553448,5.856729628240877,4.880409719991883
11_2,2.510507692369129,2.464010886614859,2.4838130186267953,2.4642004515561315,2.5048434779088775,2.416844792269365,2.4010970984710283,2.4460986483154556,2.4175750918234065,2.4400204724078103,2.398153514491597,2.2999138336406966,2.4743438677887255,2.399240577970372,2.5015198925093562,2.378340419828036,2.4336474401806725,2.1869931040778035,2.4179265924954985,2.4472773770849723,2.410086027183174,2.404561435752611,2.3891296532120068,2.225768197394445,2.5482522931420206,2.535841102727365,2.503420329328023,2.5061125914235776,2.5306080717590222,2.507743740677578,2.39131046497458,2.434140393250239,2.389118932958012,2.4250936544429855,2.417641141366149,2.322152514226163,2.606953417889362,2.638643839239494,2.5835930691646443,2.609157026644936,2.5611501289601395,2.5164139268995855,2.3998848904235377,2.485653355726645,2.375496722593493,2.4807977689754184,2.4295454256795024,2.4639723240676097,2.5183654442012955,2.5481257040682372,2.54480815948642,2.5304783268725553,2.4900765884832907,2.5059317161774604,2.398206549629456,2.4453968099116397,2.413871185398324,2.4841300863871276,2.4372509530420086,2.4234099226282275,2.510497633152579,2.513986687946264,2.500827833233009,2.4692627303057986,2.5026719806237323,2.460138318853103,2.389605502949406,2.45469995324801,2.424994388970528,2.46614491038939,2.39105445757311,2.4287394028211033,2.5076727677323056,2.5201337383369595,2.5654089362748147,2.6346572552894965,2.5595894073668215,2.554082913026132,2.4071594622974835,2.5103489686760456,2.431118974295119,2.457212618752299,2.431946076183774,2.4822861839400225,2.606363055021866,2.620415774336479,2.607697983641717,2.5923390774772064,2.622450563154105,2.54779164585897,2.432905680092776,2.473790620069433,2.4291641222116485,2.4837289149993946,2.460941785711193,2.4790498930654397,2.5692123462070717,2.5987524755638223,2.523103910706574,2.5181806315320086,2.5114620499364793,2.5176578861832954,2.4100498063524953,2.4697163122779773,2.4059386332938604,2.4358533226208454,2.4340732031284036,2.420784076512702,2.535777979518981,2.4770064688616933,2.5310933523543304,2.5123666135983123,2.5127276077759593,2.438060249636228,2.3702836403462744,2.380963755065322,2.413327940600989,2.424802711740123,2.390755741723442,2.3882924664167713,2.573866360307351,2.566119079426576,2.5286011272132534,2.608543184930291,2.5452072201167275,2.5624037356129628,2.4067284053116005,2.4988255188494777,2.4081745475322642,2.433407877623379,2.4148722474583404,2.4945904219825743,2.602156918178962,2.5786493998902325,2.6169359038435065,2.59174120249119,2.5874495054122986,2.5850591793064024,2.428619965863165,2.4690355277277187,2.4072183588913676,2.476808070934427,2.431906692751256,2.4357903904109217,2.5672009886871696,2.590673924033388,2.538547316252997,2.543868833408777,2.56095562836486,2.5363688534907354,2.380161014430131,2.4533339427136225,2.412000503694622,2.45632765921846,2.4136635895637886,2.4882434413706687,2.535606044313904,2.5193018719273086,2.594043566190707,2.519078406604777,2.55442390119629,2.4379009518634374,2.4144998440995753,2.494798869969624,2.4161361360269713,2.49422453661129,2.4212936285778333,2.4367998877199004,2.5879764834654466,2.5702851465705705,2.587208773161683,2.6086242421343373,2.586125855027888,2.5767287690007037,2.389118763366539,2.4235402689030843,2.4170546967217894,2.5022918249398636,2.4284027749795727,2.4755890984673616,2.5479005024548034,2.6264360310976307,2.598416511129387,2.6645693903332357,2.590133445277897,2.6107676586174855,2.440502685368349,2.435181746933313,2.430962490630378,2.4797087668558015,2.377879340339251,2.4709258114315227,2.5097060428612465,2.4124509931141493,2.4256192828165033,2.385798812135525,2.3448586534290516,2.3986638186269116,2.3185301215716776,2.38105086999096,2.353191904446363,2.434516569181261,2.311782308616379,2.2806512930154845,2.3855443588136813,2.454173461905213,2.371539396638777,2.2821710269699653,2.1974885795507255,2.325163305911981,2.3688587991112415,2.4378387949988967,2.334287135371106,2.4179221662305497,2.2803593777808344,2.1838236788053504,2.4683067101208,2.5386169544741533,2.4743590469276993,2.4918710473804664,2.5003129227462177,2.4811318332071126,2.3904222401519917,2.413903858492229,2.395988409121496,2.481871939940274,2.3932718357189255,2.345821687505131,2.5803138718928555,2.606105909215697,2.590453437803201,2.5730486152884287,2.593419810055392,2.552545438295214,2.3920341997851398,2.4740221955946318,2.4310544787815824,2.3237344128053934,2.426802490928661,2.4758487344509312,2.4906686142476895,2.6003711566954064,2.5807081000981147,2.62349307619835,2.5655797176555084,2.5360844099262105,2.3859514886217656,2.4400833140712765,2.3714323136285054,2.4542120719590415,2.370239205585796,2.450385233339224,2.46434294096832,2.4755702681921643,2.4734877197168523,2.416507455892081,2.4298785347961407,2.39305101710669,2.3859511929739003,2.449467231723221,2.3763569108179783,2.3439502346030077,2.3803576907523327,2.34052271738867,2.5363488717856213,2.589366645007135,2.5830964461813526,2.6298406501671554,2.5245720192667465,2.580622622756323,2.4082266136492065,2.4538176199444655,2.382946784079507,2.4440092939505447,2.400495899590999,2.478477833776325,2.572750516201715,2.597150749412602,2.5137805831165507,2.601222411786409,2.5404129275586427,2.577609296597235,2.422853374590289,2.502562579669483,2.3974382953840836,2.477546455385247,2.4486243838738275,2.4947026110753536,2.5345742550003605,2.625698165764413,2.586356447999944,2.6226858102135693,2.54985655582016,2.574034019679837,2.435634589299896,2.411429415320857,2.395853190735037,2.484568747326013,2.4368508760318566,2.3984799319740944,2.599237855478266,2.566205928214912,2.533331741793453,2.5284544570380416,2.53362765664345,2.507749556551934,2.433286635336505,2.490827694973471,2.425060474771291,2.448220038058491,2.455908700962419,2.457191519733119,2.5845080426857034,2.6069923317385606,2.588539285347032,2.644897110901607,2.6236781707438355,2.5474900413741093,2.404257856727985,2.469388743072021,2.3843249723077826,2.4955560354879007,2.42230784019001,2.5142623092520866,2.5718860227387395,2.6115441307782175,2.607937277761148,2.597783160874282,2.548219307299167,2.557507771203575,2.455166571724324,2.5092706867812873,2.4286297967544126,2.4751209042229223,2.4050756710593406,2.542832910298584,2.463501676715156,2.513084424659234,2.504011699410454,2.5839950369873197,2.466240882985773,2.4272616076536244,2.38720531529455,2.4563081656441152,2.4071028962262115,2.45338504398092,2.399181600954367,2.42507042494636,2.4167586812034756,2.5049279995132863,2.440193108650856,2.314941045054149,2.4433937566021617,2.416669449746242,2.404371691294045,2.4465161830866435,2.376701202964951,2.4109708171665525,2.411592899334007,2.328922550912814,2.564781420180742,2.562516111059721,2.48458288430286,2.5458099766285853,2.4951765204376137,2.530087654702128,2.4024955757895303,2.4985815162782488,2.3859667136683127,2.391390284788748,2.4187338119439024,2.4657815353991985,2.5916461756460434,2.577423645653571,2.538635440339762,2.579251477663618,2.5896482828024365,2.5183910100836004,2.441550015962744,2.4691529441757196,2.413632780123839,2.4462314672407817,2.466363776755719,2.386452834528899,2.4576966312837483,2.4378313493241417,2.490562075087225,2.3775546328533896,2.446936921189261,2.2871988758477095,2.3788469441199314,2.4759315371550836,2.3762155585658835,2.4349909827318634,2.3658809875777242,2.2458555440707513,2.461447067493722,2.4757747552747937,2.4866760144450026,2.4384467580871787,2.4424744583998774,2.4816014505669544,2.3751291277641453,2.4552942542124003,2.3674344538687424,2.4011580788008025,2.392251566741636,2.45946227446955,2.5477605368502836,2.498173080976302,2.5016820613812882,2.4718727914544107,2.5153940251902998,2.479110048578182,2.357737856714651,2.4462152861478166,2.4237211085766917,2.408763553433067,2.4304037444890176,2.4487192175724526,2.6063651179663943,2.646374483886397,2.562841614960206,2.5517096767070564,2.585325784063669,2.5962498381210137,2.4557602994892545,2.464367688198849,2.411629962280911,2.4823722593028927,2.4555337206110432,2.4695408290292074,2.3231378689768873,2.329251910859009,2.3059133446542406,2.095718403307872,2.27915982798159,2.1589656884055595,2.2925169931215263,2.3969595906975845,2.336109064621955,2.1196042214360578,2.2857593166096732,2.1457930449947797,2.3117245773940187,2.2193780529699345,2.2819018568713707,2.0979429961237193,2.2205073047431534,2.2054666259191746,2.3238270762484086,2.376432702792493,2.313994227719154,2.2186336753731046,2.2375823418441665,2.1418871504006143,2.422315483051745,2.4208125105496388,2.4072010482690893,2.2962267185573033,2.468791053443275,2.3496876290951305,2.36948065958416,2.4096510241195443,2.3420216768929603,2.432059344757791,2.3916199313323996,2.2850142743228874,2.5705183180121027,2.4822221354354372,2.5489922845035524,2.2265770890074763,2.5066713913013907,2.2438991862653745,2.397651003422904,2.4846708850678603,2.4103150973713183,2.4801018295050654,2.3271954074731886,2.247124466550813,2.3377983998730594,2.3569054014849873,2.3110125901515874,2.0900184034804883,2.3003593872967123,2.232243521464792,2.3091078275653882,2.4279766874171225,2.2991622888047343,2.0120251522331545,2.218761917187046,2.196766172298801,2.256713397786622,2.1765165173633547,2.2638193791423906,2.128167144913807,2.1476414526293253,2.0820122211178007,2.3462259824979017,2.3725463583014297,2.3026283077634955,2.150648942222801,2.1852603929097656,2.08903633538537,2.415986111678081,2.4131425051131434,2.429355362814737,2.3286364068231578,2.422763015681376,2.3863908667781586,2.381550147778929,2.42584542909354,2.3425963146835302,2.3951791544832712,2.3875669011808753,2.254067873050726,2.5602236713584596,2.48521508425636,2.469793564790365,2.2511818811158997,2.4536909750249705,2.233688617359508,2.399544515867216,2.4807661835405366,2.441394959090417,2.215689876714664,2.3687272392891363,2.190848522631167,2.332193313382304,2.3601259175420175,2.3280502563174346,2.0982188463565734,2.318568187124863,2.178892617665451,2.310728993854334,2.3571869263840446,2.3574103301958305,2.0944798088146066,2.329758570306437,2.1474802771166046,2.2589709717761757,2.2360953088418944,2.2954493138269303,2.1996436987339316,2.2713080257568983,2.12710081699257,2.3117480312559624,2.4207995619374456,2.3654800519758794,2.157742056211462,2.2928836707415368,2.1381053886540036,2.45602794991558,2.371444929886859,2.4082545909874513,2.276472140026837,2.406460036434979,2.317359534352514,2.388347541539483,2.4102196000189373,2.3739740561672127,2.363173357367284,2.3747987847135272,2.3266261154647054,2.541264692538142,2.489958748789438,2.486770876527085,2.156063886462283,2.544686291443476,2.2534915841797765,2.405376651260531,2.4796691741650285,2.4176560024073024,2.3921102000398355,2.415718165051095,2.2246124460177255
12_2,7.119049093438817,1.926938256967322,6.986711677158645,5.777020093958975,7.309505037085414,3.5077665818443005,7.513021734314958,3.445276798769695,7.604125617243595,2.3241992203978423,7.568959671848548,1.7044928432295894,6.93080502361095,6.283437858629898,6.889082196433484,5.630636578941955,7.113764876605493,5.972013503523334,7.546471569795015,3.4573142469682416,7.518779347022711,2.2792064570832755,7.496510081010882,1.5207921426586075,7.597115914007059,3.7489261025674576,7.374452446049629,3.232369920855121,7.6479091576678675,3.7219457543245253,7.656311615170745,4.4267731677874735,7.717081583019204,4.139318105465368,7.72845533541317,3.6652810133302647,8.02593368098961,7.255547365856344,7.761635164159832,5.777709272441045,8.07308692736239,6.49280255483885,7.8031524587241705,5.411733608094782,7.828812438262411,4.143503076057018,7.943942015858261,5.818179467162845,7.523857856690877,6.383927915557182,7.330919347498343,6.411930808617961,7.617352212120067,6.3723093416977985,7.578731871877955,5.0096289987569556,7.601038007413148,4.091407283088772,7.636815201377463,4.791481389116507,7.489891466401767,1.7082106358024434,7.28503412787872,1.270296523766634,7.61703107999593,3.3956863600649556,7.624576384621853,4.781042874202182,7.651133545831222,4.030723214936492,7.645569950894917,4.240933298538668,7.757874582167424,6.532678385724392,7.469274205914166,6.223741214500423,7.773250136957234,6.330793593662599,7.731500746555311,5.134288876746605,7.676178331410713,4.592349147186566,7.809669542943783,5.145966119549115,8.020423785449694,6.4433716633451255,7.814069629750543,3.8135772193004103,8.082547900740655,6.84332352821177,7.831469166775459,5.494999573569383,7.825762554510958,5.168660483080859,7.873789004216362,5.560670949112943,7.487170978367687,6.127740060257606,7.3079574272361,6.160198841148005,7.6058578391318035,6.507752569238231,7.606154642841527,4.799408109370114,7.6075884939771745,3.949661575188905,7.651731202775747,4.660291588279703,7.458173409197039,2.1359922514082434,7.250173082332258,3.264246149703014,7.537101639704283,2.845575053833104,7.602503155864985,4.412821630429466,7.596746474914223,3.9322542832082066,7.623572028551293,4.387927542636718,7.743727950511224,6.2669650217746895,7.494725174051669,6.013817555898995,7.793609366860237,6.372606084998626,7.654056279026384,5.011068199611932,7.747268840656378,4.552473928835703,7.762438794657032,5.223995870687425,8.01138325802235,6.729086012734192,7.761372496885612,5.668674233876741,8.034702702479873,6.689054404334747,7.751395717192189,5.479190472211244,7.823504792472138,5.077666298150529,7.88637991428995,5.887047961454137,7.587076019253791,6.340337562048804,7.432526872475651,3.8813802424102,7.6896664601606535,5.954967256633954,7.650601475886407,5.090020874509098,7.670924824750957,4.320524875672589,7.696989261493571,4.927907799390916,7.641077110575253,2.9926035809974847,7.476686695828418,4.478176812444948,7.730849026390023,4.247246600699013,7.673473068330622,4.812965256686946,7.717155471751382,4.169479708111129,7.728392205361868,4.915305295613946,7.801597892500652,6.562560873102304,7.55843439584768,1.3867884439294342,7.850751993292185,6.500021402777915,7.761786531158753,5.267768879505019,7.741847793331887,4.441681401089691,7.827037488402734,5.3617669883385055,8.069980655551317,6.4390039858470045,7.817542270139698,2.7044983740019886,8.121009289474506,6.744631758739406,7.854843416213516,5.672645429439237,7.81442303101074,5.14231323395832,7.912237235138401,5.923093902039479,5.643683876168386,7.001164350556671,6.213328166415863,6.961339346713856,6.372649462385188,7.166501147121412,7.182907217671698,1.6911281214217722,7.1927633510160724,0.8090303155385222,6.915611069073296,1.3267494754464422,3.2769945310577366,7.470317903028096,3.509680454545983,6.934711684446907,4.071653165531033,7.179380377982954,7.129017854797544,1.4199585325446005,7.10001049880013,3.173645364839329,6.630362455933267,3.958348698328338,7.017556313756952,6.308656938999099,5.792329584119537,5.607183680091715,7.136410795598043,7.1088176889072345,7.439580995284612,3.2538777574139877,7.369127582593382,1.283125932523401,7.48091080658553,1.9671442696278703,7.621048471473975,7.494033965824419,6.037288140888967,7.189835573845873,7.730483725728951,7.698085563471149,7.701302845922163,5.443415456351664,7.65875993814888,4.058932504000484,7.732315138670348,6.748932967923037,6.952780892520025,7.5366363697883925,6.098500620732397,7.160197099895906,7.113444381486647,7.463333651010373,7.327704505663375,4.353158604730498,7.340088972489542,3.445984708792732,7.336704617711395,3.5265412834419783,6.307919202184332,6.495037832624849,5.20091661348785,5.890878292987574,6.840740091576383,6.455701310912398,7.283269757576825,4.5580549954110525,7.387458518227225,2.1819215095541997,7.327314405570896,3.1150322931357812,7.478676758307461,7.045958210549996,6.064004245158881,6.8111749810136955,7.587712688653152,6.748160056692725,7.5986066704013515,4.756690276185996,7.542761391368166,2.7859175519830575,7.556942938646765,4.985362516683338,7.853265048193842,7.078531908679154,6.270742019617752,6.608236809173423,7.925634075415391,7.247480750136344,7.697374158351828,5.700629071970035,7.720052365459935,3.158100928125208,7.839878857649737,5.520547875135244,7.375175461328065,7.606746667116481,6.746151594978678,7.7530441793178415,7.419737081142906,7.406449060703021,7.523637212141371,4.541567189739912,7.594150509133655,2.9042650291211065,7.619553776257663,6.046919655144961,7.05550797449545,7.2277066647829615,6.29140765099449,7.131883910136344,7.339346732339062,6.800277975815916,7.587280684266266,5.837075961437587,7.560731966685344,3.567100326125844,7.526882284111857,4.3269007579824885,7.6200190511097725,7.432391361006742,6.6274896438426945,7.184041168434346,7.767956370947052,7.200276058221651,7.667660310903317,5.058973735337968,7.65395251492169,3.7460751336179845,7.6943617884328175,5.332122552323414,7.876230976615486,7.6207705408759265,6.865244759958263,7.487727188068246,7.962529536732371,7.706291163033442,7.771174137102045,5.8347066425698495,7.724910294164138,4.382272443837923,7.847707106391381,6.412666087524638,7.05564260849587,6.023632841418042,5.483234081678039,6.444685724613931,7.287646975585545,6.662146704727979,7.413023847942645,4.077803318115672,7.3393218320732085,1.3883267273938362,7.388194182175359,3.538130899370109,6.710722176463835,1.3279080690757161,4.657979597964263,4.288283258054847,7.113668054798588,1.1405373313213838,7.398922381802174,4.075830866971603,7.443347963290001,1.8336070285551387,7.412561227739469,2.988033827657525,7.467050579418119,6.113374860813288,6.275724010119942,6.019674308730085,7.6191298638550045,6.441036515781898,7.625349829013571,4.908611673286643,7.5626517357193555,1.586937740811323,7.672506413606592,4.64660084694746,7.843628040951549,6.727699492671293,6.334074444984967,4.9475269939288316,7.9206761863797075,5.731064059900775,7.751517816682259,5.123401035092424,7.667841729993185,2.2821109194120113,7.869795363041012,5.399523093265579,7.689896985584609,3.997920793023498,7.715441556071765,3.3591477672171126,7.72993944572179,3.638703155820305,7.928554207713252,5.299130297586447,8.003440606792376,5.406387169880248,7.874336978687341,4.836634893553258,7.903431290951291,6.6461085900656265,7.936442920376605,6.146660779755046,7.937639229743621,6.709861398000703,7.94546161343129,5.82795907914561,7.978131695649672,5.957582034603809,8.004350752228708,5.929991298325837,7.948420139203871,6.232613654198597,7.847050994282096,4.8328575271122025,7.9637232637699515,6.02962353959671,7.926758350651509,5.457048423966827,7.962677070502385,5.534502169414233,7.9809419394602825,5.597865014865659,8.22676893324223,7.75822763095012,8.088845876402758,6.50460021136613,8.259152849367746,7.604131904290833,7.920468833679785,6.1448212179312955,7.98225029953928,6.192156683236028,8.062124775768053,6.457226601320611,5.072410508628219,1.598363618149125,5.050470411078133,0.47124399656002947,5.680755698343866,1.023033756492998,7.299427489379234,1.7027178394983462,7.388230274323624,1.1392418445076749,6.877626467121705,2.3866840726247607,3.8851565483690287,7.469090509357961,4.3393283887730165,3.4004755309515837,4.544512265525063,7.5460778905203005,7.32085052741344,2.612615044821924,7.4100709434136105,1.5888872224479054,6.802554739591908,5.607516298949399,6.858147498101736,0.21958960439151376,6.495646115783694,0.13407344097403817,7.204064413567996,1.2905634394563212,7.563201136553476,3.2873180620103746,7.606604473262492,2.730010651628888,7.506948163416068,2.3855094672530046,7.589299972973943,1.0146150460068342,7.445510123592308,0.8599446428216461,7.624082209569299,1.001336407810412,7.777831003616043,4.571679031142672,7.786845054119376,4.3117671898104,7.792243996526368,3.1259647095038012,5.014805810078608,4.0718512823212984,5.0863657397093816,1.2784838510791627,5.581922609917288,1.6928136234117328,7.222364017492051,1.8203087258071409,7.316896324261259,1.2720286417881195,6.8402493937664195,1.7741011825932935,3.486383943043389,7.41756626944185,4.17446434249418,3.8061164075718135,3.95927254540933,7.476154392678815,7.260950297707656,2.450556915015133,7.314195425297708,1.5246847960529355,6.779335069019373,5.98822247917107,6.860893317614132,1.134016420499697,6.5479248247662,0.6899809511962359,7.13812748952007,1.1372386355747768,7.5274376129133636,3.365907109032272,7.593833267510709,2.92818918992152,7.460721566881193,2.624314725710781,7.620633941848485,0.9883463529489362,7.403726611880888,1.009480432961592,7.549166665511934,1.2320844067274217,7.777955751139813,4.574873811940968,7.848550336320142,4.185369417782256,7.804275203023314,3.204690046407576,5.6330185918887175,2.401281554235658,5.566358821795124,0.7381080275418062,6.19510769700714,0.9500047682596923,7.479742427639742,3.027541266094364,7.583283344419951,1.381475403798714,7.229487149533768,2.9187157413686715,5.911155660475105,7.550528543234351,6.084286386666815,5.2526711607462415,5.874413404832675,7.553907335280716,7.502957911990997,3.7433320789050857,7.587782711286026,1.957757493420192,7.284878795611245,5.975034526281536,7.108897186681721,-0.2898495791825532,6.7615339918478226,0.7378528623900548,7.387956862924201,0.8302310651381543,7.662453647728625,3.7051990300058035,7.6625099478230805,3.308950479990042,7.625256315406527,2.660058578694422,7.868975758658216,1.7740497366661585,7.65111105856243,2.1412785442486673,7.869090053867927,2.243726334539786,7.840555779367802,4.432216683963996,7.822853819685213,4.335035690081999,7.874057087409636,4.2461493692085375
13_2,2.7867063481076015,1.3114794586103269,2.7468409522905053,2.319041433665797,2.8309661170429616,2.2431269347003817,2.936376721952942,1.3038377790775386,2.9611884531172414,1.4624025233481774,2.943224700299667,1.1441311084105887,2.756444800943394,2.27754966912678,2.7087204320430347,2.147906017820757,2.7958668485343714,2.208484144302985,2.9524033115871617,1.5012419140337525,2.9595457785031702,1.3566458422853316,2.9682956371754368,1.407443282014096,2.927569125763477,1.6572273203704186,2.8691780230477044,1.188898159371788,2.9511100852230854,1.5335965670842302,3.010721591324431,1.7657816727557627,3.004725319225545,1.681234498599311,3.045699541023094,1.586799522749259,3.1326909201562394,2.82468403378678,3.0147703672511876,1.7559611361252612,3.15328002729945,2.8070964351250085,3.0830172714955117,2.174354039288754,3.08117841465788,1.8876780275455036,3.1089668921863605,2.270208184951642,2.9037037105968726,2.473184816177754,2.8587019647369742,2.4340385245751213,2.9052041455864983,2.6291451246695816,2.986500358041019,2.1460153055654057,3.0015823448305805,1.8497251343499181,3.000833341140259,2.0807615466948004,2.915498143063588,1.045302302938825,2.846440995463863,1.3637830650641676,2.9700376335930496,1.4848061725241253,2.9702694176356004,2.121101328112646,3.0005682052730966,1.9142362502762087,2.99551006738784,1.9665198872685543,2.995513377530554,2.5762807732369084,2.9019728712336454,2.3339232633011058,3.0072675892819443,2.634680101975165,3.019031173739262,2.255246558340315,3.0275511305893352,1.8815383235550285,3.0321139073928185,2.228271236483335,3.102071308409642,2.5862664754459486,3.0115445823255675,2.287703809886706,3.147349940081042,2.684159181176242,3.0658277627252617,2.34530649564277,3.059620881921438,2.129501647391304,3.099238169357851,2.389071546594044,2.896230064229554,2.5222070171483857,2.83923114526103,2.416006710775545,2.907270740641379,2.467011423221942,2.9640156548931125,2.1043040526402725,2.9905710206092344,1.997318273153658,2.987562744202416,2.104370664469554,2.9098755234698364,1.1892333860082236,2.834177365867535,1.2133099359034507,2.9610611855852906,1.5892777525326256,2.984324981847223,2.082204107923924,2.9853249508607806,1.8723819323990873,2.9688957835264955,1.9158615946842965,2.980070746318512,2.600711458379432,2.9128139449850527,2.1821808691841347,3.002284643869763,2.5205073340904387,3.0053201807755574,2.246507091442886,3.0165172334498944,2.0524322075846477,3.0349092946791822,2.2429882685397966,3.100791516261012,2.606491567483547,3.0053098101499742,2.276900812198024,3.123906421761719,2.665176718697955,3.073931902614419,2.3406885749577473,3.070343635612184,2.008954424090268,3.0986596498428933,2.365802780447216,2.965056531796267,2.4960489370280126,2.8857147311615527,1.1918623829236554,2.9864510485069324,2.473602542408422,3.0112844494020736,2.1775992068780727,3.0258332415750058,1.9859319523533647,3.037424000469953,2.1772081956639813,2.99076752925203,1.5414265069860114,2.9015524882596013,1.6785209907804888,3.0205545538953387,1.7504087950998082,2.9932302909175745,2.1915134701932044,3.0257407151403704,1.8899345842671949,3.046394569962269,2.1278656696140437,3.021678696889364,2.619697111939593,2.9495443172612004,1.314700665994794,3.0425975545040633,2.577330486305263,3.042217678388852,2.285262126660303,3.042332406393278,2.0429187068233134,3.055023767186392,2.350142551811508,3.1616433372126367,2.5743620026813216,3.031265941096117,1.4778336905418343,3.1820898741088004,2.628798509199282,3.084623398933563,2.35473801355849,3.058191873855533,2.1121115807766477,3.113328621721581,2.3907648323360835,2.3130801395476346,2.8187308202182524,2.3029725807363706,2.7943283036202167,2.4359766971640275,2.6626529672051644,2.824635088176711,1.2175139309349263,2.8225361885744005,1.0527752351086062,2.69429682346498,1.334567332755396,1.6030920594638782,2.9679604677833504,1.787458077572187,2.7693541276167353,1.7664843314092684,2.949386683899822,2.8126380849711756,1.6748690213216446,2.793472268809047,1.4172061075890756,2.6507458247149382,2.2823287686615092,2.6783164712137886,2.6288917216481984,2.164104098167788,2.563663831371683,2.764365394505189,2.3907454110126767,2.906811546594806,1.4461345045370897,2.9235089464452786,0.9956050707603564,2.8961711792755374,0.9915883965057016,2.9400803965905116,2.9469563824612357,2.2984132802457324,2.4606346633697336,3.000254699920803,3.0366185881364154,3.0039499098799776,2.117600614771305,3.0247218633139665,1.5425244594124508,3.04553812687092,2.5654447667653546,2.6384876402230786,2.8323703303348173,2.357094578956048,2.839859528795659,2.7272557000597346,2.7800322130707937,2.8963685584427883,2.024019130174385,2.9142395594684265,1.4000306312648223,2.846789306742255,1.8212954310147147,2.470468982029648,2.5056239150031607,1.8362031222953628,2.3577268044907704,2.627187406911508,2.435684493573556,2.8877964629440798,1.9548816567354572,2.8864065418116467,1.5705422925905903,2.86965524131451,2.304276017113408,2.852930270817337,2.694012829808142,2.4075618393144014,2.821025893905307,2.9068661982819095,2.648883170185897,2.959226293030896,2.1532498985710937,2.9484343952940266,1.2989844984125112,2.963436202602566,2.049758684977094,3.012908289093876,2.8495423621530636,2.458018196274076,2.487955412048207,3.028943501449425,2.7948385422929927,3.0124592710555254,2.2729497623473547,3.015647922309491,1.676464810813653,3.0514810112948187,2.3742937474648684,2.843049572929121,2.886315074923973,2.632928319982008,2.8888279177884835,2.862568474844453,2.9192151343972523,2.9663725634188154,2.197762655234423,2.9750749375838526,1.627974745280243,2.9281994099267767,2.124601388876929,2.7526853976986243,2.6192826258674438,2.4309197244206433,2.7174602102727987,2.7964971588199172,2.56930002133044,2.9963175169078364,2.1157026699570687,2.941387954647697,1.7379319087691278,2.964153798206517,2.4647203216403386,2.9245144109331127,2.7874763493848387,2.5717090280074046,2.7959972135688225,2.977854032396358,2.7036069363236974,2.997184327279205,2.1691404732430017,2.9976651399427374,1.4860330565638344,3.0000085359878783,2.2062375146846818,3.061085110851927,2.9350353673265226,2.65570537116517,2.6969199085879527,3.083610627560725,2.9976324861320918,3.0497841542308044,2.344531469012757,3.0367249122249502,1.9961899366526947,3.0612735565084073,2.4384987175495354,2.6701066709809957,2.5844761162131733,2.2132764058571817,2.142407388978234,2.7844394931846317,2.577592519432192,2.930541628205598,1.94775001555588,2.922742772808083,1.1316956874872899,2.8981180201759043,1.5594112131508049,2.604028755484664,1.12167901330609,1.8100937505022896,1.6920527999262207,2.73494107362172,0.9537037253557805,2.9256967164368612,1.9269303183044233,2.896901810832528,1.4008804284946987,2.8502505062972197,1.4258038281740033,2.8829094098968753,2.430280984838358,2.347278510951633,2.331004320617312,2.9276381421269893,2.4177027321882374,2.984949378982737,2.138464083844131,2.951380035153122,1.3488802074767265,2.9999384975756813,2.0073717497129167,3.03077205390242,2.261843189893514,2.386179133914433,2.005922371333581,3.0715452648956694,2.1532666519030066,3.053180991849675,2.249037815515997,3.0165363625427943,1.5900613354473816,3.0593104804013915,2.2046515587303768,2.9877889834904807,1.478363348384221,3.026072184531646,1.2988193379013913,3.007308747778735,1.3681096695720214,3.206701087448099,2.2081371730638684,3.190969216945907,2.2517433036462227,3.1775289987187856,1.9924876467996273,3.0978236702589523,2.539789081376783,3.1280474253676034,2.2880173587060924,3.127035300498269,2.5841695522939125,3.2075761970221177,2.380894670359553,3.1697084056775218,2.4585158628833694,3.191102740381451,2.4029719838120793,3.120674741079223,2.3851519099792533,3.0769632983795523,1.6974348687581224,3.1164152672236116,2.2665429247595403,3.119917805982853,2.2313843702386156,3.179118094841442,2.2983764359942467,3.1512992823462302,2.187418362230953,3.2520270207622453,3.0174481496182435,3.207454984731592,2.4862332748930713,3.2461946703300475,2.9582865569253247,3.1327607803212887,2.5401798558919872,3.209778325518483,2.495029999882476,3.1875910730207,2.639360841903548,1.9524866123852407,1.526950871119737,1.8933460096176609,0.837976366229725,2.163278946996084,1.147219352644368,2.8907580592949764,1.8989414674556269,2.9335827436114954,1.0706175708720183,2.6817631264011434,1.7610944763639769,1.7030057610315816,3.02605802897648,1.912698572813652,1.776296583828309,1.7473894378057002,3.063576969955167,2.9113532605773393,2.1139355403343507,2.919000747874658,1.3435452592109272,2.7005721282511934,2.426006332390492,2.6699136729956403,0.6983302748541524,2.470502038825163,0.6488461213380509,2.7603254132179953,0.7142744010844102,2.981718516851146,1.412305533289852,2.996822726111763,1.3896342711877554,2.9328639190680375,1.0383814284161164,2.9781992102698567,0.788212301416962,2.8737142371743314,0.857826668833914,2.9164686223660032,0.9258955407484332,3.064796625353559,1.8367124476480436,3.1010055583049625,1.6874857749368168,3.04196955925438,1.4866313057848495,1.8952717245854986,1.999803783805145,1.966446032936372,1.1616735760578225,2.1064761574907447,2.0842855708363346,2.8742932525950486,1.8227711258064172,2.9299593118729805,1.134876452846494,2.6855864409306602,1.7758095059423824,1.760101690510329,3.111584936025843,1.7433320714530638,1.9299445195300735,1.7147465521213476,3.034702721628925,2.9014518123815924,2.1860948750141684,2.913247495979592,1.4813491666035457,2.6550270742654964,2.5695261463273837,2.673125426365983,0.5299767834247511,2.4769596301688708,0.6327910602301647,2.745710126827829,0.21316347958303855,2.9698763500478504,1.4274795245759357,2.993375111375779,1.3623752580312498,2.9014688306084966,1.026193458533948,2.896768439566447,0.7670883271331765,2.83771942503732,0.9732520671018718,2.9565723827251564,0.8730044226700289,3.0592086286848392,1.822213296457934,3.0735353289681493,1.6162992913386631,3.078304191197939,1.5675333644783251,2.2033452234319784,1.3857807178476886,2.1514586033896888,0.7059061589814668,2.410739853129181,1.0705845088981791,2.9822946981928715,2.1058757713590603,2.996392681831348,1.403922424733658,2.864928386796367,2.2471285111705606,2.5071243239281618,3.0618837436902884,2.5415052222107137,2.401695572079997,2.424546737456051,3.0821677264962872,2.9513474259881103,2.292542652203247,3.024298172930623,1.6910880848657164,2.898833390637788,2.6302057528345064,2.768119220185942,0.5109224313208934,2.615486373370499,0.5204762835520869,2.8846720832612944,0.3872891422264143,3.0259620646526053,1.5490401014519346,3.0478954009836094,1.4433994417756875,3.0017431132742995,1.1594231309954484,3.0714530653246506,1.0519151926143304,2.9813987304472525,1.3796593876907153,3.084215276451522,1.2307486498224056,3.0954169315701985,1.9100336159997595,3.0972314595055392,1.7214181978287004,3.1137094144273334,1.7691569339517
14_2,1.1618068831755979,-0.48569136338021884,1.0846622241801247,-2.351107114677793,1.1176255007077047,-0.7925710440443199,1.1212240219289886,-1.4797882621151743,1.138505426620143,-1.4484572461438467,1.1724607170481764,-1.739774462447969,1.0936862139912085,0.017390120133158028,1.1013645707745743,-0.5289588425251428,0.9775704182257372,0.0644864226415916,1.1486286466301474,-1.4474141172592432,1.1229683061892837,-1.4576717538703836,1.1374225084131757,-1.4765443562389164,1.345761648117592,-1.0768566589232604,1.2923484137970402,-2.1897979677239214,1.364038218504223,-1.2077837382060443,1.2050702562107543,-1.208679066949952,1.2111833009309558,-1.2478828914231512,1.2293370756425481,-1.336690691291419,1.5496976303810988,0.8753821922611336,1.4461955617040398,-1.2799143418102135,1.4998074939467256,0.773589428472363,1.273644190415098,-0.5244365771370643,1.3076957193576668,-0.8298946037273394,1.3207533280161912,-0.37580555734934046,1.3225335496104682,0.24837374698564404,1.2569495246625644,-0.7694674381103572,1.3098265434761154,0.08227775594288385,1.2015600778189197,-0.25575929166799766,1.1997462755442272,-0.9438376801433099,1.2607729198759277,-0.6845152560947615,1.3569720008278716,-1.3411074700533245,1.2762684368055148,-1.9716845582392988,1.2939214632561562,-1.218668857154854,1.2180801499909297,-0.33788533464184756,1.2012892712911887,-0.8242111765651966,1.254393747047556,-0.8903274516745826,1.4833777882375228,0.648903039375436,1.3479121422611622,-2.1359939403711956,1.4256362040054216,0.49685811850828615,1.2444894270186682,0.03179438470928781,1.2430415268723483,-0.38114054954418963,1.2847689748384932,-0.2146270445713607,1.5585165205830749,0.8754051753962521,1.458013265958841,-1.7298181086300046,1.5197930744139498,0.7421319747473342,1.2816127260139185,0.21596279897761808,1.2961005902481764,-0.2720176655649012,1.3022905197709862,0.3292517826790066,1.259098974567154,0.38327904415066144,1.2212113220532532,-0.2433255613673686,1.2530767325757133,0.38874227791381144,1.1799298872761215,-0.3031453132838304,1.253213843044972,-0.6520162369332592,1.1745467236113034,-0.7095337586951956,1.305597322941377,-1.1256126881616504,1.2051396794929947,-1.9660815131356078,1.2522659727404006,-1.376379562483553,1.131669137224883,-0.4453488532913321,1.180492085897267,-0.821144182536427,1.1563898167581268,-0.8856481986163067,1.4025074091353928,0.6812058625227013,1.3075281897684965,-1.2987450429462064,1.3651428895445323,0.6178363140696501,1.2459263780166288,-0.12519188450939228,1.2489215522404888,-0.44076396567968906,1.2727493143860158,-0.07149722477599796,1.5726480020056366,0.9482569264635856,1.4618657703384708,-1.5324605701639313,1.5384539998075613,0.8141034344350544,1.2759012867151,0.279387390099561,1.298780553708481,-0.19418523542667815,1.357634164479432,0.36796161805498306,1.3941164783979691,0.4159261114864451,1.3482627813777126,-1.250480379175597,1.400106703235333,0.22314744752559543,1.249573996451664,-0.1437987504633246,1.2067447437351353,-0.5878053809112774,1.2726862657344271,-0.3643576972400736,1.4130343770386293,-1.0659898760111768,1.2961314501835408,-1.3127491096982455,1.3385686381186042,-0.8138100041181354,1.2111001058757453,-0.2538218907050015,1.2169266965038068,-0.6291353169746815,1.257688269737439,-0.509457466529084,1.4895194496357556,0.8064095545775924,1.3788981030082017,-2.0945481388534524,1.4120272492945976,0.5790997631049767,1.2948955255714734,0.1309712781168586,1.2772545105920154,-0.4540067805878478,1.3009105812200155,0.18496361312107693,1.6151204662538456,1.0222036989197394,1.469362113604884,-0.9956744333608715,1.5331805707289683,0.8704403616204781,1.3167291202476903,0.32459532336634567,1.2966968869243705,-0.29313557294398257,1.355025999932253,0.5392445550614138,-0.03295946220931527,0.33515763844698154,-0.2789429769629576,0.16960742249561037,0.23085246517481406,0.332525329575717,0.9810679676627597,-1.6673505868276783,0.9351028615100084,-1.8968427935834937,0.7873782932290877,-1.9087114214166585,-1.4073048778475474,0.8714912289194582,-1.42461664124932,0.5729758136138059,-1.297977912196732,0.8791817016364438,0.9580076662462662,-1.6032017091937436,1.0115016104068635,-1.6627869835913212,0.6913770686379274,-0.701789914131089,0.8269420661893774,-0.013212009007614768,-0.0584025936183555,-0.5026332123556632,0.9737964221701292,-1.7743462319233936,1.1236830812875065,-1.4144841569427804,1.1264220041260682,-1.513424670191374,1.106988185971642,-1.6721028638599136,1.3910363865841986,1.0493667168033134,0.370557624954332,0.7440451768385852,1.2964342035242264,1.2312940947115243,1.1947209424853622,-0.5108120387985717,1.1934920013358867,-1.3589514879237599,1.293480521919784,0.2257838998189694,0.9038801510262041,0.4033666859492549,0.0766034373279873,0.10151299177268945,0.9103247767748813,0.3198082854785633,1.0644525657572597,-0.6075001879406863,1.1236265273641213,-1.6163336495081773,1.092545056267552,-1.2438059694811765,0.6389232644427569,0.1085856620053457,-0.9158019069630624,-1.4752887801282637,0.8328213362685306,-0.2634268471604266,1.0818597873701459,-0.6829922476324689,1.110178717948516,-1.3271555315642765,1.0775289179852539,-1.443531939736322,1.1774080514372807,0.9237604228851725,0.2551259281080294,0.6172846379477788,1.1906970977122422,0.6143483063985471,1.1881372060314286,-0.20390628508545428,1.1501084577798502,-1.6124952334371363,1.2275041790484646,-0.5253500914317184,1.4460672937727554,0.9149527005356131,0.5129348629098076,-0.15093046967233842,1.437988454451917,0.6205764054445111,1.2806733998766113,0.08906369042806071,1.2602055051060108,-1.3344300939508125,1.2755677983827873,0.27120779541598217,1.1553188189313344,0.8019394334588879,0.5944967358816985,0.7625899341350977,1.161238868479564,0.809572909196712,1.2146677264196526,-0.19428560801329936,1.202796414087699,-1.3209909683753274,1.1877378575927298,-0.9434434599022151,1.0431322905943563,0.6139872972074629,0.3379355888746829,0.6700662893558714,1.0550009381149854,0.1439527381819089,1.1424786477768127,-0.013104675276198512,1.1886156337905605,-1.0606801767619343,1.1795434715973645,-0.6217498305453556,1.2792950016758802,0.7706712318394591,0.7551933438502701,0.5881875954867483,1.3375838520160133,0.7937391164060911,1.2298246354022702,0.05029893435027687,1.224107155982131,-0.7556778664748172,1.2619814592058793,-0.29219077495407547,1.4561282658752353,1.1546787503071914,0.8867638186222935,0.5907123511427379,1.4932153734602716,1.20231589889834,1.27429685454087,0.38485758660924835,1.2656160585797658,-0.7254041982989204,1.3257480868882423,0.5635527971911085,0.9177169983441231,-0.45785571299633687,-0.0022562530495256606,0.09993463071853263,0.9929375336340882,-0.02885187417125931,1.134402605961432,-0.6313163883995901,1.0837294215128968,-1.60544730754585,1.169371236059302,-1.1108191232565816,0.7671215537737663,-2.0518614159914272,-0.8076325651160332,-1.465815402206865,1.016341921120243,-1.9889558662733329,1.1254848021656803,-0.6460562183039166,1.0954976443114968,-1.4003937009682994,1.1492768836129574,-1.3873573797423855,1.1876826456180813,0.43891092558460404,0.24005285850362457,-0.6967529720384202,1.2479511781164287,-0.012094025179025754,1.1836240064504069,-0.29674025201226456,1.1320987004503582,-1.7642754439812303,1.2044360433256314,-0.4686348147289286,1.451547330684321,-0.3667077440396422,0.4726169474876831,-1.3591081261370506,1.4501169325617669,-0.20081900724573074,1.2724589564417517,0.12026033196422801,1.2438762339897043,-1.076999066949666,1.3150867305675695,-0.018987963776226278,1.1786778958598874,-1.2747719796490793,1.2043602968564544,-1.6171594486614866,1.1961836838725346,-1.476564320952656,1.2483749916767455,-0.491873003263716,1.271515199509896,-0.2488253727298919,1.2293103786933968,-0.8375764935157037,1.2632135833447224,0.5174023400022584,1.287862994570316,0.14022183433573615,1.2631840146907538,0.534485622886597,1.2768158182871248,-0.11636427745881965,1.304024979509581,0.11213832540054255,1.2361768406936775,0.017728273733645543,1.3206954586178157,0.3877294099954277,1.2825297822915611,-0.9395494803232823,1.3746112094180944,0.15323829905183783,1.2857803129061443,-0.37377164853641326,1.335268044266791,-0.0713135934539556,1.3385136842795033,-0.33431753995792984,1.5505392064006556,1.3243587216061832,1.4342087862611326,0.3088072867901476,1.5478140014135993,1.2181037874807414,1.3200498356251675,0.45948358639294296,1.332595069278893,0.42478988407519,1.3648242994713293,0.659243984920843,-0.6784711947783189,-2.453753059708614,-0.7474935258883135,-2.5523987414642435,-0.24627525737831124,-1.657410431150172,0.892975124231683,-1.6389922099653176,0.9938768145997939,-2.0719495901754486,0.7433436769589243,-1.750577023654932,-1.1415197751368147,0.8830945989593187,-1.0083881676439321,-1.5864146470730278,-1.0823412900288782,0.9042578734517602,0.9836672476657603,-0.9515516321653028,1.003919655450894,-1.8530790418123706,0.6583847293299435,-0.04789703549688307,0.8362257652712828,-2.1571375332206735,0.4914153610575802,-2.6698067581124763,0.9736931017013051,-2.237271967773017,1.0488903120575301,-1.566664666640664,1.1164756683791783,-1.634959650469462,1.0749130294584908,-1.845178252926263,1.2603751859799823,-2.0299034848515727,1.0492067347562213,-1.98537588973895,1.160064119790673,-2.0431492210112,1.2369478564096998,-1.1258835071211646,1.2494585952159982,-1.194384459064611,1.215717287177146,-1.6388966334747266,-0.669239849468354,-1.6912391995608236,-0.7121622639606527,-2.602818088237648,-0.31563979598177044,-2.5521042639153606,0.9350917468663632,-1.6614064344094233,0.9769056795284593,-2.0324129086199636,0.6342858523254332,-1.5681332659561005,-1.4905114162082589,1.0097580557585804,-1.3072778675772978,-0.9456394496287054,-1.230033220975008,0.9908508180255261,0.91613904933991,-1.4062723233245769,0.9872777969364869,-1.802960022160385,0.6275122316861116,0.15202086309378895,0.8047570442576873,-2.1799521837574454,0.39064953197917607,-2.6205352187674316,0.8949888828216896,-2.2058377929205624,1.0805632912018872,-1.5540763256659509,1.151886513817836,-1.782919758208146,1.1068288563145683,-1.8790868741781497,1.2156536513845206,-2.0501404406879398,1.0440342426215472,-2.024866608344854,1.1241169577830814,-2.0519211243884397,1.2506844185714794,-1.1081072224256727,1.2368473014116712,-1.1851523086861178,1.2050366959905323,-1.5062298752251118,-0.18488832108452172,-1.906482999410468,-0.3011182436701218,-2.453313857977395,0.23788553037998508,-2.605978527500521,0.9985991812003142,-1.377934057307352,1.0499510345657845,-1.8677788173781498,0.9255119148394675,-0.37393218524839683,0.2094536094066564,0.9896955356730426,0.38687186316171013,-0.4567679115076421,0.1792045173311584,0.9383156088621073,1.0083492393446658,-0.15277013920781984,1.0573489569201613,-1.677455914498649,0.8993661088403194,0.3332450512800133,1.0055120485602664,-1.940141664916794,0.689886071322924,-2.3292097549271036,1.083313235729432,-2.0441841757480783,1.1204963583724799,-1.4906946749884127,1.1395872152787654,-1.6967969042570676,1.1345448071847346,-1.7747366033930296,1.385881565847375,-1.7844910231542332,1.1625242391703943,-1.610539228064992,1.3237618423010167,-1.6191312097061332,1.2461535512850808,-1.0029862725266339,1.238480899900779,-1.109313239641258,1.2873723099303396,-1.2394146862979227
15_2,2.5499131132428974,2.391982193650937,2.5233221358069895,2.3069005352365046,2.5778246511125946,2.3523861731111553,2.6548140598638175,2.4622125376510984,2.656773054533087,2.4213895421541114,2.637240572494227,2.3886619331894665,2.506026539449827,2.3889918321711927,2.5062466337891554,2.3820266618001718,2.5351129036864366,2.3182688431328424,2.6238706808210583,2.4646275250687966,2.654307941610325,2.43812329928535,2.651886443859257,2.3505409672566175,2.6530661018753707,2.4234423456299954,2.5802184330116003,2.3088279017012803,2.6694432262996757,2.395097295047191,2.677910792783989,2.510569321709089,2.6878683308950895,2.4884965828932413,2.7029498674965153,2.431283267883678,2.8012049723062744,2.4682437784750793,2.685933603179199,2.3503621699587884,2.833277929201549,2.3922998180654433,2.718687375210496,2.5452347593567914,2.715277294140487,2.520108232098308,2.7620299487291806,2.4909677025751362,2.628898194052781,2.498542058301722,2.571840004662912,2.3251621930361903,2.663894681237374,2.446744762520931,2.686590615126333,2.507470738343476,2.684966675328774,2.503625356716662,2.7096091352966827,2.4861807875486086,2.643424202962036,2.408395355108621,2.579521732248636,2.304138795055053,2.6569264301995585,2.4007403893252945,2.6743676685760263,2.526562659337957,2.6590377568305925,2.4943677020074126,2.6941503297583167,2.4778582728091907,2.734236047806074,2.502675643703149,2.6195033277751314,2.3745845193343396,2.7377065735568658,2.5031017464120806,2.7163560452685633,2.5252475584884775,2.6989475690775935,2.547532522210032,2.723182010023259,2.5107052093475466,2.848988480498488,2.4973016322974955,2.6941408782829237,2.3163986413370306,2.8520082841651404,2.552174674693138,2.727472705312584,2.5602165415056986,2.7270557153066473,2.508602217844481,2.7383037813235944,2.593074251016942,2.6535705976688284,2.4579041073142243,2.5880304500787523,2.347140030402303,2.66997121601088,2.4783711557153185,2.668213331754267,2.532022927624456,2.664555918606627,2.488928977461277,2.6764100671459112,2.5008812523725195,2.6226585136027634,2.411730382421356,2.5666809011643372,2.3592987205698783,2.663675902438366,2.413498224830421,2.6856149921945787,2.503734943662218,2.6748355680584583,2.4778358162437653,2.675869062190978,2.47812210604737,2.7241851732123057,2.512239622502162,2.6296847759123616,2.3028270587053963,2.72151663062119,2.4990029229671564,2.6817145744157225,2.560562075606907,2.6534983940285954,2.5131148119165894,2.7312270951396704,2.541201448391305,2.8268235364387277,2.5046805528983245,2.6943538893101775,2.237436132305494,2.8368577000870574,2.5408693763422754,2.7026489053512566,2.557962868798454,2.7469744884405327,2.51593077030897,2.750347973673861,2.5899890340583163,2.6579071102078524,2.478238807468384,2.6083122591279495,2.362319735253511,2.6900516213494265,2.485940072492033,2.6785848084378467,2.526322048247804,2.701122413942358,2.5180781495079168,2.691953908916529,2.46915247454852,2.6901122490058103,2.4015949545626216,2.6115164743445223,2.28080000469017,2.696283722358399,2.411671936562897,2.6878094798487786,2.5179051580703793,2.6926118126353593,2.48950967250641,2.7130600993582967,2.4823267292845332,2.7327838891449985,2.519105152596104,2.6559300065702596,2.337664835515221,2.732470486871151,2.5135043965421455,2.6854203672484456,2.5703847170343725,2.7300491302866283,2.509048216389955,2.7242706069825346,2.539071562142982,2.8689405619754775,2.5054630641754283,2.7263500498380564,2.3060731110949093,2.8733156746765527,2.5333982365441736,2.743313478733257,2.556867287866557,2.735632754483717,2.5378429266923814,2.7780503871346136,2.595181836063866,2.441305213750685,2.5313650658117948,2.447701870485831,2.3480060387439443,2.4658200039919644,2.31269909600035,2.584835448158644,2.408395210920735,2.574902865903057,2.248445207569389,2.529481191293425,2.2760389687014233,2.4143013070103367,2.3988623075809214,2.402589666956976,2.4499774848453533,2.40175364591804,2.5141896506248105,2.561551990013374,2.401393092384628,2.5795800157320623,2.308872847554195,2.5206577884543497,2.4619226244965327,2.5356627893062282,2.4411281620600658,2.4476831207157876,2.378971447068416,2.5678678233024526,2.4737352379676816,2.6327479226488206,2.4655057041504063,2.6310015504186905,2.1986502782049184,2.6389796047346477,2.3973663679623503,2.669471832903744,2.502552204541169,2.470935512922605,2.2886208994596027,2.67964022317773,2.5856415285745222,2.656631295820035,2.5391405040626602,2.7070287572703364,2.334976979334822,2.7294304864377463,2.461144904463415,2.5245418238899116,2.5011044193005962,2.4519371711813682,2.296693767128952,2.5325117591079733,2.50244116439915,2.639097387372216,2.480765224648066,2.6236246991685577,2.3551234390854248,2.613362788903707,2.4174850169173703,2.486430665984447,2.458526275331779,2.413974806807836,2.318363446770607,2.527585231107931,2.4087271681524043,2.6359406756112134,2.5119691659236176,2.6028411892267607,2.344216140025911,2.599322228419095,2.3839635311934124,2.618547397282334,2.515505083473431,2.4668515412541954,2.3513977376116086,2.645339989561665,2.4759289381062484,2.6797170174445797,2.5419586074128637,2.6696096060756447,2.47709108760293,2.678274764135766,2.4952532186099474,2.7466345270889643,2.492191972748555,2.4622834157603903,2.264981219240327,2.763854804803059,2.496010597660225,2.719376074690404,2.592264204335501,2.673923419389535,2.2617247326170946,2.7249444481029177,2.514834401160403,2.606376534506143,2.5374865162699916,2.5016642318917306,2.3573043953813175,2.6232313147944386,2.51506739726795,2.6509742914779246,2.494173968724575,2.6778516548928315,2.4414062554791873,2.6793656444951472,2.4566389008476093,2.550720695281036,2.5164185155850607,2.451892664522282,2.382741557134066,2.5868332314088294,2.478335857286409,2.670211293267134,2.5151983852688664,2.682436405803794,2.44896384212019,2.6586982419840357,2.4949640090658,2.6469105702261317,2.5218546625363962,2.5197279018896728,2.2161990446107973,2.699331487368215,2.533715430609118,2.6981528244456565,2.553523628185871,2.676742452068148,2.4523637209014435,2.699264990220044,2.5588515218943675,2.835204892928678,2.591397417219929,2.525569425782461,2.218104850811707,2.803959672852782,2.5978669858956542,2.730351055465492,2.6087664117041123,2.708965176708001,2.535939701948616,2.7393803351233834,2.644882165326667,2.531892313612275,2.460291519837355,2.4588881894115717,2.180197921290399,2.5673437062212865,2.45293991198204,2.650517268052606,2.4983057437362217,2.633157383309267,2.3404486450629016,2.611511745787775,2.433175689501645,2.507387905191261,2.4219532183711214,2.4461690462679737,2.278362593324007,2.542818742885081,2.4383725320361567,2.5918619728284953,2.508803487895044,2.623138688715877,2.32605527822483,2.631097933434591,2.399545178125835,2.6210520288349115,2.4772601225901116,2.4517543145898197,2.258903535842721,2.6578933628462975,2.447704777444131,2.7010945110729097,2.500194004113574,2.6754218108016943,2.293219327509902,2.6866176917058158,2.4728226592028397,2.76842881673857,2.483287951053393,2.457192064296163,2.18611229561387,2.8141799138230756,2.458200634950193,2.712533803425104,2.5548790690117538,2.7091318781066476,2.2736749220639014,2.732050621006002,2.5113425181043105,2.675968156548257,2.4654326318458337,2.685552133469812,2.3652051073218967,2.6868577784248746,2.4392476861448857,2.7886942278755154,2.6300529124610375,2.788119621006409,2.556434688926457,2.7815519868477034,2.5194511568488993,2.740077974766598,2.5628055140416333,2.740223923335654,2.5284420999078816,2.740334764549993,2.562716033043927,2.811928196791388,2.6773359429333867,2.7824832032532534,2.5969816344979306,2.8149383348257313,2.606892714201974,2.7644248904253703,2.5219212028642617,2.743661716998651,2.3935974768054664,2.757776622039855,2.4689543128054914,2.758799122861991,2.62596971285795,2.798529194319401,2.592267810379934,2.7710531434742958,2.5622921305776027,2.8890741640399544,2.7277237708006408,2.7984022645185282,2.5911893363211145,2.8965219300071454,2.7158977582002297,2.795767677723453,2.631958536368283,2.8204812411386437,2.6000167808826826,2.800498064445711,2.642172923319688,2.3858348942945558,2.4045705904208186,2.376992530689072,2.252878064660955,2.3740123939821935,2.376268764000613,2.6111895804837286,2.46069820669624,2.609800632505855,2.3499159490296893,2.5176993439341047,2.3772728391033353,2.364811527035034,2.4212439294879884,2.3859653254903477,2.2896569069054427,2.376840762496644,2.4659863553903105,2.605460046630432,2.4610410896674026,2.5939322347235585,2.3692684913051143,2.510946969606957,2.422979028084519,2.497809866885995,2.40081097374187,2.448746487948708,2.253058372323458,2.5342848013882042,2.3793419097331854,2.674086406623664,2.4560846717637577,2.656703566428218,2.4123527644010063,2.631077792131863,2.394917934400544,2.6453339065697294,2.404805780762598,2.5778425253797095,2.2452241244189417,2.6248861666122285,2.4128393902863428,2.7313721530407733,2.5583101753824704,2.7148021762287433,2.4563865436334975,2.706767328839455,2.3777124296603227,2.3932245184076035,2.4511398286701627,2.4145156899416205,2.2507446337028294,2.426281082120593,2.4203825053087353,2.6171672546751834,2.4522872649252996,2.6075465847737127,2.3305503390728113,2.5043169069918285,2.384498057077432,2.375860339607698,2.5096592713981805,2.3681574037905366,2.354268843369612,2.3976015519367078,2.517423104055842,2.606023168876205,2.492295093389107,2.615857127685696,2.336688163399367,2.485522115591279,2.447992685118072,2.512406208416531,2.4225255230213842,2.4513394056070537,2.1916631221850835,2.5373098712141298,2.3884971401172788,2.673306711260689,2.458038013713469,2.6687575632052387,2.4120958393772343,2.634405205395481,2.3909934345364863,2.6356641658902142,2.392425766902689,2.5596651239148844,2.260716041103119,2.6199034898083347,2.4278972167373793,2.699273038940089,2.509238395444721,2.7243756376432255,2.449657024487312,2.668463208500935,2.377673084560261,2.405751259059784,2.4808413252928,2.4101737461480437,2.3095605985044,2.4447053836651444,2.376303227551174,2.611614378128849,2.4767021136569323,2.6410452109210896,2.4037081976548045,2.5532270204350085,2.3677235902243603,2.4191665742926203,2.5149167849135226,2.443480724209218,2.2965592825096937,2.4329520037321695,2.4613725995107973,2.6607223615648943,2.517224007876843,2.631438972779677,2.367835910392488,2.5906818321324954,2.4266193554487216,2.5279090341537094,2.377595836485281,2.4838060796296886,2.2268826638581625,2.5767006280567997,2.3852008594472838,2.6439313389754493,2.4988511594383493,2.6866979562584086,2.403984013360059,2.672577187827709,2.391356195212998,2.701602380354007,2.40222768442581,2.629680258090079,2.252770855213595,2.7219462914547687,2.3938944188242437,2.69838594884819,2.5523852620926375,2.731884504807153,2.526743636217891,2.7139536646796216,2.4364030495951328
16_2,1.4909454608504202,1.446593188502331,1.4576811819946196,1.4372633625738744,1.4630450491283327,1.4416404053074279,1.3939319298663164,1.2564279254175363,1.370103139012805,1.2546649795361784,1.384519656737419,1.2093826887255406,1.4729809043617095,1.4694031498479976,1.4782530928058115,1.4495642000073432,1.4579348155783567,1.333672499179108,1.3552697721508666,1.251370444285497,1.3759054316377823,1.2426460829995178,1.3786331981755948,1.1793020511758003,1.4788485334277184,1.4895315103777076,1.4724367333754458,1.4848658554976648,1.4540459705393318,1.441621270931912,1.3836311096514204,1.3004522167138706,1.3515493670812824,1.2927484295639446,1.3770712200124646,1.2590369104831467,1.4639909510339744,1.4686286429893662,1.4489257033650884,1.4670071578059196,1.4532789800905819,1.16687333039396,1.3705809750426179,1.313150493814588,1.3781345107746554,1.2987260038388473,1.3721127040147825,1.224614569111568,1.4580319252291072,1.486795124144665,1.4674917887162413,1.4860432706993718,1.4447459565873422,1.4277967239880125,1.3814563477662576,1.3024283365567986,1.4148146893517597,1.2568863723653616,1.3866700288263956,1.3163907588207215,1.446138977209114,1.491704536112901,1.4932144187502443,1.474742266579581,1.4801079205538819,1.4058119867647276,1.3899568898815988,1.2982453850211098,1.4209409178928516,1.2798001093237281,1.4067592161086282,1.2682637156918868,1.4812996805063239,1.475408492346517,1.4991868665722197,1.4740386576626556,1.4591428929571533,1.4425175360966507,1.3737543145877251,1.2607956012930595,1.4132341540301658,1.300073837130281,1.382395843247859,1.3232637507736478,1.4643369262891621,1.4725409357166934,1.4610781217893578,1.4746415742999155,1.468639219841229,1.433159105086888,1.4202588881276632,1.3006068400335578,1.3685163169452759,1.272073174985357,1.403176818367382,1.3247558286405063,1.4617366506611285,1.4517494447357835,1.4842480442121264,1.4502619344345746,1.4441099459076971,1.4320780205860697,1.3914123647176884,1.2668468191619946,1.3989655447756906,1.2762172957569784,1.380488770932446,1.2581949239294339,1.4667267570344473,1.4450510703720076,1.4811745637073321,1.4635327427833076,1.4772496677148563,1.439147156533986,1.398976341582984,1.3005923810447815,1.4102262924582265,1.2634453217938417,1.40908003247245,1.2891695442462463,1.476419207522738,1.467523126167504,1.444583088916464,1.4649134659055907,1.4585371095307662,1.4094837353450647,1.3824312763282394,1.2586422681447307,1.4132632444516458,1.282595263777501,1.4260435820632302,1.3094251144442435,1.4720532347635564,1.4854577200206482,1.4807228340182383,1.4876355173569398,1.4867615039815139,1.434937479009533,1.4128935911742784,1.2955999123757314,1.408186341012921,1.282670630270101,1.3788762147954063,1.2737193873659995,1.4597813691603136,1.459535543948005,1.4575346770950754,1.4449184939370472,1.493357110637574,1.4204463735458297,1.3815200161266648,1.3067024738586923,1.4040546525865187,1.3014302525905983,1.3855188654921935,1.2744039744833333,1.4765114749787587,1.4722396765220929,1.4681310479699685,1.4804032416992958,1.4598701569825763,1.408605871848167,1.4157675476439402,1.2828326615310262,1.404144891523068,1.300770902641749,1.412150740961133,1.2934500597474972,1.4829950336812383,1.4586900808309164,1.4714034238436215,1.4880820910986745,1.4723377789133414,1.4498480766734418,1.4125180658830152,1.3378825631232993,1.3976526277114711,1.322362777163763,1.4060336972702028,1.313468424222079,1.458428200063134,1.458909811878158,1.4674383603624335,1.478298046510214,1.4840048771853227,1.4525149324933098,1.419396871936861,1.3046734274230776,1.3857920290535015,1.2752367244564242,1.4013526914866041,1.3094047722223574,1.4581635868395997,1.4329718402027758,1.4539804673054342,1.1371568222828141,1.4491347296122767,1.0682768510242742,1.358269315570951,1.2526951686530716,1.3651573852761627,1.2092576013117073,1.3838578652438498,0.9948731787083915,1.4626526953560357,1.2088308248659945,1.4552096740228506,1.2192799296239416,1.4654306333782516,1.3142953903062617,1.386176035857039,1.1766019243353072,1.380473966390482,1.2393739928687866,1.3592695328730673,1.1858542201878177,1.4927393810418117,1.4889074880137199,1.4622778017239042,1.4348455301716518,1.4470241914243394,1.396836297193861,1.3698614888728087,1.2807286006245733,1.3653072742287413,1.2312066038145597,1.382227669723628,1.188889809697897,1.4568452516389268,1.4947785347274831,1.4687010275866708,1.4666058672203521,1.4637997263549756,1.4079253165999026,1.390806876452171,1.285506858586939,1.3974653439910245,1.2322517167882385,1.361291187120856,1.2162408333818686,1.4650254926018287,1.4630930893656644,1.4589954127327747,1.3539253665749398,1.4647442061627496,1.3493007513118183,1.4031262561828337,1.2289498139528021,1.384996345781625,1.2352419683598164,1.3658994754524276,1.2785405361471147,1.494620505149619,1.4674019336976274,1.4646173055513674,1.341559472428766,1.455887325014231,1.3087788832739728,1.3489595092623898,1.25502954270954,1.3823892635285835,1.282281364313065,1.386540985919581,1.2269839360635664,1.4737223356734663,1.4496125466944192,1.45466770085475,1.4110354576973105,1.438153818267629,1.387380140042518,1.3684759675989147,1.2463926259159945,1.4076261327680666,1.280956197382521,1.4063366678394078,1.2978182958633977,1.466529477354903,1.4581674044991917,1.4554350417989892,1.4401560332972105,1.4614509630936563,1.4023546199496002,1.3885348839116272,1.2776527077841837,1.3830108643478005,1.3035033032217545,1.4042503323818738,1.3023812236599435,1.477333315529546,1.4446785463218785,1.4676839871930456,1.334038014443675,1.4447934007445593,1.3930500580688792,1.3827564300757265,1.2315406048888902,1.3858142516568979,1.2558825501568154,1.38451112644252,1.25599407440941,1.4716006820158642,1.4785419186859245,1.4413561114899904,1.3940356379319396,1.4531646889468102,1.3714711358958096,1.3721544673921109,1.2250395945510417,1.378164452501793,1.246657223603068,1.370638013238538,1.265419673499158,1.4851396933231116,1.4588027530710084,1.4855855077449474,1.412223923737448,1.4413844966966978,1.4135996315569146,1.3860251776121695,1.2332866642125766,1.3638645264474833,1.2353532685509563,1.3500620959087264,1.2900455856594513,1.4660697345997737,1.4784870026356627,1.4607009264985085,1.4530943722094993,1.4615434617187133,1.4158480317942477,1.3642405027076423,1.2815168321031132,1.3743483182266623,1.2179410049606012,1.4111496896653568,1.2853063776354974,1.4764808723930976,1.4931370132604433,1.4673945994311224,1.3683119677260347,1.481364678824259,1.367931869109597,1.3461664997675908,1.1928704607431053,1.3674411463858447,1.2692260831628743,1.3886645693559951,1.225971378391129,1.4721370677000796,1.4782504808407093,1.4813660505136277,1.4516644372691907,1.4665022501435943,1.4341568795647872,1.3829290890584591,1.254560972313374,1.3872884277490172,1.2473323877174187,1.3754944916488432,1.2864010444375567,1.4675707485803098,1.4830708688728422,1.4937017873740304,1.4456492272567536,1.484201610237159,1.4297297369392667,1.3876735089660237,1.3042071068129442,1.3936927649297868,1.1973631217838272,1.3730343687645938,1.285223114745955,1.4656518670882828,1.4746093806174945,1.4931617622262237,1.4475337188471615,1.4525700320428152,1.4247362667095185,1.4190608609852107,1.2771743350208544,1.3837983161820817,1.2582980197938474,1.406071086879317,1.284446467466529,1.4724653886708212,1.4245131971828073,1.4335898330253154,1.1856047019798415,1.442676481851329,1.3610693087127654,1.3381269550141368,1.2266993004654612,1.3021654722539149,1.1047261985887025,1.2980071341857282,1.1960632462191931,1.4976806709169121,1.4811202657434237,1.4537974274320726,1.218099137373479,1.3900147017796585,1.4077472421837924,1.3034158165076277,1.2278553128346268,1.299393015295605,1.1601498396567376,1.3430615972515565,1.2232822433292028,1.4692003656876749,1.4530763751357225,1.4650169145551926,1.2775216110934904,1.45742191126917,1.3998412684532837,1.3176704722002102,1.1881250528638745,1.330336996878571,1.1535352176342124,1.3250602466008012,1.2108749332183468,1.4857609153623572,1.502356838490451,1.4538768000113433,1.3819524530855793,1.4833788674871424,1.4367569069856942,1.3526355908119336,1.2267160595497848,1.345500099257342,1.1713539124817778,1.3818534252462917,1.2926900856836137,1.481927507600011,1.4775743905634702,1.4284546586927012,1.2699167324181782,1.431474521711143,1.334476675408438,1.354013715636864,1.2327585458275563,1.316776332949243,1.143326609984195,1.3561844194985315,1.1916214810043169,1.4826772903508816,1.4541550076403558,1.4365202818409302,1.218172363126923,1.4772504441029857,1.3686769864468364,1.3551486281752032,1.2178327560394886,1.3326314150107335,1.1652506600875134,1.3329785626422477,1.2054948791334745,1.4986187555974022,1.473045325740871,1.4658636418726874,1.255522622174547,1.4581120772925567,1.3963996875257163,1.372278237460267,1.176151644799276,1.3392680338956793,1.157970798522948,1.3755980668650045,1.2368162370495543,1.4865207262494575,1.4870078292128168,1.4520686546097499,1.3056617652564557,1.4656787153858137,1.4382073778400712,1.3678434879550334,1.2523604136724968,1.3659550133701164,1.1895200745562322,1.405968644544874,1.2745680908917942,1.4752761575271889,1.4562971311156059,1.4134316963977989,1.2549303705546706,1.4436254592005984,1.337868129455598,1.3510095299601246,1.2145410143627065,1.3497722941212213,1.180788288735307,1.3657847353152206,1.2070511086725242,1.4663625840660806,1.4261208248759285,1.4477920830359756,1.207221173178663,1.4414008955388506,1.3250148266576203,1.333627429132603,1.1927766509060374,1.2971126700736955,1.1801596829076548,1.3459993652720519,1.2631214048434647,1.4789006176750572,1.4829131978403374,1.4556917076662301,1.2703854023474164,1.445482660193876,1.4044158340443509,1.354973451582579,1.2559675124261573,1.352966795476537,1.0985572209488335,1.342759805500441,1.2454103145010882,1.4594520484734748,1.4918553699528025,1.4481633113349281,1.3249712885545186,1.4695121532860147,1.4169585330657897,1.3914150103587972,1.281436415676487,1.3417527858886986,1.185251448498354,1.3963542797672757,1.267740923331432,1.4866082150918294,1.4677266275305945,1.440119244022045,1.2438171346104248,1.4495969960614157,1.4153664264754835,1.3207765417671333,1.2123048299646473,1.3477697037283183,1.129655954259987,1.3440192028661835,1.2097779084075528,1.4838317684337294,1.4896568850606162,1.4134138791353206,1.2754940292746861,1.4377720574029937,1.4260945664023508,1.3401985783654562,1.2058547267765674,1.3495591412688293,1.1755959423759847,1.3544890507608873,1.2301187891504286,1.4427733705777843,1.476896399098808,1.448895014177687,1.3225335806989589,1.463189310165831,1.4166273296645362,1.3505835277314755,1.2185304245439745,1.345808809546224,1.158435107685773,1.3492751949437551,1.216409559077599,1.4851668453480968,1.5012876483497213,1.4380844253752727,1.4068298531804044,1.454234118472607,1.422898479331647,1.3732417571893032,1.248343569398175,1.346546763419516,1.1593848274797998,1.3527843107250934,1.2611216799631064
17_2,0.6951757243310888,0.2829163288688382,0.6808997863497513,0.2110430411972572,0.7440301557139493,0.31898491101749815,0.8512002860730716,0.7560380007044872,0.8987447580303594,0.715636798548524,0.8641318941597539,0.4845711096748492,0.6782020251226887,0.17338002925542426,0.6467548502628858,0.24861297872729177,0.6936584849673855,0.43871820318661886,0.8601896433182582,0.7190769143532076,0.88028754782421,0.7466508081073631,0.8564468699630834,0.5169211066594738,0.8223093038883064,0.4305491526538889,0.7852802025107577,0.16862724984325217,0.8569644079428222,0.34412618225561686,0.910571902686279,0.7953701581596683,0.9010727040358444,0.7954961022787759,0.9133239874651947,0.7271679013607236,1.0173351707374685,0.544767401588618,0.9175102905885827,0.20617098120039426,1.011878430557852,0.5931310988085418,0.9376347935574346,0.8174668268088475,0.9342490727675594,0.8327998747519111,0.9520059523731509,0.837612243971628,0.7939916204233665,0.5569998681903711,0.7582975325759277,0.3119129178182173,0.8255575460528384,0.6539759803869737,0.8910562588488269,0.789657729047683,0.8653606498793314,0.8177174246026727,0.9118719692842769,0.7380875491248461,0.8345857007882886,0.22476347816064962,0.7808574977229145,0.22626596008105496,0.8614126938749513,0.36430397949856713,0.8784224560121225,0.7803082270907156,0.8672943550787654,0.7189802369402213,0.9088860329489583,0.7329867253174785,0.8826070590919333,0.6571124439013449,0.8523244362747872,0.4208956979668295,0.9087995668748746,0.6981023122322723,0.9031141929878999,0.8310042510613912,0.9179545616015745,0.823936234558475,0.9135732904876491,0.7667151798275792,1.00413156999847,0.6756329357455549,0.9428328933449185,0.19502645727785115,1.0153358990608101,0.7422557829044918,0.9585836141982107,0.8509228606705853,0.9489300601739422,0.8805517011074611,0.9504558347249223,0.8366151959481244,0.7925689214590271,0.5804714721810227,0.7411865807698104,0.3385777553006034,0.8512230856003349,0.6486425667596287,0.8858270812254424,0.8034704998518226,0.8820171056066168,0.7205736037869332,0.8958493973554059,0.7314328104222618,0.7981346934411498,0.23422431999727278,0.7696953472123063,0.022759820076813923,0.8397440006747829,0.4946579480483814,0.8956229411479517,0.8152987928719906,0.9001436370048194,0.7569606202712803,0.898992960819129,0.6734374728160586,0.8907184863632179,0.6506375906358036,0.8373152414142869,0.3003968577694543,0.9244618708370205,0.7043875554484312,0.8898205935374444,0.8358902524012107,0.900951956041651,0.7924070717892869,0.8937062275821538,0.7922258391823612,0.9889587355107596,0.6953055863107023,0.9248863682633904,0.362224115808309,0.9962748967384303,0.7472434829192608,0.9318798514551611,0.8634579052769326,0.944161999637154,0.852178744155578,0.9520579042346999,0.8643361517758638,0.8435834844285934,0.6011999013406945,0.8018079845914551,0.1686367239714195,0.9038383580379733,0.6392173948072847,0.9162387164121966,0.826313654989618,0.8929746312886879,0.8020763906690334,0.9030970532531131,0.7457173304707875,0.8411120500957538,0.22253373872645132,0.8184526373959757,0.042803427973438626,0.9067197813268006,0.47927887524348284,0.9034146149928983,0.7868415463414269,0.9270997782527862,0.8226295092058308,0.8989206828841773,0.7481074342333509,0.9225378265289517,0.6793351613193191,0.8692022544272674,0.3046809447910029,0.9491685559342742,0.6609828072708999,0.9126069131178549,0.8124236917930832,0.8944854151306636,0.804607225626502,0.9281435675924199,0.7746755246147741,0.9929001702111935,0.7562345389411194,0.9729139710035918,0.126887733252365,1.0221674152376272,0.7647429810873702,0.9285860506572853,0.8693359742878567,0.9436882760797616,0.8497099992983368,0.959465607593117,0.8174319697690539,0.5463063396619253,0.6773484323232536,0.4688023156332823,0.6294850845451339,0.6218870480374411,0.6513907966903969,0.81788145267951,0.6861633887803321,0.8161610388144447,0.5301197359533963,0.7073184429532023,0.662646348033538,0.20811368615903403,0.6368720836138682,0.33212964566064296,0.5849232985984079,0.37128441137229673,0.7419768004870174,0.7664596320180949,0.7194183285781515,0.7894091541082894,0.6568442186294687,0.6690163513587444,0.6942378340803016,0.6700692979995622,0.5991381257444252,0.4639793419325354,0.6124407042826152,0.727187927343841,0.4852191530239047,0.8387226771694541,0.7495406417795811,0.8433034421270696,0.7205198865781697,0.8368500963374951,0.5939872179621418,0.9103382276045212,0.7702232344751878,0.5916284049252065,0.5879378342473098,0.9014279305818794,0.8972993234714097,0.9133214872051618,0.7991213341997824,0.9049391708483688,0.7638532113122897,0.9126795792679241,0.8025925697168748,0.6792859629297283,0.7671208289452215,0.5406404914456253,0.6737990548849745,0.7246099799292305,0.8145420541430419,0.8115967663307033,0.7769607694520152,0.8360891172849121,0.7686735458218144,0.8034834779607392,0.7110348644485999,0.5702218692533039,0.5671174157089958,0.34213812047736386,0.6140896343729999,0.6528004510259567,0.6660412812275893,0.829963673041981,0.760616038009954,0.8473495183510952,0.7275511870746258,0.812577718339936,0.6582290080510627,0.7977795449163516,0.7882137258165588,0.5812305075015611,0.6225480205626708,0.8042236452797089,0.7504174113500244,0.857535124074401,0.7771604003875479,0.8720245261500019,0.6422114335518037,0.8573149502419728,0.7452962025767411,0.9243248175410845,0.714828366751978,0.615040426723011,0.5284305803404781,0.9459832904224252,0.8211924785020738,0.9086682930798429,0.8066430084910868,0.9158641959242217,0.7714832505367718,0.9100903619723992,0.8438518460409368,0.8122562068602265,0.8276560980983925,0.7779390046222661,0.7740895070243508,0.8345534070574594,0.7495980069750715,0.8901856432228342,0.8107515425191867,0.8777372555756751,0.7802020388004477,0.8758997927616645,0.7762626735159903,0.8098533306702861,0.7568603769682699,0.6351961654219779,0.7000278073746302,0.7966033021490392,0.6349525263588361,0.8932972954394163,0.8163936554160434,0.8527923474718995,0.7981503081922809,0.8707747335913708,0.7630314300197897,0.8671551952462776,0.8556180288953353,0.7932972557565763,0.7485459199476471,0.916095510138159,0.839428730671471,0.8921410870005138,0.8260742594142948,0.8541971166743257,0.8104997433061395,0.9088947912638291,0.8171568031223188,0.9850473433826425,0.9203840242615912,0.6943643501850323,0.6593042106981917,0.9954616368100003,0.8094026657026401,0.9341472104099948,0.8732412508339452,0.9368734441674197,0.8480944725380288,0.9568760662412763,0.8626163730429023,0.6604322817583179,0.609809603883054,0.4919185634360475,0.5010975469316444,0.7531010117929431,0.5770879338732093,0.829340581180325,0.7493491874637368,0.817330916860879,0.6896140317817314,0.8368487972769768,0.7042899413385653,0.6283284846927398,0.37626180709962154,0.3326749944078435,0.36133538677515636,0.6879653425011046,0.30139095785159054,0.8559528448326126,0.7300026795956122,0.8446284654047448,0.5344319236118967,0.8094778124131884,0.6202510181008329,0.8077632699438411,0.6417804647073971,0.4984404524799988,0.43054115766227297,0.8402500687133597,0.699655923066004,0.8780148680771377,0.8130119784715851,0.8529941197460293,0.6262212801922686,0.8981258875411497,0.7627090910475725,0.9409198148078805,0.6114737856967801,0.6064885321426139,0.4251300922550956,0.9473759408584703,0.5728167105977674,0.9328912347744917,0.8308290958701088,0.8677325417025337,0.8409962433062037,0.9465059964638635,0.8327987730738169,0.9065577650053134,0.5094213557084922,0.8941032700995926,0.6022410124262522,0.9024718013738853,0.6023700823526805,0.9920037767388487,0.9254031070807995,0.9844621602454359,0.8676987924032048,0.9849236957788801,0.8007871819779188,0.9435864589651874,0.8339576947242116,0.9666900254091261,0.7959715601512881,0.9623843125755787,0.8037223574388036,0.9593133760305592,1.0035298098215162,1.0101516268315482,0.9235766437127072,0.9875817342233557,0.885061284277948,0.933849668834903,0.7583766307138472,0.942735903676043,0.699159279263266,0.9794401573896059,0.6886200814857096,0.9848690659187317,0.916686543219083,0.9899834492128581,0.8809507043801513,0.9748358111852262,0.8546263478933683,1.0512979186005196,0.9986521214664974,1.0204493892029585,0.8041301372056199,1.0293346210378673,0.9609867023822013,0.9986479201455147,0.9224648654120301,0.9861346772723549,0.9343628604462956,0.9953853986444868,0.923994657994178,0.15561205057120242,0.27777143551640565,0.1590103597795958,0.3669444380668883,0.2617788905446267,0.40989867806998986,0.8357363751747523,0.6772118832143785,0.8409048684334358,0.6560675553249085,0.672819321654128,0.6248716545751494,-0.04613668871471323,0.4465534190911163,0.07396210044146517,0.3928458124915497,0.049138491667747405,0.5913570762530841,0.8258059824478731,0.7724287008157475,0.836542948889434,0.752412397374913,0.704238950966808,0.6123966577391275,0.6189077631459465,0.17064017307156945,0.5218261731891913,0.38347559374142937,0.7032377505374192,0.2384703645260183,0.9042387139648308,0.7652868499071965,0.8804651173246618,0.7229366686128497,0.8361360785722246,0.5769221002132766,0.8631257670652649,0.12936758603438178,0.7738685452240219,0.3248696802738669,0.830921092670607,0.27330339582771773,0.9396553374240104,0.8563066521440411,0.9258008521319707,0.8079988133915342,0.9627178342624044,0.5955452721598233,0.3189155669626225,0.45805267420594803,0.33105137279719105,0.45889195217370077,0.3237733424979936,0.47502948481619317,0.8227474094340522,0.749505446763311,0.8422474185394268,0.6709706995285268,0.660169327193709,0.5226830663120977,0.06204332005677546,0.5114442064994631,0.16245261929872964,0.4639132366061373,0.06837645715511846,0.5750892235014601,0.8123726629569697,0.8026924369489618,0.8580368501738046,0.6616472859897693,0.6922446911379379,0.6682714955861098,0.6469196845065868,0.40692005736853987,0.6270103391332105,0.41117426650113753,0.7129351964904294,0.3197561937049794,0.902884290170565,0.8122437369583154,0.9046701572109677,0.7925693748662883,0.852449301482838,0.5521152285671465,0.8513427053057803,0.16648235762956393,0.7752268571134042,0.31391561819008085,0.8031512514794563,0.23729926437089477,0.9175228830638854,0.8423354732984579,0.9249202284187137,0.8050548292581895,0.9247133614881098,0.6190963820724062,0.37139619184104206,0.38466963392466913,0.356424991556192,0.3126341145325663,0.4579255625311261,0.09314356910375503,0.8834255959628307,0.7168674575203592,0.901937545943036,0.767014197001361,0.7982059398254804,0.609571208652994,0.35984558453788096,0.5075980660110012,0.45959234753766515,0.4380008428264236,0.416237699791341,0.6351987991679783,0.8552319105419408,0.801288868293076,0.9017423221893696,0.7370818934266706,0.830720544908321,0.6460465239762915,0.7016134233206052,0.23266411879934626,0.664094631758203,0.3425818666766564,0.7735836568868119,0.15359696937836181,0.8900427238399148,0.7977812330579727,0.9036182971260424,0.7414459525835594,0.8931821603052302,0.6799397270396617,0.9406300098664149,0.07838946776833977,0.8766761116692244,0.3618223555238801,0.9305432258162384,0.18211654754551512,0.9475955928322795,0.8856343452176234,0.9515012496027924,0.8515232642588753,0.9607162023163056,0.6414735911698864
18_2,1.3279841264842263,0.935161579883504,1.2871266715401557,0.8000475918789881,1.3321942405231966,0.8513415872101894,1.4263128998512127,1.3018015320262761,1.4510445124837696,1.3077254466126322,1.4326350289721224,1.129352267625223,1.3120042491320238,0.6651083173751915,1.2609994554528525,0.6182782470552773,1.3010926775706357,0.7039574403513895,1.4560832669434944,1.338847979386028,1.4646371895455972,1.173573536465892,1.4465770565714804,1.1182908872672535,1.4153549605499418,1.0371241580261072,1.3990247438588816,0.7377942570419803,1.4337133537925646,1.020338808499537,1.4752085787574538,1.360369001536511,1.4875511071295584,1.3257442313594716,1.4767311068461118,1.2262751343403713,1.5843470099601047,1.1834128108759396,1.520692609947306,0.8001456119283915,1.6050034066746475,1.2898697843967728,1.4840654672201568,1.4420889965805275,1.4536700260071842,1.3737286994001139,1.5337115324790915,1.4064718415039912,1.4030091414654096,1.228547122714586,1.3674592728252712,0.8713306340721076,1.4570779355414,1.2211977209846558,1.4579212914135042,1.3055717214127938,1.4520343875270294,1.3321623191294623,1.4505941305977474,1.31951750563824,1.433963475988728,0.9209714866884492,1.3648915907106254,0.6852072818976935,1.4551946317860824,1.003695498158427,1.4551011680655075,1.3660398780576337,1.4497094135718476,1.3056065216799455,1.4376167298067364,1.2711681354359468,1.4709372313769582,1.2466339723764912,1.4483986272440987,0.8999656082243817,1.5169838205008073,1.287749628955514,1.4808987113984444,1.3441660741238826,1.479750234454657,1.3755589149822027,1.482482164400588,1.3344757844561963,1.5528272759873691,1.3501791783645114,1.5025846961650628,0.8077058332415187,1.5884891819207223,1.3017396947263706,1.4782148273497495,1.4163381273458189,1.503823333975181,1.376338659640553,1.5041004705034273,1.4419026175037357,1.4157490212314117,1.2064273889057058,1.4226795059053194,0.8249832459244022,1.4311803821232993,1.1662285671399604,1.458516019293297,1.2993342654488966,1.4555572555965322,1.3558122265744583,1.4551499818027878,1.2799185062497895,1.424440371278072,0.9585008391013907,1.3589131881758083,0.6934203148453264,1.4175705596686874,0.9753649061785978,1.4304102772900988,1.3615176499263435,1.4315883041015924,1.2786841865039649,1.4834217118277506,1.2264399273113644,1.478987243440085,1.2840266185638227,1.4429606114167584,0.8398130286953924,1.4863902004618892,1.2937015388133422,1.4714345631569634,1.376491732727352,1.4573530055750705,1.4156222384773998,1.508206333219597,1.3870210130857545,1.5622607410977307,1.3662943370872276,1.5163217112451342,0.7287352346996955,1.5762749703701515,1.4163053930762184,1.4862318488291892,1.4089293584923317,1.4985238171800743,1.4003904902076405,1.512905859374048,1.3674680219709787,1.4335687680303222,1.2637498959983529,1.4230059168750187,0.7358418508553918,1.4727394063000452,1.240442037348593,1.4605035001331372,1.323651085532639,1.4731766798505135,1.3505764969394491,1.4441754162158082,1.2783790870612646,1.4700231319197365,1.0258085260103145,1.4129182485910328,0.5592123254063319,1.4776583511353494,1.0783709261280956,1.4521697991285847,1.305884745563731,1.4646121918274433,1.3649331990050115,1.4706562902482414,1.332319285642457,1.4938678234732656,1.3141323717904854,1.4615026477033701,0.765993118582118,1.5077189452545945,1.327975878439086,1.4979013959789897,1.3326896544273619,1.4712768804737346,1.3749064723006719,1.498118495431457,1.395786572433346,1.603842193219444,1.3588388607039426,1.5297882065003792,0.777037837419218,1.5862863439273043,1.3992224628831602,1.5162115145310227,1.4082659118991117,1.4985487274754656,1.4346026757584023,1.5323651673571341,1.40792381291043,1.1849116465288914,1.3061499445589095,1.068703173036371,1.170015428371059,1.1592597477336597,1.185125478978714,1.3933539090726155,1.2491606887536555,1.3704610936796497,1.0947271247484525,1.2601690832249897,1.075747893636275,0.9171747852229274,1.162541170743433,1.0259302061803002,1.213130099222343,0.9207719628478348,1.2461501194268327,1.3371957502841711,1.2811614996152987,1.3828293526159572,1.2490798034830553,1.2093976487870033,1.2573308880471346,1.3096096979079839,1.1514102993011517,1.1907132089917625,1.0735315021245044,1.325164827085737,1.1333662899786061,1.4092660345237256,1.318015897077156,1.3974696855870468,1.1130689757135959,1.4271755122464114,1.1507165882874784,1.4754532537101421,1.2809848678265534,1.1959208941733679,1.1231396733463304,1.4755731568607742,1.4581256045374194,1.459360904529886,1.368612709354249,1.4945851954488711,1.2011554964216296,1.4890223810555903,1.408580554152101,1.2995461860865158,1.2834417804481726,1.1194965301629713,1.2005113593833712,1.3078678199247802,1.389774232772455,1.4379411020715633,1.2676174121508286,1.4123582769649619,1.262439389332991,1.3824078910621045,1.2347553794566488,1.1624862847318016,1.154490936801577,0.9563184922208305,1.139112230452681,1.2016153982902167,1.1647790295781582,1.3717855198004227,1.2743805379002626,1.3615287739151265,1.2224263518308232,1.3431983318308953,1.2691830116795302,1.4316028267091776,1.3620406053125615,1.2110599688540018,1.0916705419714972,1.3939099655580347,1.3382106045446986,1.4561348565150973,1.397955235761555,1.4679240472742103,1.164463993280439,1.4390942592110343,1.3592117892124382,1.49321479040857,1.3610759649595394,1.2233030829036642,1.1760734375144024,1.5324497341986671,1.357751907150742,1.456931955764808,1.3994625634822615,1.4761972756806416,1.2240653315241259,1.4830257002318437,1.4113411038852421,1.3796589853187362,1.392227239140676,1.3582011101539133,1.2807461226174293,1.3839032478682085,1.3258291909134121,1.4724685975829974,1.3780834165207627,1.461109253452654,1.3001533847477271,1.425077871881201,1.3544381662021427,1.344675309150168,1.305916793252746,1.2032330046950412,1.2088259317183538,1.3968342415421033,1.2269497503432745,1.4607873317023334,1.326622749796033,1.422577331674325,1.3439550689146158,1.4516935066730954,1.2887731552860286,1.4625167609735445,1.416329924343841,1.3348939099477246,1.2989394038623163,1.4662235733397921,1.344554584405593,1.4256800384794095,1.3978596418445408,1.4407867554456104,1.2893457738400877,1.4869392153388024,1.3834833502984212,1.5394906644094175,1.4131961204907089,1.4129092933909804,1.2025385159989566,1.5459139995084439,1.4264865945055907,1.4837162770750976,1.3834776159181077,1.4929300479961556,1.3151688561816794,1.521640595089958,1.4444329462838725,1.2515520879992474,1.2090889965134368,1.158047072042318,1.1101605637161298,1.3516848400179955,1.131210900816326,1.3991582261963655,1.3166145742181699,1.4149648383848454,1.147817353106495,1.398463432943053,1.1767211801752528,1.216378180507865,0.9482361063187579,0.9410812367599171,0.81192464888204,1.3005978543162484,1.0642636347841672,1.415555602204866,1.2971944388440422,1.4281654362437939,1.1662824646758503,1.3734165903053341,1.213578482493477,1.392248714898048,1.1985417580151323,1.209577722481535,1.1292197773493489,1.4178647132861462,1.2216841456848457,1.4026492445910757,1.360235308070288,1.4082661438340716,1.2200677288830888,1.4671459804860567,1.3099196758803981,1.52793666466008,1.1984135100889457,1.2562432280083886,1.0445890517924028,1.5363473603509314,1.1585869178049844,1.4605298843773653,1.358366917430192,1.515595763274866,1.3743568561673878,1.5029250072341995,1.314833857955276,1.4272262461785108,1.2050172490508855,1.4577664410298754,1.2001506719057233,1.439290248751841,1.1121485336830796,1.5901038860192622,1.4693105759455887,1.5938527892703218,1.4501829977661487,1.5528323179835175,1.3205549882874692,1.49321496351431,1.3925938494277346,1.488576486382664,1.3558075961694878,1.516293550201098,1.4097881023097976,1.5591599495314448,1.520594014618952,1.5661135342612997,1.49488750433266,1.5585394536660582,1.5056153218779578,1.4992591758909481,1.3294680749915282,1.4835618928219776,1.2690548662184717,1.547346718990635,1.2952573144776143,1.534077067089872,1.4376831245885422,1.5440872298332393,1.4260951346071955,1.548878148186032,1.4170807497753524,1.6291178417855527,1.5680535926288242,1.603418598445704,1.3726525182641627,1.6221157309168361,1.531364996999782,1.5600309720179153,1.447945470088975,1.5667573033422246,1.4892801083975902,1.563477894860232,1.508450513061914,0.8224989458629748,0.887356029687823,0.8132390239904339,0.841294629744559,0.9176436281257794,0.8673284712364082,1.3750902148182076,1.2683819884712741,1.4031540439133157,1.3205426425146534,1.2607252737006986,1.0174324428226336,0.6691409933526581,0.9425584023551135,0.7052193898354265,0.8729123064913844,0.6934580591967936,1.0744784367434081,1.3917892057148795,1.2500908177733994,1.3993872969593868,1.1533444051319222,1.2766541673066907,1.16975556588564,1.2358260878543337,0.8843652083240189,1.1523245651778475,0.9062545644013854,1.3045169867810162,0.9349939992088234,1.4665824490907904,1.3055541186526636,1.4527342762010993,1.3222651432948713,1.3843624373764551,1.0838937305253127,1.4664986153159794,0.6385377052627632,1.3619768693388068,0.853636322078621,1.4379653779430823,0.7110611776214435,1.5126255033930525,1.3787853355847473,1.483827531310979,1.353024581530469,1.4674122599962842,1.1582144806440442,0.8845545955664006,1.0938619792197066,0.8801783074134214,1.029441668420609,0.9472656039390959,0.9954079226382275,1.3698480778044677,1.2648432186376046,1.407070729079337,1.176335680805401,1.2644040540960801,1.0737812177941612,0.6984335269158788,1.0375533461415911,0.772751141868779,0.8647121271067432,0.729258383598971,1.1395350258163532,1.3730511380055803,1.2827303275846695,1.4116024092922954,1.3015125916835424,1.2341973335807737,1.1514235402648416,1.2570010314651177,0.9173109013988574,1.1245968104215756,0.8879800548912132,1.2980079353784264,0.899372810254557,1.4277739469977098,1.3009066215093747,1.421720758334976,1.3144867628595114,1.3919144754546269,1.1464868893584308,1.4502919528286047,0.6973431829242775,1.381326920927005,0.8895032519933487,1.430027391551511,0.8044274156015355,1.499697470187357,1.401717808046234,1.4820588489021596,1.3456502294166637,1.480427499236277,1.1280666218544693,0.9842201846967282,0.6354363399845981,0.9972209354619063,0.9033143955670615,1.0606220381411433,0.83520470477328,1.4268467614421032,1.3600471808342651,1.4659772239623459,1.3131586355268208,1.377011639615114,1.1424952851544823,0.9953462695494939,1.0290195674261693,1.0144864288979736,0.965272093110712,1.0046984602329905,1.1084776581769025,1.429641787263982,1.3303313067157456,1.4616508612065229,1.3460086688589863,1.3758455447698479,1.1524623931744125,1.3192924406844133,0.7947529054086451,1.2337330662958996,0.900036803819572,1.3598586136305122,0.9184741323635319,1.46506222769573,1.3715415609295336,1.492079183195283,1.3599019853930812,1.4520785408416432,1.170584232880071,1.5272626382485872,0.759088769900911,1.4352790732459495,0.9662474774489284,1.4815736738425243,0.8352673861071196,1.483299256233099,1.3675254994740325,1.5067338049506036,1.3956312904369377,1.5100477194071538,1.2576635953034903
19_2,0.9626090071923389,0.8182592977888978,0.9071615710938528,0.8265901682810619,1.0006251143860574,0.8280541160767783,0.9840113782449882,0.8707842920587424,1.0097055506242045,0.8554410330866299,0.9644654926038407,0.826674877803923,0.9051956292678821,0.7776906491355359,0.8857671302077064,0.776540772414369,0.9173401898990291,0.7891217838012979,1.0005776120719927,0.8643591549319946,0.9969981770751203,0.8479682712696682,0.9537997384973689,0.7941410278087755,1.0873047641790592,0.8688529473332346,0.9681672791072174,0.8122189189648408,1.105277191499071,0.8602280873089139,1.0266961231012808,0.884075287621539,1.0115068534386693,0.872943547769768,1.05421076794293,0.8536512482995199,1.240598308464173,0.8248665328286687,1.0389015823727632,0.7938548183545169,1.232244382271753,0.8389432553981895,1.0468037590350456,0.9192056813047685,1.066629505424116,0.9072472527286947,1.1016351320044564,0.8822927704258314,1.1225864172950861,0.912919965755674,0.9737854809663404,0.8274126785890552,1.1314520922837286,0.9031957696280782,1.0251977450820793,0.9318873105570863,1.015661660204208,0.9245162757762468,1.0436182277381123,0.9005428865700256,1.0697519273872327,0.8260936175636859,0.9769112882774461,0.8073871949676985,1.118763559465231,0.8470485745217065,1.0328279025084095,0.8996421640529235,1.017915932665,0.9017568042681335,1.0469708491691883,0.9046554787498324,1.1819142176543185,0.9200784088020193,1.0495645799319226,0.8233078620691062,1.199471344075244,0.964745522711872,1.0532963786879976,0.9470687367664726,1.0532908442836253,0.8902263079033653,1.0950250784281697,0.957301658449542,1.2959454729943705,0.9435495150157504,1.0251502714060732,0.8040749325211947,1.2786146718574851,0.9602027416578188,1.100861346490506,0.9351497991688477,1.0853979448924806,0.920052389800405,1.1401451580627582,0.9409531421260444,1.080229580903761,0.9080997921697392,0.984498737813757,0.8067831217227561,1.1268921407957055,0.9123006912558465,1.0309589601513032,0.9058487750668948,1.0165977186378117,0.8942978416129349,1.0599824755753868,0.9229142490030614,1.060702554243418,0.8337098908860864,0.9504414189948177,0.7884171944501128,1.0936682831893234,0.8477403278618538,1.0262056846546894,0.903972290969809,1.0407854399934717,0.9027606907992936,1.057116932223622,0.9136627665344366,1.1962097301499142,0.9229016522467682,1.0264015106034725,0.828201951757029,1.2000278984143962,0.9402433904613053,1.053523836627904,0.916087615051773,1.0618057123573887,0.9374561976414362,1.0896768258981526,0.9383808094547328,1.3463495778935743,0.9326027338762487,1.0821062706586995,0.8040774476535989,1.304270139976494,0.9515605033850907,1.107494633305204,0.9388717803681579,1.1149513555663009,0.9106475053053227,1.1197112809114613,0.9546438303392967,1.1449160799008893,0.9121920998486686,0.9829476285704413,0.8331157616294924,1.155920281737583,0.9159840280399077,1.0443783372088056,0.9234123687069068,1.0461188463278972,0.9165158166775194,1.1125036336621665,0.9185954855513069,1.1159081680690872,0.8339211168817448,0.9842136853820505,0.8148923857930496,1.1566080156640994,0.8508007345111104,1.0354894875852976,0.9182152007882011,1.05748279109101,0.8759283956863374,1.059452015383209,0.9172330105113118,1.2609234474873543,0.9671891133307883,1.0463581231184897,0.8042723996264781,1.1942491250224765,0.9684209754069649,1.07216792347587,0.9245275688846729,1.0762118971327028,0.9261632933459402,1.113585827711405,0.9546331682677446,1.3537286279949943,0.9523673684287036,1.0596825599585793,0.8016875653768235,1.2755611641689202,0.9839896747494774,1.0876878891675803,0.9367050050278165,1.0817190660103515,0.9073697849885695,1.1406645516494613,0.9654083738629248,0.8767776235516834,0.8267450723955551,0.8584178837837214,0.8209451527005149,0.8784207519668137,0.874926578326481,0.9490746695959753,0.8575801919425543,0.9259394168077433,0.866809366496752,0.8961971503671241,0.808576344060726,0.8119559450717092,0.8257348846628183,0.8322143869710039,0.8291815887456184,0.8189038895265502,0.831307979616803,0.944057044959782,0.8418729808025038,0.949462889016177,0.8054979532895049,0.880943114157228,0.8306793567398326,0.9529840603891161,0.8657894844282645,0.844542107584026,0.838380021533579,0.9746604320155776,0.8249315328608132,0.9929419736074911,0.8816074351931873,0.9847622983092933,0.8428554642954555,1.0120660209092252,0.834219647140255,1.1422796876849768,0.9042090341760213,0.8666405724412893,0.82725524277081,1.0754065658424359,1.0164055954822282,1.0628356529910894,0.9019221301246866,1.04675711817676,0.8521987765808868,1.086782723049433,0.9069532915209603,0.9533601778192518,0.8817584773539664,0.854301010385326,0.828394324596005,0.9732212029480352,0.880739051899561,0.9912206717570097,0.9116167308813982,0.9781253931351996,0.871493887676055,1.0085091692145176,0.9160579339850664,0.9145997982182369,0.8379338914891771,0.8368760079400085,0.8199774833756505,0.9227623467125974,0.8279075953417082,1.0032743594298354,0.8986173419489113,0.9994155866310604,0.8446475018819577,1.025808433972714,0.858319097140228,1.0911249059269335,0.926175836548413,0.8810724688370096,0.8539236327938743,1.1097932009194793,0.9248118955855553,1.0521809973089578,0.908543591418327,1.0594187408019768,0.8315994098686448,1.0570930535139194,0.9291200885588994,1.2300543823111119,0.8922053791687792,0.8754571129498525,0.8343818954656591,1.2101063695811265,0.9333806889045221,1.0855123518284353,0.9410598774124161,1.065595802051767,0.8647953418936437,1.1120336660031234,0.9176477539830318,1.0383413849683227,0.9249490661242097,0.92198248287333,0.8262050924107368,1.0355206899001999,0.9003981097564617,1.0617664969927487,0.9028725351346579,1.019300170329617,0.8681479032698931,1.0617776265514045,0.941350664083341,0.9835817269666175,0.8817799574458406,0.8619810893866416,0.8249644967727497,1.0310945842823747,0.8683548272782965,1.0278667697607111,0.9243967475234146,1.051239473244666,0.8847604381905061,1.0653412785717449,0.9319661368340152,1.172478515185075,0.973865991761925,0.9097695734313789,0.836524612249247,1.1587853067623233,0.9453048765612276,1.0806733788139853,0.9073077705577989,1.085280208085424,0.8815996391316495,1.0758899407418576,0.9395400908658151,1.2751189381094792,0.9547178531705224,0.9051255438525879,0.824807864676859,1.2712212365939592,0.9704045250241091,1.0886615610731956,0.9484187450308239,1.1272392961164328,0.904514521834824,1.1351855103998687,0.9554633445538013,0.9842835698775144,0.8616196877549753,0.8465368140161306,0.8182044121482972,1.0145503904206206,0.8758868021196401,1.0145910313101336,0.8902358877149991,1.0125835651029036,0.8384438770321381,1.0251509216298424,0.8744705470344828,0.9324503648181741,0.8286279872642498,0.8364547721109752,0.8238644256848398,0.9742467780344508,0.8177234593060473,1.0090177360538137,0.8892035498148101,0.9818351592852147,0.8466029733327662,1.004849593340061,0.8649398465753827,1.1125675230582386,0.9047604951165754,0.8509080229872373,0.8253038160112661,1.1380968338490816,0.9207491987142596,1.0500037396499935,0.9040372705152135,0.9837821188530977,0.8291165286292604,1.0484342408288394,0.9194864741599464,1.2138229222191443,0.8744824041415792,0.8676930500177937,0.7970001992488728,1.205163093140553,0.8979368879798354,1.0870456660385415,0.9353271549835102,1.0479916180434374,0.8756071683389334,1.1322688910991447,0.9333846313879262,1.0761262880766151,0.8509593822407944,1.0450673298425788,0.8587902839092308,1.023558631728176,0.847252526199302,1.0305813163842406,0.9331375279671288,1.0941329932374122,0.9231038280293434,1.0170831643263736,0.846720511361005,1.0825920955470882,0.9624947823634202,1.0454412992689122,0.9633945822280927,1.063951286535945,0.9782715030530256,1.093301082960272,0.9932276779364584,1.0950533398239146,0.9864309294700605,1.0875256782598461,0.9907382926734718,1.152276896806152,0.9351658607139375,1.106495796979295,0.8754514148086303,1.119218549250881,0.8950573742500227,1.0892529644951359,0.9408285072872934,1.091362655007672,0.9468918029301759,1.1038196957161774,0.9196769936192237,1.2907532805599269,1.087232785347636,1.1922523863021048,0.9823803758604543,1.26321673959314,1.0698361400271152,1.098050685617399,0.9661645969786793,1.1111461935569176,0.9797613330143963,1.1489100943315267,0.9772381506513383,0.8116064906905142,0.8107185674565842,0.7895544727162672,0.813152900061087,0.8383216888441586,0.810590430071094,0.934857775649395,0.813098543794454,0.93815224750491,0.8187019650600061,0.8861054396549062,0.8013400092987094,0.7908985282402312,0.7595149975928436,0.7829891570865843,0.7738481407134333,0.8027312269573267,0.7643317764681027,0.9372220161948727,0.8435033920681431,0.9390806049735919,0.781398981139438,0.8561659783376787,0.7798414793571099,0.9343127434115196,0.8127651475135986,0.8634592399078181,0.7785769814179823,0.9575625634722217,0.8241178326799871,0.9921195007336847,0.8627100357188479,1.0134833458652763,0.8764544397955006,0.9978077414839939,0.833739388460792,1.041009262216199,0.8197992649364177,0.9317692987977776,0.7923561447003509,0.9807784369645116,0.797268384074627,1.0451860214243904,0.906696421828683,1.0657263070180902,0.9049886740822465,1.023746716437619,0.8077718814904523,0.8372893572973665,0.8387191003658706,0.8200177384869033,0.807519713408489,0.8520619692474635,0.8315415284590222,0.9373847737542059,0.7926880709312994,0.9567832303197508,0.8303347889778017,0.8773517582746163,0.8047690294864006,0.8109464575792577,0.7826790704242327,0.7887414269647437,0.7768866189961874,0.8047634790928201,0.7696122557510369,0.9242913749355082,0.8503605197970469,0.9379870393968588,0.823419333796632,0.8553966420657767,0.7699611494330318,0.9205917365650617,0.8235425719268188,0.8797656160169016,0.8158844936552637,0.9775652213107248,0.8238432345900355,0.9935880197595086,0.8724571506046506,0.9898297748406497,0.876096304549424,1.0001864958590365,0.8286891473551935,1.0005083190528457,0.8088789063086594,0.930169139190975,0.8096173713421998,0.9752607321144567,0.8288990653620483,1.0418749530596,0.9073227405448568,1.0455813937368068,0.8811694992950078,1.0117904373066384,0.8387677820475798,0.830733187430943,0.7862397780817034,0.8038596231866232,0.7938372860320559,0.8438590153342902,0.7920011638208111,0.951811053106584,0.8413859292028725,0.9550617705646589,0.8301455271326866,0.9207236640505795,0.7934163944645904,0.7945293778227307,0.7602507515388324,0.7947554499961227,0.7290579598051773,0.7764936133138582,0.7825778992694632,0.9523890812658159,0.8475146377895351,0.9506786732746122,0.8232922320935426,0.895247798217633,0.7876382781147249,0.9478073020693315,0.8251056996355359,0.8592136091797031,0.7884349858958467,1.0180626192198363,0.8143228538999955,1.0055331459065808,0.8612656799747371,1.005624139656264,0.8710230301650863,0.9882385396204727,0.8196235038099463,1.0772558714929001,0.8228123287081525,0.9452870430815707,0.774322439337939,1.0666532460297906,0.7970857246073848,1.024056358546638,0.8908473676182563,1.055528160422577,0.8691159191488694,1.0890412520995882,0.823265196661866
20_2,2.948684413011318,0.4165587721067025,2.15230980974933,0.015331313848606382,3.2193365905416895,0.28293306685595204,2.087552240971767,-0.038214724686034075,2.51070732870509,-0.0636228486539201,2.3848030221916563,0.03785234287642904,0.6845821312944004,0.13041692475789463,0.6049065350446553,0.14188763877974753,1.748016097058936,0.2306680716301394,2.3367018752999895,-0.06999212240141547,2.003944871215185,-0.15521230414412823,2.5774103403580124,-0.11258496492899621,3.8946465059194275,0.4825675877663855,3.3711915538309,0.08327878515394548,4.062132837643863,0.40148870950921384,3.3018968702826292,0.15194683389898977,2.9259813890178727,0.05128396231739004,3.4985863033042657,0.17325311982720595,4.506939907163097,3.116774994943587,3.6912129154721933,0.17921068519217478,4.459063058143188,2.342437974584974,3.5140224516687493,0.06425616277529456,3.6199506494942,-0.006322567788974321,3.9728077166706095,0.01592511949394156,4.022679846221186,0.5486847709118596,3.319539215752855,0.13845606643619518,4.169514411085324,0.49666635637653744,3.2006474702505856,0.1525325241657791,3.2755997833501325,0.07293659182477638,3.5639212943027494,0.18454014934082758,3.7962039644275407,0.4508875589047336,3.0510935991116024,0.08962579229873097,3.9766330418048845,0.4204027977377735,2.8421645431025584,0.11890456983526322,3.3406836311558004,0.0633128976442876,3.5656799754567814,0.18136355939615062,4.358794719888136,0.6289260446759551,3.6714139808304855,0.08226382623191943,4.436334351842669,0.5548683942981197,3.431498256447006,0.18582476765275938,3.4069622829774993,0.11686410820879264,3.753810120581339,0.24002150088314067,4.576373435456866,0.8098110810436384,3.973847856687296,0.12485655234738972,4.6248397493492766,1.320671278201585,3.903723497357617,0.20838358731864637,3.8906021438097147,0.1264774076373243,4.106701539256394,0.2722712596937958,4.092267061598769,0.5331159431479376,3.4181873285043785,0.03510273001187187,4.080674786900024,0.45485352599414347,3.3212620215715347,0.17575393465604142,3.1437216795214997,0.09501653191786077,3.4607667927828416,0.21566235864247507,3.802583241431578,0.44847601558381245,3.098377135924966,0.08323314395005922,4.000962622823961,0.40806897873350134,3.0429784474482604,0.11737385221614824,3.0836452005384305,0.05994599700550922,3.5025924637766797,0.21598391539256673,4.348060042230521,0.638102707764969,3.550264204293029,0.051169076009203465,4.35373140932986,0.5342127753405317,3.5350823326595813,0.1976189267971786,3.4386345303367585,0.13005369120478238,3.787643616673807,0.22252619164790394,4.578597450216283,0.6141306976940409,4.028907206354225,0.1060966222751309,4.559194308777906,0.8531809997615979,3.811534006668443,0.1864262563754385,3.7878693827197587,0.13942380965231307,4.088230703881768,0.24933466183218161,4.174288429403238,0.5485540824369831,3.507855983818587,0.10548127471455307,4.246904372321152,0.476477154328108,3.1996645482469637,0.18837971272389012,3.2626793709432103,0.06797927324264022,3.6882950007342687,0.22718771853525355,3.936332154843467,0.4846092789091431,3.2650337128012468,0.10140696087539793,4.0687607769718355,0.4362718347444819,3.285821075098397,0.16425418545284548,3.3397342440436324,0.08664152701730427,3.5356478722415448,0.19432413203330381,4.403397680133452,2.118206013668821,3.77790081912537,0.07770736747923114,4.343293457765511,0.6011368364313056,3.672174904097708,0.2069049762826592,3.5843966359804824,0.12219459807573249,3.8285286624585586,0.26005332712750084,4.682983042970982,0.6265376967672036,4.03212459057657,0.1276527628895836,4.654623468054402,1.7320180041393274,3.8287174762423763,0.24781412009925163,3.8287074730337403,0.14776826398546408,4.131052243433258,0.2925336436488736,0.514489377626487,0.14571123732993654,0.36142742825318214,0.24265845789809368,0.5242054372269065,3.125134157204192,0.5581262770975923,-0.22889614681645062,0.5449826747618539,-0.1665387293234249,0.5363905268721528,-0.03609967667854654,0.3176867252491632,2.1458334058522186,0.1806871682071807,0.46367761695458065,0.3271865503829661,0.4934803828192192,0.5178475242676804,-0.24433766197644305,0.5128676065568013,-0.13159666298317657,0.48007166986263117,0.1271701826510266,2.5735096958731094,0.37045357844336557,0.4391086718897005,0.17951035768191517,3.3337633869024907,0.2760080587594787,2.4481717481961427,0.11833724458346899,1.9889060706609354,-0.12706468862713644,2.766454868084568,0.10347845107338019,3.893636679306171,3.869173856760981,0.4766093740640642,2.777604866066998,4.038038231784861,4.090304328432786,3.5018704272362786,0.0015781949552490975,3.4083653155718476,-0.10776235254690672,3.750441331083403,0.17740279845990714,2.5916822692375923,2.6601576052459786,0.44481655228525413,0.2460459602749785,3.10100027531051,2.6347864318259657,2.4931421612227287,0.1546700286419296,2.2197177646177884,0.047425851500999525,2.709035596872006,0.18418490587654793,0.580117790910136,0.2984509029595356,0.38058638498885283,0.2492250240764004,1.4908090298727112,0.31903028130958566,2.371848943202413,0.14354113707149263,1.8832270830155466,-0.036120390084394244,2.5288047386977097,0.15217838063342626,3.9699039144854615,0.5246819789445624,0.47729997001255725,0.2350516928428953,4.018788953268389,0.49000557955771407,3.254207937005515,0.1914567344963722,2.9890925851030072,-0.01310116593615549,3.592115020135312,0.24210365891556132,4.388761286300023,0.5386081139668174,0.49066026606210794,0.2438719750335599,4.4773893391739765,0.5261167562367912,3.7050673845846487,0.21218356608595285,3.620038706972928,0.023887978324289127,4.014961368658684,0.24635749870268409,3.7600342921374916,3.3743520752480203,0.5091429408129188,2.9600724857488485,3.8066296722845796,3.2400879045982367,3.2631268944149734,0.21012172598458606,3.1641283254484405,0.03574086055433543,3.319886030788432,0.21827177249737392,3.003670393771593,0.41264811373627136,0.43575239970843,0.22949744968793143,3.4205771481419984,0.44411772993455867,2.9069065111481365,0.1732557019002513,3.084968513793399,0.021690598690237355,3.2613847051106264,0.22568066570716586,4.206855265447315,2.462995910126176,0.5787295665011013,0.19818861374208357,4.308170609302454,0.569160099771408,3.453639750363384,0.2254387251789308,3.5388146859761505,0.022486978508778663,3.7222742779962545,0.2473985949245038,4.620566057617933,3.330319232862581,0.5548428338947107,2.659173392527026,4.594699069031447,2.9892206502941088,3.7845557493351762,0.2578610614971257,3.6833032349081023,0.021526695051593575,4.046529753042408,0.2971334009754768,2.865178004889451,0.466273139136719,0.46494173389891186,0.22930985680560267,3.418779072922809,0.4231699863016542,2.516311489091859,0.12626050914779038,2.387845941773788,-0.06405233823139658,2.939401878048945,0.18392403591023107,0.9450505324508097,0.3338441085082325,0.40689528869651237,0.1884913329896106,2.7098606660548374,0.34050258584976517,2.0133561946451892,0.1501321111190836,2.410407186263822,-0.037308295463169265,2.7625070830342358,0.17724522528321018,3.983910811175908,0.523938690723063,0.4951626652129608,0.1977595645341362,4.13482198999822,0.465910813706107,3.344964404278767,0.17473513701185625,3.090767939867724,0.03398193424060289,3.6617745370025947,0.22938616410105506,4.431500307296761,0.5143858131595628,0.47766762722340067,0.19055224407483065,4.3982441185459304,0.46572411513177514,3.8151846824942512,0.22204317650017721,3.331742115678424,0.0369995374869451,4.004271438825581,0.2593249271953112,3.748787115820558,0.4329261761368479,3.851820620977381,0.2651254042226923,3.8346902351409007,0.37995515925650214,3.963348601877669,0.21989266393149057,3.8842613613262107,0.176615624853624,3.841189964193583,0.21448150864569035,3.9356892741893454,0.7174039019583767,4.002277213060817,0.34844681812206235,4.056059882794279,0.562935270331889,3.890558387750827,0.235553133296996,3.918081450980846,0.24202328915510174,3.98589323894827,0.2848255514512968,4.221906104132366,0.5339761918564545,4.098949711381512,0.3043010095623418,4.365489323056472,0.47715934813041533,3.8228618127835077,0.22927817119334634,4.031823257361375,0.2238096547922764,3.8838186749267907,0.23961822471648742,4.65756554984053,4.206336540678122,4.393465604486298,0.441150108912743,4.651723125541388,3.8599855335780977,4.083273911106503,0.26524527884106797,4.067560922204771,0.2832456002852999,4.290074871894467,0.32383407281341975,0.4839717608420918,0.1601630647993667,0.48517450219440333,0.1332805129822867,0.4894953071607927,0.11283097488354339,0.5390909779249837,0.12903761612644885,1.1506128849014905,0.08733504573970151,0.5112236231263378,0.09407026350023752,0.4802572110143797,0.4014406222100545,0.47822940459808516,0.25603533070655465,0.4723688189992524,0.49586626296840003,0.5516532609809831,0.12289438578365539,0.6339330191477044,0.10774139098132687,0.4929382366032424,0.12320585068133003,1.7969009789899149,0.3882893062246657,0.5343351494059477,0.1490848488455877,2.9629469299406965,0.3039174898832752,2.5664516334347693,0.1335595635792194,2.920519903881403,0.14606661178050162,2.8302634864367593,0.1573865973414044,3.5625405715673018,0.35475901231176876,2.5801211023371886,0.2258463398763718,3.3350755341740257,0.32108087614633746,3.485242503667523,0.19740381185526404,3.7953125434642767,0.17292361773922815,3.4263620138108704,0.21542326932629596,0.48379894700354187,0.1613583360650724,0.470263323588955,0.1514079714619094,0.4958520373953387,0.1562185720117829,0.5675238143408005,0.09201336096354691,0.589940721447874,0.06260061303142761,0.5140927997368382,0.10718241221190697,0.4248518093883627,0.4638356100815124,0.43829608389877106,0.23884654127132127,0.4465848756627573,0.9258405395923353,0.529366992404537,0.1181122779654164,0.9753094289634273,0.052065812226362,0.4847868083558701,0.16108917963154853,1.9967724917903982,0.3563359486330656,0.5366692444298342,0.12838653830653865,2.887746006293697,0.29324693017426295,2.6127064461244367,0.14042960972613727,2.906801702164906,0.14074737451308444,2.680203108554837,0.14018774916056323,3.752244438853129,0.36360395420636754,2.610800001406776,0.19817502485408667,3.0763450210521093,0.28078877613015685,3.6196216512672135,0.18756583889754208,3.625999910945931,0.18002396148590846,3.4147091730077257,0.23589014870217567,0.4830170670724808,0.1486957182595091,0.5008019020285831,0.16357211149841225,0.5047167577372744,0.1874694527733339,0.5923187448074178,0.1618953081797847,1.6091685502445952,0.1324471590206847,0.5371745879974342,0.15748676004369688,0.4950881603767974,1.0619054942714152,0.4938344785068395,0.24199843785282005,0.4877359447772034,0.3473391376889676,0.7157527577369577,0.1506350117511597,1.504966800417201,0.11013679667131902,0.5460411412705236,0.18035465005252008,2.592334850031233,0.4200464471426173,0.5389721975268176,0.21257479230092804,3.302847629744015,0.37217514866526286,2.4845490407523085,0.13686270104851408,2.98740455747296,0.18349066414031945,3.20692376523994,0.17959999724524522,3.9392591439254097,0.4511165743971842,2.8831953819765004,0.262497233820529,3.7752872751647684,0.3660070992630911,3.6632292693152877,0.1760301032785261,3.6770995230361696,0.17939835954979724,3.658423722595189,0.23319878264076555
21_2,1.7318471517228742,0.5031054777966372,1.5389695380601343,0.44897612711675083,1.4497357604620114,0.45974995059640544,1.500478317711002,0.8227899520162815,1.5894224663628753,0.6760176841351718,1.6322500630594707,0.3008967454790728,1.6680641696407958,0.6441439549787262,1.6196171565457103,0.34168147078877975,1.1110447794711,0.5786051887445294,1.5424348813922981,0.7274530662231351,1.640698034033723,0.7241984093207433,1.6132392112471485,0.31369947914609836,1.8297650822234626,0.5348616919855019,1.7495874505217333,0.3008964043228247,1.757906493430852,0.30724502662412223,1.5915444901586053,0.7851086983805613,1.632091923573075,0.8052976387813797,1.6431587574963618,0.8438912981867153,1.8640722562295273,1.0564378309732847,1.8327068286191324,0.3010102230021443,1.8496503220344,1.1719208248070878,1.6808570208009013,0.8532010327022866,1.6366587347605839,0.8015692383137267,1.7194699496796124,0.4147979359454401,1.5187077190482294,0.943931196062028,1.2056231969476496,0.3276043132114447,1.4878082333560652,0.5164185778270788,1.5940727809625403,0.7961872087344138,1.619616975820628,0.7927434945579519,1.6871525706071633,0.5755885763245255,1.5211413425322984,0.38718170034826593,1.4026675706393084,0.30708909735387724,1.3960610074725206,0.6452269234984368,1.6146234083443314,0.8320846092354564,1.6872913423044635,0.722523019133804,1.6949550337339092,0.7036772374535368,1.7879548088876058,1.0421945086731443,1.8086047136575136,0.35436627060490916,1.7527993234077588,0.5894476227475854,1.6259660486027547,0.8781344017405645,1.7054376569569007,0.8264087162283198,1.7023245928771225,0.8507386644463074,1.8595662768110053,0.9085955838992205,1.8161495518991293,0.2950321303174427,1.8546191618787657,0.8084687003577934,1.6987344219102996,0.8908193117687773,1.7134328336532307,0.807041364201997,1.7531207945408338,0.8769372506745348,1.3282261224432887,0.6769876326377866,1.0321472030108,0.6360160153805648,1.3047607900592313,1.0645041273674394,1.6549235521840637,0.8161590700014516,1.6704934048848068,0.5941528282928215,1.5865977266489202,0.5823364027433534,1.61924199300245,0.3609616432023501,1.2617845508678502,0.4518371882324644,1.3109606739040813,0.30090075744427913,1.6132637449702738,0.7512536906945595,1.6160212140548185,0.6983480665671996,1.6658867303616685,0.5667934535621185,1.702645540509345,0.44931303531731787,1.3704337290244153,0.49576249395163935,1.7556267010773714,0.8463849913696035,1.633092215788088,0.8910231579829249,1.6585032934950845,0.6039121352271102,1.7059488774337335,0.9309513209422301,1.82758142517734,0.9431502389835619,1.770700441706284,0.6675829531668543,1.7959491062072468,0.8403538167382382,1.7070773976865006,0.8237623725102783,1.7195290925477762,0.7526479432186179,1.7250211163865663,0.9376451034734096,1.7729401229579624,0.9538646897642657,1.747555066366577,0.32610429704652344,1.754613521966029,0.5952048248346722,1.632264332054298,0.9413139735978495,1.6264513808575998,0.8760588836802594,1.6839250647241535,0.8845841873622633,1.8099486472187185,0.6022816851277544,1.7775297335365858,0.42546431066729523,1.7815456039755104,0.41119845065820787,1.6561760166586494,0.9276276006008499,1.6451090979850158,0.6557777272226722,1.6795886806237992,0.7315307449266534,1.8556171979961227,0.6123067323997682,1.8372297802155793,0.659517707613163,1.8184582999301495,0.8817181084252939,1.69150078724793,0.9235879576197054,1.6518633779268037,0.7628932472108129,1.7094489448407435,0.9445301349033531,1.8691868828053406,0.7357028170396387,1.8565583102483534,0.8136203002395127,1.8656990004880183,0.8767563432211933,1.7097235943552296,0.9314963836373319,1.7244962275749738,0.8005824729697515,1.755937014699137,0.8901264425337555,0.3237734451199429,0.8888013528662126,0.3273204988195231,1.241939116778406,0.7471226301880883,0.9215291173979743,1.3575985237222863,0.43459816773443,1.3089361564416606,0.5010879035697817,0.8369406432902763,0.3601551922408845,1.0018496027541155,1.1149929896288244,0.6017267763013302,0.9791517142420608,0.36142867309207094,1.1705047234676773,1.4342510681894451,0.45522632181188927,1.3143295294314308,0.32171628314511136,0.642113180649897,0.8419566310057508,0.8913110281734821,0.9982709836996846,0.38230449940177846,1.10896335110218,0.8969880042975222,1.0182312661806996,1.5526021233387455,0.8805912479350357,1.405130224101553,0.32779295049223156,1.3816447898583502,0.4489975879137597,1.3488850356126503,1.4294628558561508,0.6679470616275965,0.8540831986002103,1.4181076049854646,1.5969177677892215,1.5649989057991982,0.8630338825543002,1.5821069899292335,0.6109471207550615,1.582829572900875,0.5778373392447529,0.9420450913496381,0.8414379230721168,0.7971083280628529,0.9950546038995044,0.9170182603515802,1.109203952877272,1.4481995353684092,0.6429975953236686,1.4410207437603872,0.3037335737532045,1.1549315814729688,0.4359029048078233,0.5133124172107932,1.2227219170492158,0.31419755944181516,0.7966853381202121,0.6779619793291782,0.9357359766135288,1.3759680249316082,0.5335358597939364,1.454703873454799,0.5057612290493977,1.233818410063933,0.31872797933122415,1.3104138025929732,0.99247496189075,0.3551526613955375,0.8074512255899077,1.23886358280453,0.9636503262331187,1.5452367684383939,0.5455315406041027,1.56301317186558,0.36157767187049855,1.5881476632326925,0.4585322832112386,1.7253220137261915,0.9165401477154133,0.5119645968160428,0.8805098960312682,1.52641753062964,0.9104032444029082,1.6514949283896176,0.8032250978364741,1.6306408772850258,0.5275510286928052,1.7195531300845874,0.5128407400220748,1.1816058916189334,1.2319570978190377,0.5758233918635767,1.1387699589962959,1.340669543250143,1.188064612903064,1.5658416164526223,0.8852540904266564,1.5130866888949857,0.6608239045307968,1.3779658791331073,0.3031330810946781,1.0835808043747042,0.8832752037308795,0.6365699991704439,0.8883287480296344,1.096745987453336,1.078279709965378,1.3735424381923549,0.570796899843612,1.5315278576587896,0.7563502276028369,1.467596790960389,0.3628945033786902,1.5303383173579213,0.8741521002283575,1.1079857930154493,1.1412970083366212,1.6563669466227313,1.032800160030382,1.5566524692376145,0.7935132306905054,1.5464947737102535,0.3887534437543598,1.5075964309149086,0.4134732401277232,1.6926044673444227,1.3292967498227868,0.7017039443661341,0.8816759991469714,1.7563106625834044,1.0751820112733217,1.6267315525897272,0.9016480364180732,1.6872314131388189,0.43066616783083916,1.704882120945131,0.6137701674511543,1.0756789789530394,0.6999640580719355,0.30401056311327995,0.974656698051272,1.2219199923117139,1.027476838359398,1.5669600767165919,0.8317819373058585,1.457584687647928,0.3511844896090364,1.5693026601239506,0.3027510619384965,0.8035696029549191,1.2407979314514186,0.3022327346759017,0.838702918290389,0.9558026766713322,0.34642501426192573,1.397914566499188,0.7251122858283512,1.3899235430230101,0.36343187333329513,1.6315316919268774,0.35907499728531134,1.2886972136511314,1.0440689654836752,0.32865367146190283,0.32404394560750266,1.3194027167807654,0.4248061548421268,1.5989499304387351,0.8775129718165701,1.5125694745310543,0.3134225119862026,1.5657752333314154,0.7404438466616802,1.7304135092378892,0.772194087281346,0.45248122323377343,0.9095658388104829,1.6595928915541112,0.5035514729545806,1.6827454389023597,0.6976662366213167,1.6244992282300676,0.6502657929328427,1.6913811132348215,0.7631882283001977,1.7283496013724293,1.0777858352274776,1.689447535450705,0.4219128745781357,1.7571265709361197,0.7479932373660328,1.6785537877084253,0.39171172992189923,1.6231420715999745,0.32646526304300405,1.6478748414710578,0.478458079064939,1.7158950713068764,1.3236422218119661,1.6756791333915786,0.4979695957186142,1.7244220796254877,1.1248997075906544,1.6787181185112021,0.4692928678454102,1.7361727255349804,0.3387916206241234,1.7034897025197622,0.48029831894095376,1.8117005101525017,1.473716567704311,1.783326066498948,0.5053570689067736,1.7947234912029004,1.2502345473578043,1.6416894506418143,0.46796862439093584,1.700111189820866,0.3315785500813807,1.701239932653347,0.5803546711336007,1.8398704678309303,1.7313864767116018,1.8086406871074303,0.7390687166822953,1.837931360106829,1.6108737857836763,1.638531406837711,0.830797809090245,1.6791174867239536,0.41878947699692226,1.76022991832902,0.9184738863967175,0.30906118703914337,0.3399235125421606,0.4973751735602697,0.45046518119300893,0.3538100850105416,0.45046308051754363,1.4384466022778368,0.34611084269482434,1.5513792355069036,0.30908175503593854,1.2512462341963742,0.3081636592279062,0.30196076216557494,1.2487543560470407,0.3682190122884744,0.30104848998299094,0.3152505103932461,1.167269750368246,1.42498215234439,0.6186224240345782,1.4553389106347827,0.3963234880306232,1.34404440541292,0.30574193629048874,1.1762824994030157,0.5010326273671614,1.1436411141713005,0.32605628406415865,0.9819388432074061,0.4504631033991301,1.4249072049121532,0.5927803726744449,1.5113902183541774,0.32250570815487717,1.4882492642313538,0.3622324083718744,1.7413497631502775,0.30420232245578877,1.6194909383123668,0.3072878482934393,1.7922216528685446,0.5010346950253302,1.5427887995074956,0.6553912019910179,1.5971337497518516,0.394689140435803,1.6320455559314901,0.5854026362659063,0.3191901731404201,0.3091148379818309,0.3107644969844296,0.8457937510785065,0.39979934401222694,0.9405114976568522,1.3990063434609599,0.4290489731689152,1.448041088861075,0.3374604176705571,1.3153009872428658,0.30091341287054024,0.4127199358813505,1.3707976806021234,0.3281720415205925,0.3142897010099263,0.32343051387376237,1.1703362933287904,1.4686623185558845,0.3130524531483631,1.52885596052335,0.3117555973616221,1.0433923457969345,0.3427341688876385,1.0481007022281092,0.7764930842745299,0.8234877952812012,0.7067563336592583,1.0687960183951124,0.9495320283827507,1.4975584307102554,0.5506707582258737,1.5562657403559073,0.319039071260261,1.5887812043267593,0.32814373953915954,1.5802803888707218,0.5011793850547334,1.4782960745988216,0.3008973667103146,1.4274616190750284,0.8324613801378892,1.6221727010828488,0.671359083564551,1.6521874138296295,0.3323704878738603,1.6874370895764041,0.6145788478082691,1.369583675443233,0.6610693127454316,1.2568326216822294,0.3136894636738295,1.1687385179671668,0.3615028923764819,1.5213321088902163,0.44374573753388424,1.4813251247353576,0.4509570887821377,1.5320538557837207,0.36523494021947417,1.2570438542269744,1.0892939037028266,1.309247481438469,0.59677248830985,0.8950209355519775,1.196494543296057,1.4935402726534825,0.4837716570588072,1.4931060446019475,0.40741752862601915,1.583649954292212,0.373399524110773,1.7307512335215778,0.3661736058824184,1.5820546881384132,0.6751509539565332,1.7285653911939942,0.3009269541324872,1.5511538619338,0.5447780880856373,1.5347526053209826,0.3333077369150016,1.6008327586504487,0.5926345694485015,1.8314577726335068,0.4299026691906437,1.7341519471242923,0.4440714035135427,1.8327513321736915,0.352071380384133,1.5497607533516735,0.7416753060127285,1.6561589905573126,0.37745438966188677,1.6832232417996131,0.6502779484147266
22_2,1.201750968950014,1.2826675545700033,0.8278751792058519,0.38702303312066244,0.9511739149630416,1.2161647286821127,1.485739844270226,0.8468680629864304,1.515373694334896,0.40489386751476025,1.4453740595506117,0.2911728791501178,1.2728226708124546,1.488680615855011,0.8555048353797893,1.514094956782535,0.9101721098002327,1.30373643631319,1.5077408346496788,0.39388011401480516,1.5703453283785918,0.3323969361158517,1.4389446721085657,0.29264897667669865,1.5210024891749896,1.1921871120064895,1.5649688600229053,0.2942427734687274,1.2812301565127007,0.3591266463650022,1.5897813116235715,0.6489504230626297,1.5687975985361562,0.6631356404332361,1.6370563191796468,0.29281856775436127,1.8212996969001933,1.2543233226231438,1.6788209398014577,0.29890405034791523,1.8201043207885268,0.9274076605263801,1.6701041136661583,0.605717016201174,1.6856547428077997,0.6779170123166635,1.7471277913526262,0.2989021950767391,1.1427680279008061,0.5151019992070625,0.993010061286807,1.4072867266364693,1.2624910576345076,1.4621204143696533,1.4904870650367164,0.7973874385265272,1.5257694198831417,0.36146361476210226,1.437017773261143,0.2927541187876461,1.2129115404553532,1.053962225882758,1.031988684140934,1.4062360598388046,1.2704215044978189,1.1391642899174366,1.533555375056083,0.6028395043163286,1.6388817596290823,0.329721245092588,1.4679021055110228,0.3255761391126929,1.6495182592382294,0.5427142688563756,1.1575675351630785,0.6077310471883594,1.4344250671901253,1.2188990801166488,1.599849873726387,0.6980948690658527,1.6463063821835986,0.3936756429589991,1.5530319548148441,0.30837811770355794,1.6807450140236553,1.4173270792584738,1.454307390142945,1.2859741058479168,1.751872541462811,1.188065733250698,1.6735169527345,0.7565752378215936,1.6447776899774516,0.6566451985919117,1.697522443601236,0.34312725982737,1.0701517224256127,1.427464672807894,1.3243293041074762,1.1511887822554825,1.1872629364500968,1.2110634555424273,1.4867325472272468,0.43468904142705456,1.497560099669862,0.4181679082283613,1.3681124350390632,0.2915382603395613,1.313710010564858,1.1925287203243244,0.9744473966602751,1.406151288134995,1.510021558397604,1.0216220066280524,1.5021392379909002,0.8293771616960363,1.5038099604052455,0.39014976455431183,1.3764002540506175,0.294092431210472,1.4797530434468311,1.56489669682547,1.1331246650977933,1.4460225060056773,1.729999112933361,0.33317954078232975,1.6414858843445461,0.7544914161698095,1.6952864099055782,0.35338857633485954,1.5598655366504752,0.5924283221926674,1.799871491505065,0.5681650405092665,1.3015983758403278,1.4063039815708593,1.777063863427607,0.83190530431352,1.6873110411784813,0.8540416819044699,1.6476605365142232,0.4502466147765537,1.7288287605399704,0.5681102215686521,1.4375755462390651,1.4822885507274468,1.317109046639832,1.1558877268101804,1.3659877989595872,1.5240538415842482,1.6412953476216914,0.8701621041353208,1.632508822994555,0.7772881551264665,1.5990305000138283,0.4634648731967406,1.4827608335617777,1.518874365335239,1.15730290208388,1.4061493730667713,1.4897197479264095,0.2914181643101809,1.6700140764216524,0.9444981286797589,1.6605620140518365,0.47962423510452185,1.7056115744510354,0.9673058698133191,1.6521029580143514,1.5041092130053155,1.422785040691643,1.490829573521178,1.6682668427470952,1.1797363689508271,1.6930835218612872,0.9331460121957961,1.708862963125296,0.7145389220711157,1.6782384076075243,0.40765827629655194,1.8171144828256547,0.5590618159962251,1.7557147547784853,0.9237364589731596,1.7979980275974956,0.6847838622997658,1.7292880362239704,0.8473994943471467,1.6730547535379479,0.6554792969127192,1.7375697829369232,0.9797193246425,1.184683504259266,1.569401520970918,0.9756886168948676,1.1075039705415353,1.009039948003516,1.3927564217828572,1.1581538528235351,0.5263164493736087,1.1250535884151749,0.29442196994936726,1.0807863126744706,0.3989116475165413,1.2972338736728166,1.4707118167057127,0.2917595824485738,1.4256732787594293,0.9041533352829865,1.594482528812601,1.2474615249246472,1.2299883823408786,1.1876933298758388,0.2929956375935264,1.2824740416588611,1.4800009010692519,0.6161139362763788,1.3568505471551013,0.3058999782003886,0.9659802421005002,1.1079704698919002,1.218448243666887,1.3497185026580998,0.42428668453441404,1.3117535557137894,0.29126801962592674,1.2250096591893724,0.9031377549881086,1.7222711379077895,1.6538349016201068,1.4120186507833006,1.5564647805384915,1.6909739206117347,1.7795310867011764,1.4348422216538266,0.3967347303737955,1.436024777062466,0.2997535884977539,1.5079915085587254,0.5971221190568521,1.3512043948174708,0.8451903742927067,1.341220644152143,1.499908071055569,1.1911284783412313,1.4540686972425787,1.3407970741246602,0.30365258508493503,1.1867720598140747,0.2950194785239968,1.2779856268209278,0.2926305225537067,0.34086063193123817,0.9056072491205797,0.695296249686626,1.4538629306483517,1.0476711011345126,0.9427401924375971,1.204609716241535,0.30799838498392657,1.3099327919335833,1.4286754462999947,0.970345002719646,1.3045728086353636,1.7273615238383935,1.3975693578458044,1.0189401428313802,1.131259697097875,1.7464038797806662,1.5356578054226213,1.3801718305845414,0.3810693718982394,1.2878894898383826,0.3010130430605933,1.298998751683802,0.4558162032279255,1.7999265218007814,1.0726277365080907,1.4604596937406715,1.211968815377221,1.7867090663971807,1.1544770684013446,1.6034347509781335,0.4984361240371942,1.562633361116201,0.2926597356798024,1.6000833716844383,0.9854890601724778,1.6585158331804892,1.54787876576097,1.3528507275977937,1.6241999120275519,1.334818689497947,1.0155649798694917,1.347182426513774,0.3068628763444037,1.3440944131662285,0.8370174931994538,1.4033323918879197,0.3415326912506866,1.4611956227219616,1.491510357539171,1.2124178650729245,1.4577492154769232,1.1748583809177482,1.4783609056422395,1.3354765407641787,0.33735360884362225,1.304919513627535,0.8983119379300878,1.5365844326722962,0.6190043493760724,1.7019607437480877,1.340172212404853,1.408699165898415,1.4262578810647049,1.7680783010680097,1.5550937084310152,1.4576366517528445,0.37867378318808226,1.3939405087374088,0.2931088656048453,1.5758355958243184,0.301243493895804,1.8042159297120581,1.4898703723380549,1.5573754337809236,1.4885494582572645,1.80107550812438,1.577455048400387,1.607877903151199,0.558958851282986,1.6291067243182673,0.29952320346950395,1.6462782071000344,0.35723258807459346,1.6075131480895901,1.4236285079959445,0.3038888587988593,1.521207374454838,1.0011286200503504,1.4051199207334522,1.3941628220190747,0.42852695494732346,1.364164208795054,0.29307443115650333,1.2645239412847284,0.29427246192139866,1.5191836362729725,1.4783097762210569,1.4790797216487095,1.2710413849695479,1.4001108574310233,0.29114660346428456,1.275362865442051,0.8684630554670342,1.367793375779661,0.30073539956301465,1.1512192485850479,1.3579128358249837,1.110871390339627,1.5201166386759442,1.3770267683639363,1.2966320910284586,1.3900715320657189,1.5378809946284389,1.450835949383068,0.6414388966385702,1.433847563777145,0.2915441033445181,1.528434868181673,0.29806875782005804,1.5023417012782905,0.38569229001434524,1.559697510494749,1.2121909603376553,1.8255529628951972,1.4913839398977695,1.6041118129259415,0.39156272840115636,1.6031491938323852,0.2927742105364694,1.5374426232541243,0.3034005601719139,1.6163996494195305,0.5166122410964327,1.578300880991541,0.37236603698232457,1.6531529969675793,0.3403697701022664,1.7640411849708832,0.39455587927379937,1.7554536550358064,0.3518764037559717,1.7066599740800092,0.380290572494485,1.645287275660236,1.1968245957788592,1.629729719605484,0.4448354754037872,1.6784913624053361,1.0389637719272218,1.7543002764109392,0.4530551707241657,1.746247634479847,0.35391133133387404,1.7549403339710727,0.46586704722684813,1.7638952247228574,1.337244493058645,1.6954019036472703,0.4233673188459825,1.7777894207570704,0.9166294339243822,1.7147064621293049,0.42436909808350015,1.6947467872956927,0.3432138651261202,1.7780076643169123,0.5601973569492774,1.8373793806689993,1.6345173591706461,1.8127368946798537,0.6391538468694674,1.8341772310438953,1.4064799023677272,1.7746363721571952,0.7366941491900865,1.6894026235170085,0.5046017030711424,1.7567439368165298,0.8337416183106021,0.3036303366017794,0.6708340391694069,0.29708555590726066,0.29114650851924645,1.1442237725953333,0.29124622704697567,1.3985147880432667,0.3216362838135274,1.3717899384917838,0.2925704008529859,1.0482202727128258,0.9185015726454695,0.2922413566672836,1.4011049286743897,0.2932400515063249,0.7465554797153883,0.2928450448466638,1.3701393158373918,1.3305435435165105,0.3044135179494082,1.4396089670599144,0.29169075078090934,1.1049240481455005,0.39708720405887094,1.051284122415472,0.2911466123056792,0.5486770971361028,0.6703806925610049,0.8754510933720535,1.2046272103361815,1.4517742663004125,0.3402141440763672,1.5035900013640362,0.30925161834951614,1.4416130753613783,0.2912994539967418,1.4223141468693155,1.2611325872078607,1.2031458230611896,0.29118090645446987,1.3225101688895673,0.29114858454308395,1.5758309037995515,0.35752616510513585,1.6391561844520197,0.3392031940997692,1.6214455904931881,0.3089009667188184,1.138212849855642,1.2164472956196253,0.9750927540137366,0.6753459394551268,1.044822920912132,1.4787035271315492,1.4392659951782742,0.3106395163520773,1.415248499791774,0.302763737779207,1.1065323428857945,0.6997261666605634,0.6904110913375119,1.397188637699501,0.7204651531726867,0.9656206833434776,0.2919012535717205,1.3951235059533023,1.3258503916406168,0.31207656855240673,1.3836774794207396,0.29214074073321633,1.5624808557966514,0.9904132275771018,0.6917804455229677,1.271870328696198,1.5154727872712797,1.1372266834637108,1.4398466806477621,1.0389776547727694,1.4108132354692207,0.3519437433812802,1.4887337797975166,0.30425340665138356,1.3343411034029593,0.29120406708427765,1.2401878063478846,1.2278337166231705,1.3974385929551305,0.9704469674506974,1.6247604335510641,0.29114965895513617,1.581189664150041,0.39268577873646854,1.5745004744421718,0.3227434166929089,1.5286091882537938,0.3277239686994409,0.9542169969823099,1.4792011290822698,0.893587477382729,1.360282770369172,0.7904496020418726,0.6696929431361563,1.4875810724760303,0.332406407648594,1.5663726226748136,0.3125307602140677,1.4432174167389495,0.5587337075561062,1.0799248720186245,1.268234902307136,0.91414542563192,0.7574345766928356,0.34468520954848547,1.3511593522108474,1.50615601803254,0.4096439623542078,1.5382997736480455,0.3277212371907989,1.3919055664082483,0.29810997432395997,1.457134378462957,0.8976380365608987,1.1745127995041924,0.2941771311687146,1.359491675026778,0.29115005631509355,1.564597248937116,0.506321672685083,1.6293389929881317,0.3232136641004055,1.585468987328622,0.30460256217035697,1.7266226435743004,0.3295897759889056,1.4824563616480035,0.29387145146791627,1.6642199138097653,0.2917364779473325,1.5424994375275696,0.45197841008596323,1.6699805975100481,0.3601137830169986,1.663976510207517,0.6291736058028214
23_2,0.5629023768432189,0.5564731936152743,0.5749420331927902,0.5602315930035807,0.5356898701584215,0.5495406112822667,0.556818958835359,0.5281768912503597,0.5488911295600573,0.5114778579169181,0.5323337177826241,0.5291561251125564,0.5204595794098188,0.5479655816275917,0.5722842884172419,0.5276995982024745,0.5406545560315302,0.5108996318141562,0.5523390321028898,0.5063264950176355,0.5197051583464092,0.5224265772965133,0.5279073925694425,0.480699683572202,0.5490051380512156,0.563469775459414,0.5212560662657874,0.5547506962727452,0.5311099313292911,0.5308757626705548,0.5030304606208139,0.5306522039948374,0.5592777656220825,0.4943410417184783,0.5336137307649459,0.5404467174665614,0.5411129853550815,0.5594416104876904,0.5474264795596706,0.5537193903678007,0.574408483078457,0.52732241997443,0.5212772088919871,0.5191059141400497,0.5349297125815516,0.5344279984161046,0.5309545796650615,0.47430502319454676,0.540242638377749,0.5481884009135519,0.5558148110251298,0.5475317723593195,0.5422571990705158,0.5588863358253048,0.5038699585797971,0.5236092953047902,0.5371218632880673,0.5351220352124656,0.5366710577109448,0.5354502087956906,0.5343417794172813,0.5393023144213946,0.5395791827038101,0.5313921610437176,0.5381097945287825,0.5785837037983695,0.5672405355275248,0.5266535802783071,0.5372770233798292,0.5425787679236183,0.5732558311233332,0.5601841520260467,0.5737656274086292,0.5459074031506321,0.5790195998012869,0.5526016717835789,0.5610641971729217,0.5400997974011151,0.5475204250340778,0.5066860623891506,0.5742570270680236,0.5347187533996219,0.5765757189957526,0.49961532608163106,0.5559957061586477,0.5491317172410561,0.5626129530644798,0.5712062973250921,0.5475881098564573,0.577382345594052,0.551154730720063,0.5709500889669271,0.5094774067596629,0.5214899537257115,0.575315208425451,0.5228203338519115,0.5731514421979456,0.5414358647147021,0.5860709546382857,0.5265882905336248,0.5318976984258218,0.5591241325378843,0.527663420758407,0.5192075449078362,0.5506407661355466,0.5143345862945666,0.5632976080995904,0.5483428640361661,0.5609943425926811,0.5369634783606113,0.5481386853985093,0.5488026612052428,0.5819458084078829,0.5746269092526609,0.5516923076311413,0.5442078752693645,0.530820613315432,0.5223819937931771,0.5615684040363031,0.5438055333185634,0.5690259839869082,0.5515997163757871,0.5501014968444339,0.557399921221648,0.5442079227472766,0.5248182465261282,0.5778947109683225,0.49525382365014864,0.5668203720983148,0.5507427947946975,0.526477989786796,0.529272072621958,0.5479272477475158,0.5394125277459839,0.5282233689818632,0.5834043078203939,0.5527466552876821,0.5309576344122138,0.6032707497590092,0.5378908825935068,0.5394333712607062,0.5541248055898194,0.5581859192644779,0.5847515234238873,0.5633961281115526,0.5564556919345489,0.5342273844614814,0.5374964796990245,0.5638936706767325,0.5526701747393946,0.5459846497699686,0.5486998131628676,0.5429984916189186,0.523746088637127,0.5226162471062378,0.5623789118709871,0.51730934051978,0.5436811780975981,0.5719330404738516,0.5082553246259816,0.4946304039363502,0.5440070123623925,0.5592267713357035,0.5086306665856439,0.5671281178682807,0.5442076084998424,0.538815806683721,0.5843402473750057,0.5340092438582187,0.5481321339120154,0.5400514503781564,0.5307948900176458,0.5268026835734732,0.5426896315379179,0.540546067260265,0.5404355890043355,0.5523642758164272,0.5242901145417859,0.5805023754042115,0.5570770845473598,0.5301163355889671,0.5596070675202918,0.5331649617429339,0.570845973148604,0.5254380056044405,0.5759758321049311,0.5752142938690004,0.5374907153767109,0.5172348424062833,0.5622426581833132,0.5608106874399,0.49738689264963276,0.5299172524211463,0.5642512660823416,0.5497085417705493,0.4691576822609586,0.5591335628460846,0.5169779838637073,0.5546570866121543,0.5480224285633443,0.5603443896278156,0.49972531275851584,0.5505234699715105,0.5357888109256504,0.5847840137393473,0.5475257011942912,0.5446722793937633,0.5501700644998241,0.5574607980387586,0.5961978325556003,0.5540902151472318,0.5267250753070453,0.5360789297655322,0.4729032375745792,0.5693398618698917,0.5342109230034512,0.5021629234378919,0.5495015051834256,0.5590979991104237,0.5521681064728537,0.556057139974518,0.5252048890256467,0.5460177562525014,0.5455140542568616,0.5379633338066652,0.49777564100268246,0.5266420299071316,0.5438740407044473,0.5664941324582228,0.5477804339280139,0.5284515437848334,0.536832155728355,0.570585309726966,0.6068677329739538,0.5283341235391132,0.46978290607273027,0.5464760170546663,0.5160850813896879,0.5772322836494065,0.5647495836406067,0.5544196367156977,0.5549900769609774,0.5638555726583826,0.5483784015331662,0.5622540749798013,0.5186753036094915,0.5420468679975879,0.4623548849632444,0.53469726524534,0.5136214237583783,0.5459097414934647,0.5618089132070149,0.5219416552716304,0.5708946242191529,0.5489844797082698,0.5673877903460178,0.5701592677124735,0.5312346156873856,0.5202029510148558,0.5103640210690817,0.5417073008415978,0.49030497706357734,0.5309380780932458,0.5103416163860958,0.525936447253416,0.5476191247558831,0.5319555397131197,0.5183053611516072,0.5391621340298032,0.5424276836045665,0.5643610646069955,0.5581328197692632,0.5598168788469456,0.5467062105046603,0.5295891233419735,0.5319465987125529,0.543165606247058,0.5575147777519233,0.5393982749018383,0.5632295362844605,0.5089343317812536,0.5265258310423501,0.5235447569264914,0.5596114311049122,0.5466442379331791,0.5724257978629242,0.5525423199341015,0.5151189411951942,0.5529662139664736,0.4800680669916069,0.5796525921300536,0.5523241234170332,0.5671651484472838,0.5518923621719364,0.5508965450419899,0.5441260551953266,0.5436879866658049,0.516156185274483,0.5309206753977413,0.5471521265796054,0.5224148050281937,0.5725492535192542,0.5269509860374115,0.5394691523864986,0.5677277820616725,0.568090221254942,0.5460158082990827,0.5453815425821134,0.5181743070325767,0.5422024667261257,0.5568987318382523,0.5476913341787851,0.5600359550648258,0.5838283921565501,0.5634342941874987,0.5795906154119415,0.5702629076048046,0.5133515593200532,0.5380526861413027,0.5357777576919383,0.5673175501010574,0.565873637603992,0.5736716839087741,0.5336277906349125,0.55418933592497,0.5179411621611616,0.5752643996538741,0.5794557470503986,0.5532592371879654,0.5678923621868112,0.5386917302012323,0.5263975721150884,0.5543551184117158,0.525542124091706,0.576517195393657,0.58700160735097,0.5721188026772944,0.5153452148740866,0.5400214818504632,0.5405913732271921,0.5624361887526843,0.5545315953096241,0.5410758314215547,0.520861287284403,0.5774959183885225,0.5020772760339418,0.5787360110909211,0.527164113816221,0.545988407246811,0.5475457874626458,0.5522090014877148,0.5531757719042661,0.5314770894122693,0.4986221288316887,0.5014186188504844,0.5120383361187578,0.5295531053622915,0.5381511996574624,0.5447057295588429,0.5399871312071078,0.5419582310789726,0.5565216420376222,0.5374395199130069,0.5550947724844588,0.5493691300030563,0.5590613584455556,0.5540144030394545,0.5135596140381328,0.576948933863605,0.49764595589438154,0.5378753276523079,0.5613747755592035,0.5618297666821996,0.5764258350677589,0.5930841469946364,0.5843503662157578,0.5982585753896588,0.5377547536206956,0.5152542326863775,0.5472798322683124,0.5645956910347097,0.5500839858108926,0.5348220270718141,0.5167678457877639,0.5382320798937115,0.5362974593361383,0.559477071799481,0.5366863264896717,0.5261956181255634,0.5566273166033655,0.5116905069165532,0.4702598498212027,0.5283335287665966,0.43387207885947493,0.524440542782412,0.5114172700759445,0.551441107330961,0.5476990483780636,0.5743370368221342,0.5517410844141735,0.5195027443188902,0.5296168055858606,0.507480924208827,0.5288001115424855,0.5053231552542323,0.46511299376859044,0.5496415091792202,0.4686712768270283,0.5706059023903609,0.5265803355751001,0.5363934524805208,0.5325535854339574,0.5314104108689438,0.5217751859155146,0.5597128779860356,0.5251864054432241,0.5285352892438712,0.4826872919206708,0.5457594274078774,0.5038497059493052,0.5518761444441812,0.5465653629207702,0.5741026963527984,0.549188231656181,0.5460115047477646,0.574576862165556,0.5405687845168107,0.5684569903139862,0.5480245067942643,0.5239456884477588,0.5558169719911649,0.5323257218978545,0.57229537283568,0.5709758517557716,0.5370423413116756,0.5523025102319294,0.550538960126427,0.5361500914384957,0.5503873966152756,0.5444701068057131,0.5726575818207387,0.42815351345145775,0.549914392121225,0.5022227587742897,0.5586540923718454,0.5553317318670237,0.5178098492287844,0.5189474900190217,0.5367332863211633,0.5685664571036448,0.566010775411568,0.5133609394970116,0.5363046687485693,0.5067793662233785,0.5345744053536109,0.5211683141262167,0.5274976130099015,0.5752250115295742,0.5961785347152675,0.5552991856626477,0.5498858006398533,0.5451491109247887,0.5012139955431953,0.5268103645601347,0.5580324259973783,0.48372585788960365,0.5400414348546689,0.5233069995192826,0.564612287538539,0.5360065868523987,0.5572107081742135,0.5305480772848514,0.5652055764921665,0.5322400645689714,0.5410312737977045,0.49123465400998917,0.5096415449404041,0.509299332573763,0.5647476363006045,0.5289386277664362,0.5397020628040802,0.5379754642927863,0.5408964281378964,0.5376588881303589,0.5766336195866391,0.5274696884858846,0.5710409386605066,0.5197141579169683,0.5628248495264562,0.4731294903333986,0.5394329304001949,0.5335644501685656,0.5219696464859263,0.5657324067346425,0.5346073523525764,0.5350944584567974,0.5531282304936733,0.561426710742441,0.5332434757758217,0.5142141005092404,0.5534318222345402,0.4134265222940627,0.5416158144823924,0.501380351965074,0.5387332218995541,0.5523669903992204,0.5201824788111208,0.5391905248632365,0.5725821255740696,0.5427791155698819,0.5160698189182605,0.4803963875402498,0.549176181257785,0.48250350799489666,0.5438951229106583,0.5294888033908236,0.5370794389853868,0.5714599170695731,0.5575059115799474,0.5471544838014559,0.5170236699825611,0.5581020756291308,0.5566919959058085,0.5184642611374887,0.509474512261992,0.474620192961362,0.555740015005229,0.5215612784112674,0.5520044769043292,0.5598908637846258,0.5570934760669316,0.5471382565184842,0.540413435403629,0.559240379131518,0.5272760857882396,0.5225606587447961,0.5002475843385662,0.48059183274572226,0.550015181409424,0.48630876299962233,0.550729524371427,0.5533238966727013,0.561488987336092,0.5204067873371229,0.5333151289748835,0.5417091892244783,0.5254422953791937,0.508500780965877,0.5202882462016047,0.46147865794874754,0.5418958380977466,0.5312037074174144,0.5508689915452764,0.5674799732822777,0.5474409384520669,0.5378011120455869,0.5673422050811846,0.5266074304867348,0.5640744461782198,0.5143828115201238,0.5387996084437311,0.48433496014016597,0.5324211723021004,0.5138520356833195,0.49364237664982674,0.5655698860111107,0.544363820336208,0.5535262786802659,0.5603017775033002,0.5624698098374948,0.5567817761027459,0.48301311288837345,0.5405188925991861,0.5146209339131776,0.5603970036897555,0.483113270566623
24_2,2.557928669886951,2.4323988129650456,2.5128149790054897,2.416101207699637,2.6006173037100067,2.4475446708199744,2.6501269484559207,2.5210742926892027,2.671369619354972,2.506055198123253,2.6616429743208916,2.447584612798683,2.521404440016408,2.397375377985822,2.5032543300977204,2.3915921017184942,2.5378072507147627,2.386722471727402,2.6674954801331747,2.5055640070512912,2.6530356575654275,2.471423020816989,2.6465882375803647,2.411422768053469,2.685025255950997,2.470271222409239,2.597158008168342,2.402365057109056,2.7118873216324078,2.4619500506876024,2.6909847359629295,2.545579814788054,2.6841663799662294,2.50626516991548,2.6919379698212995,2.4805765882234527,2.8098198368476432,2.4948629784258025,2.627056907624846,2.376321048047666,2.8242154768185537,2.4605935908805865,2.7375765950102835,2.5705660145346885,2.71841065044664,2.512267286267239,2.7513445172113076,2.5291302029161065,2.6861532041411653,2.5117033688176003,2.587316036882164,2.402079854755628,2.7089251828182466,2.5187983497255444,2.6837517889090434,2.5733572953374417,2.7118417069717116,2.5317708691820617,2.702652829303971,2.542966696466963,2.6596429287615146,2.4399718541766355,2.565093864731139,2.3962504675844265,2.688859047811456,2.436799283755733,2.6874484335313698,2.5731572339656426,2.699452996507843,2.4852199214383393,2.713449611704082,2.5270117524731295,2.765504999665122,2.5535377997205746,2.606431248906991,2.4051873835582307,2.786194265182336,2.5637939052900127,2.7173428361683865,2.5776953178242716,2.716977134105069,2.5644142484729766,2.7269070115508325,2.5855129022599215,2.845651207191158,2.5431445714207297,2.6422777492565035,2.3886440793603794,2.845125184795435,2.5650448762179123,2.747212756200455,2.553141424127966,2.7385479119697624,2.5754540440662237,2.779551338544209,2.6183130234287355,2.6749434604453537,2.5115470700055273,2.5901411667981344,2.3930638055656046,2.695591824764963,2.5082368026091406,2.677518054648964,2.588253172097308,2.6904240572237588,2.5418101714952295,2.7254714407702405,2.5370511571192838,2.6586356985827853,2.4354365979033408,2.562794666369439,2.4086640349544215,2.7100186888846753,2.4531010750785196,2.6818316082372307,2.526991207411014,2.6862953513288144,2.493761547668155,2.705497261231325,2.5271729026662935,2.7603534914206866,2.5404480263475415,2.6206053540216994,2.401494387869022,2.763863121194037,2.529655471369609,2.7128026884316543,2.574894982986274,2.7108351340198644,2.529581990930613,2.7105265862016426,2.590473489291153,2.8645965494756704,2.533707301963364,2.6379649413568047,2.396352193249884,2.843492184179608,2.5748147204091003,2.733533895869171,2.595510516199477,2.7538607446213783,2.5591083199434794,2.764796795047493,2.5943697189581463,2.684168790916319,2.5265944204296225,2.607460159280969,2.4084297734921134,2.722204299259667,2.527171678159448,2.6859352697320484,2.561881838426085,2.7079605257350763,2.5424739372587566,2.724391554181038,2.5687217712917856,2.681874020972217,2.4475841898150335,2.573663665883327,2.385623507723156,2.7232591092911753,2.4463517684731038,2.701148329201486,2.550753235338398,2.7079262410003806,2.5718077386880815,2.7062772878526062,2.575382136084904,2.782149409847531,2.55039763156612,2.634213137777345,2.4181536581572063,2.7782202842984605,2.5880910984031904,2.7360888824441396,2.5778888022768935,2.717536623299584,2.4946449939280595,2.746084516505677,2.592645846262036,2.8467792224579336,2.5315471550374062,2.6352694684418543,2.416803528688583,2.8518575716599104,2.5925359373602457,2.7506372804476498,2.594655748004774,2.745090648426766,2.5469156568995275,2.7789817162017445,2.63036949716702,2.481586630137315,2.4976654593111696,2.442871451010393,2.464434830406178,2.5027294202573835,2.4547765126181442,2.6099565653603825,2.4632822236804826,2.602831846818427,2.385619574137031,2.559014246975354,2.3943512208659747,2.443238275768116,2.48372159723644,2.4413988127283415,2.3968027791912894,2.40201361393037,2.499122947358413,2.5929821344567863,2.480958498036545,2.619910052881629,2.393983134122198,2.5237933143001854,2.442811101915476,2.579819716953593,2.4675696779131195,2.483899346873279,2.46148483711252,2.5961780984661105,2.439116613487796,2.6485265377660894,2.5060388033609247,2.647083821420858,2.3882948299661737,2.644431821415492,2.4562929367974142,2.7132694132881183,2.5358277015509887,2.4546509332861466,2.3112058265770514,2.712780052378153,2.617687571099312,2.726633466620748,2.5409885549049025,2.701754419099142,2.387672011091799,2.7301232067529706,2.52270443787536,2.570370558496557,2.4689415948276445,2.4514137284583817,2.414658121836347,2.5891700267448092,2.484086171415572,2.6529283997319424,2.541913337083617,2.6637837020845487,2.4071823773527656,2.6628165883126,2.495100478496086,2.5097277531121764,2.4411055315464933,2.431080680860523,2.43398723131566,2.559169554586386,2.454886485835543,2.6539203141990275,2.5186639618914257,2.644916060873113,2.286056580831696,2.648395219250548,2.531400752241937,2.7026556663434484,2.506743920434756,2.481880368876784,2.4119556895624594,2.691467052149066,2.5149228362455984,2.6807953955533965,2.576390775739504,2.6805830762014735,2.3722775310970428,2.723324118692795,2.556494873451363,2.7659805677226754,2.512427204473887,2.484749470775176,2.4530111260938527,2.7879078945696256,2.507407323456317,2.7313689548885334,2.622325766608335,2.7108300093242685,2.4826441024308545,2.7549994757358887,2.5689330829996844,2.6816089102391403,2.529052020106126,2.494528573805608,2.4704880660120554,2.6737382236431912,2.5054091528350826,2.7006554800177125,2.5339336696425887,2.6989219700203124,2.4654648695408197,2.697541545544727,2.536228306002807,2.5909660427147667,2.432636023193832,2.4825008039984815,2.409698200085641,2.652529054000755,2.509025196265062,2.7002297732270915,2.5765406061535927,2.691885387322741,2.5044363040025965,2.7319781578602638,2.5512783079505996,2.7734096230584964,2.5878286915945234,2.5165878712362812,2.4525692822650282,2.7567144249867948,2.5670377957204025,2.7228152739210243,2.584167795750632,2.714728732683434,2.4390808929133496,2.7531491023433348,2.6001146257776977,2.850103962446503,2.582936194905026,2.5205073244695417,2.427455878507381,2.8448474504493224,2.59230957200855,2.7539522462913686,2.618412761478478,2.7342175234916204,2.5390100475010633,2.7588663973281475,2.6098648160414535,2.568295433406974,2.453256592736488,2.4389973112172165,2.4217673375027493,2.6256578371289163,2.461111989917481,2.6641766123314325,2.5438869043787555,2.6543986910795043,2.3716314831327368,2.6637101105199132,2.506388993325446,2.5328434612573023,2.4303357756534267,2.437359809859112,2.3814572974419903,2.576014466471402,2.4130176192794632,2.6522233223538465,2.551768078370991,2.6492095672458347,2.4275636032651007,2.6565882627521207,2.489516131165566,2.69048566217894,2.5153225820816276,2.486190473578696,2.42943846188191,2.7402664517305584,2.51376571960905,2.708429492793846,2.5592900522559936,2.6960306050263596,2.4103154294032816,2.7112136167736405,2.550057205652802,2.797624049559847,2.4813089266130564,2.4827165422741433,2.3917004954844656,2.8144287644069355,2.4847748297641483,2.7022664467773794,2.6028593804279616,2.721723353986824,2.4765716341488484,2.7626287542707497,2.5537373871140314,2.6873519485593835,2.4999917061567984,2.7023418224651787,2.4899394865761426,2.7004424952181227,2.4877886576902184,2.7711690616135143,2.6268055780096917,2.773458614458481,2.5374155905363223,2.729828675189585,2.545726997521034,2.709162083877851,2.590083794876946,2.726768223023759,2.596906604960857,2.7340243030668385,2.624929950827203,2.7744293829950157,2.6432057534115163,2.7803358742449564,2.666952494284061,2.7722633419165374,2.646499818247725,2.7660754332551405,2.5858251092381854,2.722136732075948,2.5307187727744216,2.7795886085943438,2.544229039218507,2.756188906674116,2.6061443295305984,2.758108226755197,2.614583418741175,2.7250558826004814,2.5652052624801005,2.8814145644840536,2.7744376623056195,2.797661937571203,2.636387684908933,2.8517382099865327,2.7409139018023136,2.7434393881970793,2.6371965840250393,2.769909926577042,2.646344788990749,2.781064985388006,2.642604027082335,2.423555506663026,2.441252895291839,2.4240545692398543,2.416199404224566,2.451604621165214,2.4539661620324,2.6161710150708943,2.4973169783953986,2.6426750978291733,2.3848281788902566,2.5475012691404464,2.3952621002565153,2.389363572880707,2.4237198720889026,2.388314325288676,2.371504875806205,2.4213861300243735,2.420950919733208,2.608285341693766,2.492694396961832,2.6298740154565605,2.429426856122215,2.5261072301669603,2.4146875383919686,2.560366106327939,2.431576674224997,2.4848134757163534,2.3560016676465962,2.617664451156628,2.414921097764799,2.65782133019093,2.5258289944498764,2.686060187324171,2.4730738772728076,2.6726567589960397,2.4256691611746217,2.6529813139212317,2.43918235878594,2.5812407000303934,2.3973853875253797,2.625125008536075,2.3992826505089306,2.723418297894216,2.5300180442285973,2.723783139018995,2.5019919631192926,2.6757433151586,2.4474220299188922,2.4267251406416688,2.4576560158339027,2.4481032693550313,2.4091490376234823,2.4633814129898184,2.4335210086227286,2.6171334081767976,2.4785555656903004,2.623995242302427,2.405704838461284,2.535982850574531,2.402362456285104,2.399008720210773,2.4314618172686115,2.4060210015602386,2.354966191902271,2.407071578318074,2.445062859730977,2.6155692819715997,2.4817546595342277,2.6304063549726022,2.392087966062246,2.5361587938310826,2.4148908108001015,2.5624287783540356,2.4680581725786643,2.516350816706663,2.395326896129922,2.589795349848105,2.4609202098053258,2.6564279197155014,2.5342973469531,2.655970069831373,2.4759807012194845,2.6610938300689155,2.46553481824182,2.6813997857199663,2.42425773121389,2.5740856985995393,2.391260521868363,2.6200837814599613,2.442800914349474,2.7205005935342976,2.548474238950105,2.720841776329168,2.456071267519422,2.6633869761024296,2.451321177158917,2.4489486838452486,2.4279112442361708,2.432090425794912,2.4022084737135514,2.4656885401435487,2.4156112655330166,2.6252122498471966,2.495130659524178,2.6487705821464367,2.442188998376728,2.579427103332675,2.3932653084079747,2.446071962838194,2.431597544090775,2.4153826253357713,2.4067006668760142,2.4420029047426834,2.422754147985275,2.6304204329103427,2.5124366807975917,2.6362151188106067,2.443579349411975,2.5736631358270072,2.3944968513375864,2.585848984316975,2.4296037243595143,2.5188161859786704,2.3785916554227726,2.6448628551900346,2.4062391779672545,2.663263931758097,2.5198769980120472,2.6830235983690613,2.498508874461982,2.6767441130368637,2.4663883817740015,2.704210687012258,2.424820566267872,2.615572010621286,2.3945165067118848,2.669071561611261,2.449669455887752,2.7195454207152303,2.5657316478747596,2.717697062832921,2.5017403754263494,2.7083646857185357,2.4825270490896614
1_3,0.9495617648341638,-5.8449677712090296,0.7745305001190562,-8.0,1.1257256689312314,-5.529560106195318,1.0853630130957268,-6.656788409820253,1.1246624314341576,-6.722734690543155,1.1293643148914483,-6.131120553762912,0.6155698553427776,-0.2952565202628074,0.5540306294618554,-0.4138230826098954,0.8368430023730631,-0.3713595926641782,1.0868603393960425,-6.909741947068683,1.0869726773749544,-6.6103909839480135,1.1215961704693533,-6.764976840504777,1.4158269192414814,-3.050304825734208,1.1362357878761824,-7.634512015109101,1.5197259853712455,-2.954312464713877,1.269034079752499,-5.039441230855402,1.2956190813215496,-5.676840751804225,1.3593015807568611,-4.232039393616831,1.804101444333301,0.9741761657916175,1.4061887249656508,-3.9513640115673514,1.8542057409516943,0.1641933447115375,1.4521385609707587,-1.866263069758066,1.454079613909297,-4.975305034740172,1.5560031242779624,-2.9183169819866466,1.366270204099306,-1.0121698968886492,1.0836555088859314,-0.2783966546793446,1.4413984299782252,-0.957407014350426,1.244268378301588,-4.027717069917684,1.2552635465882143,-5.1754934300671085,1.346464543661857,-3.1473699506079105,1.3460000591120267,-5.327763559555453,1.005175966311527,-5.104229494760736,1.5009908126806877,-3.6171959940264244,1.2334284382476084,-4.552641929062773,1.2308345354509738,-5.506200503334017,1.328994406168977,-3.6981209205926535,1.6065787727113774,0.09658268876857379,1.2475661545435033,-7.834162375309872,1.67383722991339,-0.10249323484367308,1.3636634508424545,-3.337276157912272,1.3628125784780512,-4.7104333424075815,1.463816257041789,-2.2409903115621908,1.8680141932969592,0.083772970588421,1.4408541579717615,-5.0894636366994845,1.8741021920382033,0.39286060693894914,1.4911759098211128,-2.581932121796771,1.5096007287161528,-4.369643835253269,1.6307170194596785,-1.67684899286036,1.393145701950046,0.07796518501954774,1.0907356471874032,0.500840004734298,1.4626409555237294,-0.14592267588663493,1.221167352667018,-4.06610063165914,1.288271741127749,-5.07241664875938,1.3426707208448954,-3.159863091811171,1.3004401533759289,-5.122116327673401,0.9941355711993878,-5.535435940344536,1.42020884322927,-3.88585474769719,1.236001982414581,-4.45328895667642,1.27324118071386,-5.482969138906241,1.3518098252586275,-3.623564576663403,1.592815968213747,0.1948781746129868,1.2697290237161516,-0.06728342075302506,1.642744559158549,-0.08109022291167957,1.3402090475163795,-3.264174073134078,1.3873507923128714,-4.632696272004927,1.4623882724165813,-2.2653336944984654,1.884365409029408,0.3282780482555217,1.4616912670909348,-5.504115852463868,1.8908207613303716,0.48193396663237165,1.5249007727018649,-2.768642540324489,1.464447841673459,-4.402845825606329,1.6275479489648916,-1.6421939375490595,1.4578477174869682,-0.08153787419941197,1.1837550141566429,-8.0,1.5567781193091286,-0.5529732513688488,1.2994314307658923,-3.7497731552923494,1.2464187470590087,-4.970650723714128,1.3519740654957735,-2.785442483458617,1.408095476427543,-3.9403890659907135,1.0737067314957682,-2.525572972079816,1.5226920053537978,-2.605895560815845,1.2369722579059823,-4.031524756739097,1.3069772848160994,-5.307876038065386,1.425684815695579,-3.193534367785515,1.6509776304288093,0.19608315658010753,1.306574535249881,-7.177505014721249,1.689491069303529,0.0990059924762117,1.376361011160122,-2.917109855319774,1.3346984520028722,-4.564325213902067,1.506464505506907,-1.983700448687442,1.9198312063095948,0.0496481789033764,1.491920571042864,-4.179335911875184,1.898568100035033,0.47331364071277476,1.5343562426584982,-2.3154773160691198,1.5648217701905385,-4.216924011159643,1.6342596856818228,-1.5108342773491035,-0.3819396746169821,0.8328484289016487,-1.3157367181602133,0.11708878790590538,0.03903357010297521,0.657804382635136,0.7174028446997456,-7.623423042943488,0.7869597316137624,-7.027334407733889,0.6329882189610511,-7.035740369803151,-2.963289582282399,1.2573265271653125,-2.768112818597306,0.6159258000437735,-2.144528764739438,0.8035967082727902,0.7269554661398321,-8.0,0.5750024940736455,-5.331991692198523,0.4248409333469252,-3.1240326728722954,0.8043997848885118,0.3864775226988343,-0.7267270484681491,0.0469982567721752,1.1133331518341372,0.15952102792327497,1.0638272546824545,-5.856594822657235,1.0333758325907991,-7.016373712875465,1.2033803485211758,-5.413879869333363,1.4583731241785862,1.325657678120743,-0.4514816584203755,0.6515930740733856,1.5217701963006511,1.5964254436748782,1.3539702538869887,-0.8905381605308175,1.2869543424189922,-5.801123072756447,1.4441283672530179,0.07814049771251788,0.768860110755016,0.9912807986252016,-0.7440040364992513,1.0574112273960181,1.058466469200822,0.5757912291825267,1.0465573655196003,-4.708526807070404,1.0341042819328916,-6.139332653555863,1.103930435136378,-4.1225831535110915,0.07717662682571627,-0.2783967069927051,-1.8644892157502497,0.5106173385029841,0.6634943801888169,-6.132179091954427,0.9813763046710507,-4.952005151456214,0.9829182258370033,-6.227971834675145,1.0835743738791968,-4.582879704304241,1.3482518647216812,0.6878895164680126,-0.28618881451132905,0.29450597952671626,1.4681947752969833,-0.53300980798873,1.2722467747905317,-3.6463712791229814,1.2107278109950486,-5.8917394950235265,1.3303988531505204,-2.773009070780156,1.6822035990095616,0.6940280645965579,-0.1107169592203116,-3.9184633148369494,1.7362265374224608,0.7713998888488838,1.4345439336269703,-2.7463723959895825,1.3180732998209326,-4.862861189982184,1.572409870459781,-1.9858777856293486,1.2682178206351749,0.9539164153635992,0.518303696698668,1.2980898356591035,1.4195532433273976,0.9504093223085945,1.2308311109214116,-3.7620852092145247,1.2508027228064094,-4.7781920759837755,1.33087550558843,-2.947699197458604,0.837684266859548,0.8551780845478756,0.11594977224592642,0.8800956693259,1.1866565116321677,0.19857966682908945,1.2551743806127624,-3.707333758427885,1.1956376860483255,-5.1583840336357865,1.3217744212052804,-3.0162514917373207,1.528074306866348,0.9696951566840474,0.47638435471077617,0.7920134263340517,1.6663082757195375,0.7715895146679991,1.3496887713010786,-2.8964424090867626,1.3076655677947917,-4.767367223484493,1.443118014876295,-2.16288705565084,1.8868819087855253,1.1026805657061318,0.4144673906337501,0.07007434233806578,1.8876520814870241,1.0420118026015266,1.494581596207986,-2.041911855655123,1.4545533258136736,-4.674965898685961,1.6106518951012392,-1.4636775905402906,0.8742009804412438,0.07006545797512226,-0.7378723148385682,0.61442277293052,1.1749159454174956,-3.3033498846221723,1.0744836494206167,-4.926690481980548,1.0232835817303885,-6.822175028135319,1.093308583518895,-4.143453865840474,0.343105305492929,-8.0,-1.7257003755766642,-4.411674500011548,0.9267976149815685,-7.128427064454121,1.0136722321593838,-5.347014343694258,1.0403778083269684,-6.636952405478906,1.0937071957685243,-4.8914451234530425,1.3659829224552007,0.20497574337037677,-0.3265549334575109,-6.527462946737923,1.4777178636321089,-0.9097941325733747,1.2689155692707592,-3.8587669575553223,1.210767263644029,-6.185652501384864,1.4432485169065672,-2.919494908858055,1.7190585896681252,-1.8211440910502315,-0.17633243147241823,-4.469612660505284,1.8147423399661837,-1.0934513346247365,1.444904664429766,-2.920516969877322,1.4231554833046562,-5.726084776585485,1.5563206507360632,-2.1641827566253014,1.566753098642603,-2.459847771043896,1.5190439037350485,-2.820993789147382,1.572896071657204,-2.5577454718072903,1.7564466563324561,-1.0123900258779401,1.7417825047026403,-1.165430827640969,1.7141743451897171,-1.6725185617774643,1.6916970762021788,0.41055181655411954,1.7297996815204868,-0.05149577374406626,1.7512532388268265,0.4686540954855646,1.8024816641587968,-0.14444183223606685,1.8201630997804297,-0.12330065328345952,1.7422723055837825,-0.1342076924842474,1.7475922338604108,-0.01409362404679538,1.7416706905787795,-1.5491151496883828,1.8285753411364378,-0.3701373088740418,1.6710276740092946,-1.031894352417277,1.70602311383536,-0.8404443307609408,1.726577345353557,-1.122708185397097,2.016821371234984,1.6001119500869632,1.9679265314448104,0.3001780013415567,2.0562505437754472,1.3766400898845275,1.75457762566131,-0.33742642402530304,1.7673258465873052,-0.3054195824411105,1.8134980159885354,-0.04389793222129806,-1.0333356532480586,-7.264002115908206,-1.0242732251172442,-8.0,-0.4439533029478123,-8.0,0.9698319777058325,-6.451180800058723,1.0123638406705069,-6.82102305270683,0.6328036595542087,-5.481900811926979,-2.385865075443622,1.2201671148127373,-1.8105723125990432,-2.8690883610714044,-1.7851898494799232,1.2721883820113637,0.9217694224058279,-5.533295455969332,1.0332653219077053,-6.099032376080876,0.568974851344007,-0.5237488740747658,0.7715023898551485,-8.0,0.35815922100864295,-8.0,1.0611490837003599,-6.598944274228156,1.1849514990044014,-5.346112441929023,1.2332855253096489,-4.88343874261847,1.1897053618197029,-5.321859630725913,1.4441514767880133,-5.89899226794773,1.2046355837433005,-5.295737919857151,1.3855781658245634,-5.072732319189118,1.4274239203852421,-3.6034573645861743,1.4552825414449717,-3.340880848303452,1.4938752388762389,-4.103015755263812,-1.0758812435915097,-4.629409199551979,-0.9825797493527733,-8.0,-0.4609606547446245,-7.569441230477243,0.8805541815200169,-6.501896302361918,1.0248030092063838,-6.884722408604099,0.6531124490561867,-4.35565694612942,-2.642592550407109,1.4706631130589984,-1.975713562353092,-2.947125011559095,-2.0528889302150923,1.4204994342791273,0.9111012332230527,-5.387290297449052,1.0198245165100668,-6.110026361596004,0.536354004172012,-0.33993280274757415,0.7680467162367659,-7.997833938243493,0.38816568420946335,-8.0,1.0780400826932597,-6.411224243795896,1.1685581573008688,-5.195816254162045,1.2767244283731356,-4.763907589096121,1.2012909843493726,-5.30733370726292,1.4595583204613278,-5.791921603080226,1.1168814896720198,-5.543937775545048,1.3296523023953848,-5.571516937763074,1.4437698081481314,-3.6453931769361887,1.4801532925937122,-3.2783523375920223,1.4234988380256637,-3.889756011212985,-0.5049457820147246,-4.025000173102113,-0.6179068798404601,-8.0,0.09472242375366464,-7.469160221383479,1.0657361574164497,-6.196269829025456,1.1308553098920195,-6.329058719264225,0.9034807485004179,-5.372813429310401,-0.6348553531263527,1.524218548322228,-0.3390702974834649,-0.3726044089273138,-0.4470974531547986,1.317046295646215,1.1328143345936779,-4.590039839721557,1.139623217656825,-6.084310028473703,0.9823923083379524,-0.14661591681553504,0.9707688900170944,-7.504455662453552,0.5169681325226746,-7.696803942579511,1.2088254782001915,-5.8055134094502945,1.262461697326666,-5.261393828321928,1.3018617290004009,-4.795554418566932,1.299501001297679,-5.279129862919114,1.6391132367378922,-5.006420498003627,1.3075543517253745,-4.4311203668903145,1.6219420522720296,-4.5284244763519705,1.4713738216328898,-3.7148223582695543,1.5151635848346228,-3.3507924296454483,1.5589723370707744,-3.762836184331335
2_3,4.361563510764666,1.1578804017049915,4.311691731716048,1.9453098752146776,4.642520923482529,2.0598363189640168,5.32137359984877,-2.8235939191978523,5.283322833348954,-2.892856434983356,5.324294101420894,-2.584889236271548,3.9093134420165483,3.564210929062826,3.9368890554864744,2.573952094864922,4.225605289000374,3.4981308718935122,5.35611060659178,-3.2073171506304528,5.234878047450923,-1.3494400177351555,5.234680700493392,-3.2010359332979816,4.849446882954654,0.2574976120347802,4.734853744463091,-3.4073858362837006,5.061092670685578,0.49202333399955994,5.528989002352577,-1.0048584711639386,5.539339037197664,-2.2219827139322925,5.526324703273794,-0.44656302230448286,5.30328753764123,4.740834097363298,4.999924457309752,-0.14901823768918407,5.478393368843186,5.304003736823827,5.689130347731227,2.1963751477034243,5.700630135794472,-1.2282305456067741,5.813745752033191,0.8346580173089175,4.79884557510783,3.283394874184369,4.680706715557798,2.3857516267250025,5.03177526691676,2.968427331329492,5.533027310964622,-0.1404441489692288,5.54028346993982,-2.0393070969818443,5.54390833913177,0.5659786931846187,4.6265647930847855,-1.304004670512377,4.468876303031217,-0.8557370997505388,4.930083917076269,0.42467412365778767,5.466561693129941,-0.4598159104699463,5.390677428898824,-2.125398031552663,5.499336556483509,0.18612755995594488,5.125043811244971,2.6942466671734167,4.90334646003941,2.141937230072738,5.23217207336472,2.7078221291722713,5.584887972795269,0.8548441663288452,5.61902723156094,-1.871567887388276,5.626605586341649,1.4504227294286247,5.392974662081314,3.758188163026501,5.119950917426735,2.9775078558353325,5.554885615417309,3.904231881976076,5.857577330702428,1.380114470828883,5.830577219845085,-0.917797252725303,5.825169016934682,2.231169324767721,4.701349273095578,4.844887156811288,4.6499608738769815,4.0692962531173835,4.983437276421319,4.522281107056391,5.372819086593035,0.09473116937539237,5.504002838095086,-1.86284080143506,5.45323407827745,0.525464574203723,4.559748403661204,1.8209687549722737,4.425818622135715,2.7745200031271486,4.821966744707831,0.45728030630839284,5.390640522925038,-0.48718052706204334,5.3591013968598995,-2.163258336206234,5.472872316169175,0.008400699338846377,5.119660879231743,3.249868764168618,4.823414439676259,2.9407039878428476,5.2598394145293685,4.135145804064926,5.6144345903974155,0.7807441956219509,5.627835435785681,-1.8934949310540177,5.668724187107544,1.4836624870337796,5.375537153552944,3.1371369188834723,5.089507887190798,1.4107351106449677,5.529045336839134,3.7155376695966833,5.792101043438853,1.4005255663371716,5.7759037053207996,-1.1987548738105405,5.809180176864262,2.1742415608204273,4.954728611616714,2.141387327002547,4.750755549036835,2.379101161380848,5.101750525451329,2.333619600541127,5.583380845013118,0.6482071971532178,5.619642903764736,-1.5492365658627494,5.602039205146824,1.103073526861854,4.8363353192419964,-0.5474575760438677,4.565888700627839,1.994392799353034,5.035369026739974,0.6192121887363431,5.553874236522362,-0.017280004654603266,5.584454409147935,-1.3233258353172732,5.527287384780707,0.6773492835169573,5.2052019347902085,2.6999219636881997,4.917236936412495,3.062743668311611,5.326314916770824,2.8164077686404423,5.673672763451383,1.2505517659243668,5.670701228081239,-1.6273628599016592,5.717856029376934,1.9315560795128932,5.465130592500512,2.747892410792742,5.119939220636972,-0.2269233698256765,5.542029452823858,3.319404648174012,5.8270355356196095,1.7375460804193974,5.804337454431314,-0.9784062052819582,5.85701572552543,2.463506754941063,3.215631132333849,4.842465003745292,3.2344192743900733,4.814552645219442,4.040124117982535,5.2448475386497115,4.772422101093318,-4.006583610820275,4.622984397926303,-1.1785672968646168,4.539009216893227,-2.493091403348219,2.4289818404340067,4.726024210139422,2.6056971201087533,4.048240830283,2.713084031702843,4.17172332577314,4.583537478399934,-3.8200389527947833,4.542796567459015,0.8721194505469206,4.189034565991789,1.452926223026907,3.999005339008248,4.468936825936023,3.2561200223664586,4.106086928751792,4.410993707069254,5.458498164168721,5.248304601213713,-2.13674297320385,5.114282560556852,-1.6884718760801738,5.179217379510417,-1.5709311475861742,4.818510536952246,5.443784070620309,3.53706254520087,5.139171140761979,5.0102091744595985,5.778094989338276,5.681599448517658,4.48848019190433,5.386728601035715,0.025906442656589018,5.5508161509467095,3.949178412146314,4.171905317173113,5.461369139669033,3.330063493429414,4.983268743013735,4.4339609254069074,4.952680669033854,5.187468445441539,-0.9203542255867182,5.064250342175456,-1.8423657861409493,5.104691456941118,1.0325280241270527,3.2189571673828223,5.117675162772709,2.934320169791829,4.880162404392958,3.849375683739405,4.113021592773289,5.130473221033383,-1.432062236394835,5.044731113684848,-1.1769657699523675,5.068044272108307,-0.5061846136248476,4.690657258547422,4.751598214680645,3.5619535006160183,4.783696416218605,4.951794094569587,4.814950770455843,5.458697300791951,0.1137979189836332,5.334359032627562,-1.2867042686476364,5.3962792431892055,0.9577806150726674,5.1430281074026825,5.522460940864688,3.819833431287728,5.313724365043633,5.297923882371913,5.643528686437288,5.696612800292876,1.0393445117420783,5.467993408582835,-0.10779202185700065,5.5822250735589884,2.0049647282983285,4.653343872119632,5.690782120171103,4.394086188504623,5.577549026495443,4.935887344787197,5.338391159092277,5.2745157780227405,0.005062038749259499,5.247180131618969,-0.5130197993960006,5.299046240729144,1.4859296119138812,4.133640729340691,5.05035265259647,3.4500336329700163,4.849273331725987,4.4746268887916285,5.197804557962966,5.209757304854161,-0.2507589523147044,5.081015113668479,-0.4483375214570509,5.229926760566202,0.6495292058686836,4.930727523145957,4.844123598301612,4.1493199548104185,4.878848412046925,5.1445130965387955,4.8206944528832505,5.515029014009149,0.825935437125949,5.307325425004033,-0.6726894757964985,5.618657453030941,1.6515583100057736,5.281797336028339,5.378089490089888,4.091175386978086,5.099856427711908,5.4334278347403675,5.4519122398592055,5.662104307643538,1.6545960681776688,5.505427566773134,0.2943596347911455,5.851736547752163,2.5438975356975826,4.269004356989076,4.717353983622577,3.3233692872804705,4.339153490927178,4.60373825770455,4.783090710936238,5.196183962721753,-1.0948641694200916,5.078468818333997,-1.6817993056365377,5.167567913458592,-0.6594154287806883,3.556749295156503,2.016339474319793,3.0002651295463854,1.5402636001658288,4.209368757386341,1.3999297474071688,5.236904491658991,-1.9023641651056509,5.112014333808888,-1.0543909381548318,5.11939716808233,-1.2989409037598065,4.736338519524615,3.633771844320957,3.6455646150055676,3.9609271004607445,5.004782849764037,3.0487517522236316,5.386141825198337,0.04545855736843326,5.311154563083843,-2.3190807891982375,5.404914668271631,0.9211430833587755,5.1577827405455094,3.3919630965172805,3.7145494953766094,2.9356867645158586,5.335715764357275,3.8548023321086875,5.659153459257106,0.976960675714472,5.520254100381698,-1.4749248348953377,5.739625659085447,1.6157066388924382,5.18768332197063,0.7590369727243136,5.262679319387093,0.7768530362638417,5.364722953863377,0.8091391663985187,5.9143050045691,3.1898949537535346,5.914262286163472,2.7264325681142614,5.872008450737803,2.1895798559598703,5.274976060458588,3.171294668572713,5.3771499022669715,2.9603246586346685,5.436583672836218,3.335617987192741,6.062578744238096,4.10064899525848,5.98326138811198,4.01885887243167,5.86826049909351,3.8799562551558617,5.383295623550293,2.7298668749357082,5.436282640603085,1.7600105532087202,5.501440029154395,2.6165139798199206,6.0323627231747885,2.9600037012558365,5.931861393468397,3.1494520618554636,5.949698907213388,3.0843118051506124,5.6443419641489925,4.514765326029479,5.68805146177315,3.2960351537564923,5.78619136141641,4.528402007826333,6.058182754196846,3.869154451992381,5.882600367233966,3.846422078237148,6.10261878153409,4.006745454563187,2.7801779369424553,1.3272754915051743,3.0090163294238113,-1.4732497882087257,3.301122144081305,1.9604945316588032,5.129117294719682,-2.6681416195474092,5.194411688051268,-1.974550478723182,4.778174046429231,-1.0235267399078538,1.8281323098358655,5.041823641394703,2.270511509743208,0.3101869298451372,2.235652066621174,5.185635712707852,5.206366028433044,-1.4185898368580914,5.13804752037422,-0.04506370734904381,4.679564819858904,2.399015012589216,4.166297961041973,-3.736556152211187,4.080407453629629,-3.9140946363411815,4.570147770616277,-2.095557978700828,5.481978450412758,-1.414370305844713,5.507413528352435,-1.7247256565280977,5.3130693369231645,-1.6439550199217532,4.907815606228488,-2.0619357848265527,4.766564147918535,-1.85977505397322,5.078502417600875,-1.7879687084556846,5.741950245482601,0.2839900978783625,5.764428085624933,-0.7318516642055809,5.645897844378911,-0.2889757834487186,3.1126545459129495,2.043491782540257,3.1070156094350323,-2.2141016470905397,3.491878355786003,1.5603073804031526,5.136593915378593,-2.3992955845383976,5.155357954955406,-1.742914936391786,4.744861406789024,-1.209322955416501,2.424222597171444,5.228120499736371,2.523148580702922,0.7335359846621751,2.6050246758643563,5.126779729468729,5.1060137259194365,-1.6515686695339407,5.186938704286935,0.05952566035616066,4.596982485431452,2.5265825515152165,4.127938377750008,-4.048862915003228,4.179486669509232,-2.3531203596542314,4.511606918493243,-1.4117451558789156,5.442118793095442,-1.3574244209195783,5.470046695269511,-1.5174094500253612,5.361409390140315,-1.5714713126437423,4.883855238277352,-2.2834117133748006,4.68959220397201,-1.6523191218429703,4.960454911838698,-1.7378034588740452,5.621267812181375,0.3203386326720751,5.7434323896044335,-0.15838616721328358,5.614249770597662,-0.30660108616764603,3.3432646185689787,1.9644828913037673,3.5443105264897277,-2.1584554181246145,3.781470272989089,-1.0268284010577544,5.331970744352298,-2.0046344872866633,5.493186695201731,-1.3743165915569227,5.055726184836975,-0.1385665606648313,3.150108108581046,5.358195115425726,3.281190370752008,2.305158769957382,3.2299240507738105,5.266942523125131,5.404001772003232,-0.7448356771311164,5.529455892072039,0.14305266873820383,5.1093474675341914,3.822988085722813,4.48235599444937,-4.06817460932191,4.380754967656084,-3.578108448301116,4.8294728937564715,-2.177965843293384,5.637562904797897,-1.1444250689356652,5.58103543419445,-1.4897681794200281,5.5190111332256215,-1.3969054322241836,5.047483004680042,-1.7878788863749635,4.921256162975874,-0.9723317710330354,5.307970884813185,-1.003929134036077,5.814771215817509,0.22299164157873574,5.869060124194366,-0.09899400558636937,5.840846145283439,0.17335009224161377
3_3,2.3884473332030534,2.1506261779350173,2.36913131035822,1.605178752679879,2.3964064493696564,1.868109873461839,2.3570860386393795,0.4593032735448364,2.3845001796141725,0.4691889734344202,2.420008914290597,0.6897762155960884,2.3435115132301094,1.6864492003685223,2.325527485766627,1.606710057002633,2.385526120341768,1.8744064314679565,2.3708752890406255,0.4075312470352792,2.36370077557034,0.5595133025841816,2.4151852643362566,0.8340524682689503,2.469962019640771,2.24416355819963,2.4357036377227628,1.5270719654905778,2.5181546067691993,2.020379851659405,2.443684961538859,1.014323791546924,2.4619317566728096,0.73981598235223,2.494959358404806,1.2887865101798917,2.6751474492771123,2.2795570624961963,2.5052650210854597,1.5894604129439636,2.7032479122385786,2.1466837661756264,2.5275020751891173,1.488062461761974,2.5157921685384093,0.8519188419999784,2.583528358269078,1.2842209473271342,2.4751100723016024,2.301741570197649,2.4147435509962523,1.5334254828283973,2.5090567217047446,2.1663460166168798,2.435321618406572,1.35705943305663,2.4340051675847874,1.1583929554486536,2.487018971156395,1.480158998313882,2.4667727703203157,2.143098584259089,2.4096594737921238,1.4080404829832736,2.49641102181385,2.0339337313779144,2.4050527951873084,1.1885673100090475,2.4413436385773295,0.9793155662182043,2.461885249708763,1.4394621143180095,2.553698087345495,2.3155885548139166,2.469583115074692,1.7076019613391766,2.5776752155913925,2.1559359541439087,2.465486083243284,1.4254249071211704,2.4621490307528306,1.2153328588773638,2.512416444049364,1.635932018399517,2.692820141165543,2.2521125769070274,2.5375610440521394,1.5459380077167768,2.707134000261955,2.1813604368819695,2.5103041966358974,1.5091295109066625,2.5162079506856947,1.3281138104054544,2.5758944602931715,1.6481533562387296,2.45413565007941,2.3180279778308814,2.402845676224045,1.732300528017735,2.4936192936570962,2.149673332588196,2.4150942655083636,1.3173463039692415,2.4319094654671596,1.0149691701395365,2.4660232083747786,1.444354675534335,2.4524260169704006,2.1133487981619123,2.386802551671835,1.516846482738528,2.4870034709887054,2.046903463064999,2.422332055056512,1.2066746546313274,2.4272964992629236,0.9080502814371766,2.468668494427061,1.424145300661964,2.5479397645025883,2.3146641129684604,2.4739709175056515,1.7579487114717423,2.5556763604265416,2.211616543097035,2.4727994589540168,1.483368130133409,2.463175632018131,1.2272154339506123,2.480910250526054,1.6143085174562033,2.6641610092654555,2.2432417910186992,2.5403500563117962,1.4188674396481504,2.6999061079412123,2.2111641551291594,2.5086815718460995,1.403466375487347,2.5268502450054555,1.3037964142546705,2.56922809499032,1.6420338378719115,2.5056719404470575,2.2775852247633783,2.442034672105603,1.5772271768203572,2.528855903680833,2.1707395943733068,2.421766362771101,1.4623838415603034,2.4413484604947446,1.1536868151891795,2.488416278714745,1.5469842444202488,2.465280982646392,2.216727806173953,2.430433667543067,1.3923673371561343,2.5401159472072794,2.127251413122285,2.428604675148803,1.3933053670562194,2.420468294104916,1.1735923712956722,2.494643170071874,1.5772291690805398,2.567133623133782,2.323964176603795,2.481307746000259,1.5189452814425741,2.597560151904952,2.191027412239784,2.475780418723979,1.5403503555511908,2.4824007186320745,1.3290339929353787,2.5272071945851566,1.6475958079358344,2.712703116715729,2.3610525757297864,2.5684209186812628,1.3253917883559645,2.727874441491736,2.2303758845427963,2.546918545206291,1.6487386036300193,2.5337210756959077,1.3370470293638659,2.5959787074948646,1.7921667692106296,2.3512487098458776,2.196795620673294,2.174634804578983,2.3677761140998945,2.323811206957689,2.159354399770866,2.292057300606803,0.9521392102083983,2.2730657653948096,1.0241068438127978,2.299581909686324,1.4018624032515674,2.1028393544616004,2.4603731007442264,1.8581962949594233,2.5254781544020104,2.0812101170899986,2.4034910919745576,2.296475019205177,1.0297604419469981,2.285452986340625,1.0681735701326756,2.269129584687609,1.7535860024704193,2.408966891039957,2.3120838768183103,2.253673218966387,2.1487911113919544,2.4345072603346702,2.088454565689462,2.3727280957618104,0.8662818500163219,2.3744128359621084,0.9250139674405821,2.41748690145644,1.269542799957804,2.5006645920537918,2.4806591713466495,2.213396393927157,2.268929557581374,2.5239228808921457,2.5116433433139447,2.455896998471658,1.6321266385804243,2.4557287050664485,1.216100159176166,2.5206054570963508,1.8430360598292306,2.4125377309745093,2.3906285445222326,2.2385037984001923,2.3488547247794958,2.4306107417303657,2.2904361316843502,2.3426002978470026,1.374435080554824,2.3638738055465356,1.2451009027948954,2.399591674676268,1.652518157688669,2.3561048403570033,2.1177041305924202,2.1337211118094848,2.187586522520192,2.368823936422166,2.19240187068746,2.360812253481379,1.351681516711738,2.330706961246466,1.2136847538375155,2.374472353162767,1.576077992998143,2.464112418423811,2.3925410341076923,2.297592495570107,2.2094031175600346,2.5080379656675356,2.214327597390849,2.424667002877978,1.4738574709103531,2.4097518718884916,1.2899682633672167,2.4726543505558385,1.6585824096128532,2.604030532079136,2.25369358463312,2.3473520770095666,2.094272159582388,2.602140824504306,2.2510140694539955,2.5023775401191686,1.5068523679988162,2.461873893280604,1.3085123701634926,2.5344801691966574,1.6810241354754736,2.4697220405560465,2.503324256580421,2.345121851022286,2.3019953311856467,2.5074410279948838,2.30839648250803,2.4453619311870542,1.5573070405491467,2.4358996332551905,1.2695881748870077,2.472871575175035,1.7507538198739065,2.4358745090820038,2.317065591211072,2.2837949277327163,2.182035514936061,2.4777379273971794,2.236994744016459,2.4120769773001554,1.6083154323653728,2.416456027850143,1.2621435364880942,2.43406972747608,1.6912508933062984,2.5430963437724876,2.4897842179059797,2.3649533739796333,2.227209378168975,2.5490052756482795,2.304011017010833,2.460948837521881,1.6810517024290468,2.4574446285235503,1.3304616438773855,2.5298534648383524,1.7533455946478989,2.6546021388187113,2.4376660158882757,2.3559823293558804,2.231389913984994,2.6976857301898356,2.355590855943709,2.494905595659527,1.6969191181020273,2.50306286455043,1.3685153303113706,2.588823099046161,1.8711388201328247,2.398775014316588,2.2739166272616758,2.2680935569522886,2.0742826310685465,2.4119535957694334,2.1447199681597287,2.373200424237691,1.3273848951888358,2.3447547602590966,0.9755530203657917,2.408207814094897,1.447821978777882,2.3531712021339724,2.164912857745655,2.1306815878831076,1.965819314490758,2.383430850801228,2.0596961429579554,2.3611352680308673,1.2638294278328996,2.366781914984276,1.031581819704212,2.417189092210752,1.5099947447897286,2.4828643979361007,2.3034329097977024,2.262280883777102,2.1068273918738343,2.5091511678626177,2.192856428979773,2.4244984523953517,1.430117126734999,2.427559086436844,1.170393142116116,2.4595766662345375,1.6272270170323846,2.5951976653790356,2.2834538332608147,2.314531978319387,1.921258769549269,2.637947504644993,2.187160910508752,2.472491593096718,1.5972399197406844,2.474639638026898,1.286830437988152,2.5688281040220415,1.701763230634062,2.5984075719691546,2.25681327828115,2.5910542135838512,1.8663849101341514,2.6025935864999004,2.100161925852564,2.658938579284469,1.7866281178645869,2.673540778685862,1.707834656648739,2.6317660419660203,1.7997680952071653,2.642967980349031,2.4138653010274917,2.6824277815665396,2.062404251259776,2.6610050360640676,2.3285967966575756,2.663423297769809,1.9284146046586457,2.7039553341679783,1.8441721925885453,2.6759054809324216,1.993840735477899,2.6699897865794706,2.3513563884467583,2.6818898178941084,1.9112319079683209,2.68245291780971,2.213320283760245,2.64865630208884,1.7461350169586989,2.6507819103602657,1.769719615403024,2.6588298619612787,1.7832280739975963,2.8302277022276474,2.5328722105744585,2.778730486355417,2.1025018147495467,2.82350489004133,2.453709723143597,2.6943629943172582,1.7886685978999515,2.7045465951833485,1.8853167317454462,2.700221257630169,1.9541835779731356,2.2519758515427184,2.1217129430261354,2.243170510533131,1.707319137231938,2.262797511347446,1.9870678080955808,2.363295834370258,1.013300296555789,2.3709846825621548,0.8076687061961992,2.3078772540731802,1.430991042993792,2.2077378744440517,2.2146404040102348,2.2211616842354562,2.037217205947385,2.221824747679302,2.2651651218427036,2.3545805881463315,1.1839300648813884,2.3835143958546383,0.7683624669109652,2.300176912796998,1.5670920761977598,2.3662439874311114,2.189940765067844,2.331798043188351,1.6675653709796228,2.3877586880846366,2.0436669302502946,2.424391788354207,1.1669347440131252,2.4549196477898385,1.3296230090746834,2.439775622817505,1.4544186713902156,2.552479690922621,2.1776380572441387,2.4883458256267943,1.6308833333462835,2.5500489801034907,2.1007132255018637,2.515104887859506,1.5072718744877092,2.5421062772708023,1.5002281593902962,2.534392613204431,1.6247613778070924,2.279908617012446,2.007800484472819,2.2912927210536362,1.7432565494573518,2.282796600035248,2.074777839480321,2.3354224217942146,1.0505098689279766,2.360453327697526,0.8163014419165745,2.2949371769751457,1.48460262865188,2.2630121638764584,2.348141786516586,2.2496455123274566,2.169530418590595,2.2512509622039456,2.3301804214312734,2.3632561557652667,1.3615366289667976,2.3900492713540005,0.8327315290170849,2.2988489146269306,1.7265244175808938,2.3613879345068787,2.2171737742274598,2.3556439182581506,1.7266408278945742,2.410146280588698,2.073410919478129,2.422962231025754,1.1473606975382729,2.475817225114776,1.4245012172537863,2.433799348656337,1.4398961977415365,2.5246278080680646,2.2259730396568465,2.4837844991674323,1.5807177913544628,2.5470619658931386,2.1086219753286173,2.5204519829882295,1.5057329953151681,2.5518977226200015,1.5322652417190037,2.533056297624517,1.651241103096865,2.275332074869913,2.135594612768533,2.273743244631989,1.529798549371864,2.2850731051046655,1.978199637982368,2.386006755452108,1.0752481833783591,2.4257298645898233,0.8643652086070838,2.380712255014047,1.2936643373431687,2.2959834415359213,2.2570466428941702,2.2827140785762183,1.866855618353033,2.2877645833917124,2.3141460970972116,2.423037349324369,1.252859287941585,2.4170330249956495,0.8254895644138058,2.3928398388843246,1.580354370975524,2.406342244386959,2.1754406560762796,2.3561425854530254,1.590588383034297,2.443367562390158,2.044746896016387,2.447409932783664,1.1375165330685337,2.491379258763009,1.3582708731500812,2.4723757982241183,1.4281174840702402,2.6178350930505316,2.207684808440304,2.5295680787365376,1.673785989683526,2.6280039467378016,2.1036433565453914,2.545524565124861,1.478010778348524,2.5525353028791455,1.5340123648769006,2.564590479460227,1.6508316177642737
4_3,2.5988573317524213,2.1446443267276907,2.4888972364805504,1.7983916026602618,2.604776678744322,1.8308917455920617,2.5161687231960594,0.7810238327353403,2.50984794433911,0.9091995356952873,2.571448867126619,0.9551855126903074,2.496417521270886,1.995926086804088,2.4587695907729725,1.9657857884956087,2.5646583982545543,2.0594659866012854,2.497659261220506,0.9563795327510195,2.5080458962108105,0.7617023730781598,2.5584299665319117,1.2659873280614615,2.772826709512233,2.2897426259378166,2.6372853799290055,1.7011652957665435,2.793260777228332,2.1490724949065494,2.579268368035701,1.2197984693790165,2.59445401575631,1.1177531290502498,2.677161054458347,1.4889875851433731,2.955006889941194,2.372280539139473,2.7575966931930007,1.8596667775717033,2.983811310352856,2.103182182406528,2.6738046103424415,1.5900693603051475,2.676261067248144,0.8459564045533544,2.749834618067651,1.2278462544268633,2.7598870585947766,2.37754338414047,2.629315027709047,1.892345142226055,2.8079198625837565,2.2764655333249206,2.5843346970638197,1.46460282931259,2.6072178832708652,1.2249127515097997,2.660917361939204,1.6747646225301447,2.7433605319554606,2.1972583506946908,2.6065920272574115,1.6272150176819056,2.785480633593572,2.134308590390515,2.5977837281856124,1.4592523583776473,2.622905869159483,1.2031055071001742,2.630757467375444,1.5986988844257064,2.859402022500501,2.454172273797905,2.7176422557389883,1.734984069623731,2.885486951370781,2.3616187110274587,2.6438450140152163,1.657208303538182,2.639954238955442,1.3161982200523974,2.7112522311588365,1.7729580860387335,3.018202004111971,2.461681145730142,2.7991210610563853,1.5985921481153789,2.993630591027024,2.4057693372666296,2.7100914751884844,1.6440792754177862,2.7095290683011464,1.3421758908868746,2.7627811679852354,1.7977720865257603,2.772722065683995,2.383799975009377,2.6020284278052155,1.7860256508781955,2.7981532750890974,2.2829490923713553,2.587341356794179,1.4686365397305348,2.5917929371409962,1.16212730372677,2.641535182644127,1.6525269842374808,2.7382395090033262,2.198318961952205,2.6077340690857667,1.6607609053013537,2.7889713952245567,2.171653555831289,2.566888931085813,1.3948126979244535,2.561464459335562,1.1921006258986104,2.641131980441749,1.6001157730849336,2.8620595087333975,2.450820298894432,2.6976600347482504,1.8272135590385954,2.874534329315734,2.3437114581519816,2.631863924931604,1.661636794628717,2.6464637905570605,1.3010792490028427,2.705999680304779,1.773188206515127,2.9956259114657615,2.440282538504138,2.775097957117063,1.6802957171475439,2.9663468785887734,2.404348684805011,2.705140362430523,1.5713944956896506,2.71115983955832,1.3540322971539211,2.7715273082944702,1.7605763837171522,2.800941855326981,2.4016522319616875,2.673165809623423,1.7343557941344072,2.842428778245662,2.2782491277680976,2.6176325444119426,1.6134732263687457,2.632886938040735,1.3173007475975074,2.6648222965771704,1.7450844267669186,2.7772858449238416,2.2937472722066365,2.6442617878629373,1.7253805433462932,2.801780004459233,2.230185348679611,2.595256202712203,1.568824461248054,2.59438478198441,1.2885152879411155,2.6718425416107605,1.737089666405666,2.893668978359892,2.4834703124796746,2.717654284165177,1.7244653226079651,2.886186563119947,2.372925393663911,2.6498376791366147,1.7252101993530669,2.644095160766735,1.3589627160238458,2.7132761943945654,1.8419427707262148,3.0208735515413396,2.4707504317346247,2.8023756685504404,1.7237105473854797,3.025339877101501,2.4684944416097228,2.7124207462880023,1.7741958270673706,2.6952881616139996,1.4748448209334155,2.771408418679798,1.8745862251798404,2.413003995169289,2.261939978802764,2.2562345735973923,2.4100311296403367,2.444365089725325,2.263575839342585,2.418013288443565,1.0007687286536835,2.4110922251169473,1.2767043159077658,2.440017606604251,1.5353803869220142,2.2042945504712828,2.60811556107516,1.9562172347862945,2.632384165474853,2.2269546433525056,2.642412954390315,2.395623640253994,1.2851359326992022,2.3821078673087763,1.3871430423722864,2.397545913067008,1.8694959624201066,2.613814532173313,2.283021910092671,2.3648505293016493,2.46442812198655,2.6706507275679905,2.092879120364481,2.5063266062718914,1.2195150981407106,2.5079890052529716,0.9851744928452691,2.585437951696641,1.4240436239266132,2.757786818859903,2.6311347040323887,2.347972612874957,2.4115075836607454,2.749718833017455,2.7107171966006196,2.630952783539973,1.6391852576126973,2.6193611456159136,1.1611793127535113,2.7119696989659126,1.9847242041369981,2.6448788248391493,2.4515557947442086,2.35593788249975,2.3661398694641336,2.678014568428333,2.3002330527152375,2.5223961066561986,1.586700293738134,2.5602940378066457,1.2556525685996482,2.596517789691679,1.7357888140082507,2.5595917337825638,2.431334536293108,2.279589653653225,2.4538271552955444,2.646660158583905,2.260995466871188,2.5281371271201003,1.5836612799313496,2.50267600649225,1.3143905165368845,2.5922334366939603,1.785444265276477,2.7645097548370052,2.507623488020935,2.4211676574293617,2.386291338823003,2.8177127048726747,2.3698229092463015,2.600465584666104,1.720691541716815,2.5819851557345292,1.366629802160442,2.6627574455344116,1.8109894093382697,2.9241940150210075,2.4224482314438482,2.376178456335915,2.3115115225839484,2.9233076541713308,2.448250595930512,2.677218203835742,1.75725738715604,2.6583361935866474,1.3831638275872638,2.779145159160592,1.8302846094145646,2.779156083873198,2.521232062516307,2.5073458728167886,2.4865024148970023,2.7832363084089797,2.417942235759995,2.613856323995387,1.742272282604662,2.613470454009419,1.432661076619557,2.6947831200783168,1.8281232321497747,2.723125194137618,2.3898522528561217,2.418817354601113,2.531708538660866,2.7773761335098133,2.307450139138666,2.6176983941352017,1.7987884206132512,2.584559647666996,1.3966861215257913,2.6514151875096417,1.906655717685586,2.89461716372763,2.5921536731687373,2.512395289526327,2.4335860302031374,2.8676406990232017,2.49032376849651,2.6283539213667826,1.8431677319951076,2.6492452592000686,1.4784543237062455,2.7220719725122797,1.9267496354489193,3.0001409436256266,2.574885572307028,2.5077859249045376,2.423149367990168,3.0036360998186433,2.574786079567231,2.7078583313726856,1.7941814880610598,2.6961749072927774,1.464976024492753,2.774358574433085,1.986575230682495,2.6521767752234826,2.372088819758319,2.368918859542007,2.285642947416313,2.6638842715234454,2.237525813772194,2.5482699072750075,1.4925152997354403,2.540369928199006,1.2781310039234777,2.611346769749528,1.6491782716106735,2.5556383337659776,2.210334797857316,2.279728408165733,2.3642348760465968,2.6311260752689534,2.2097816492726077,2.5251231231585067,1.430891653424632,2.517425052279389,1.2156706182306567,2.563291189919853,1.6530649380712743,2.7674551868063206,2.4393387949314285,2.4224300061344968,2.2981141681043984,2.845958203831825,2.37122412647589,2.6051589701373836,1.596925043495096,2.558228571127519,1.2923207963707184,2.681219118659978,1.7992150669941174,2.933640278614366,2.386534619407761,2.4408754029378295,2.2673934550268062,2.9422632184004223,2.3390405086811317,2.6885611494740074,1.7065851539770582,2.6581357438029456,1.3731555618593516,2.762097516574878,1.8417425530940126,2.8067751507447873,2.361561608088769,2.8145865480542445,2.017689570852884,2.8434990156660436,2.2492396492357227,2.749894571919582,1.927692725678771,2.8141550479359405,1.816723850904622,2.782666318777266,1.9448270744751492,2.8546071492578227,2.576599890676862,2.8528109896127822,2.257342825734115,2.880294270966842,2.517508615012001,2.787907250027456,2.0632973804328563,2.7863244771764517,2.0230193015515137,2.8420922146082153,2.101260563813627,2.9205614508262405,2.462123706231355,2.9147778869559615,2.11429759009876,2.938598364092843,2.3540611492173706,2.7611369869009454,1.8738914369210646,2.789449762361325,1.8801722817117021,2.7907633821403635,1.9467729848311695,3.079696886673556,2.8514945341261186,3.0109366262516737,2.329401817138349,3.0548735481808813,2.69487754863794,2.8112704888296425,1.9820672212470847,2.8074630490832453,2.0248146804978746,2.8564875035632666,2.1117880128328275,2.3085582512063025,2.0202560102756184,2.3312999643764063,1.9868892223264438,2.3367129710150722,1.9700590407456269,2.491747544728661,1.331837524758074,2.493702260049954,1.1697189925288183,2.4524393048032063,1.7174194880635953,2.3123802143931433,2.411907186979934,2.3347089293738654,2.131388732561838,2.316655214248926,2.3413122189583366,2.488256667549871,1.5181975607469258,2.507353734804915,1.1810665774535318,2.46283745358409,1.9110146499286305,2.5331152914559505,2.2037199062500066,2.4506890875196863,1.7969823901244457,2.631575553818958,2.0833061054228916,2.5440135541381075,1.4307446010379874,2.6138099040695812,1.5205540364947632,2.5980585055558127,1.566283057140496,2.820586482363697,2.248287351263074,2.727729145162069,1.8037606071675536,2.8235300356617388,2.1784396316397627,2.657223413938865,1.6331207535227064,2.6750534139838376,1.6217094061929358,2.744032106112514,1.7472044973069918,2.3489696659885517,2.2148471783760857,2.337114550267217,1.8844567222295832,2.381868426804161,2.2474314670438247,2.4878144506559434,1.3967227306227337,2.503116237402723,1.2256260027987407,2.4487493943868914,1.6176996106435282,2.3491421898683997,2.5206869888759766,2.3595116339152895,2.262619073934166,2.3480966471994638,2.477069141423678,2.4672708826480547,1.6022413847598138,2.513133198215842,1.1422906416139564,2.441749487990523,1.8036916666505427,2.529745594261741,2.222936614454211,2.497345697180594,1.9140360816787314,2.619577420375495,2.1222442636758623,2.5552948076876456,1.4263943564111474,2.5998070008199723,1.5189729991089482,2.6034771217804473,1.5887224831593214,2.7756899537177264,2.260288471933264,2.688474132622873,1.9326355317677208,2.8017726398142413,2.192719618007447,2.680479966637859,1.6557365376661315,2.6899405302611172,1.6591876492005426,2.7291069043986393,1.7081168780539113,2.343612769800383,2.165165663699754,2.3819267591960447,1.7068768582018783,2.4068759256514243,2.030900347894073,2.518792483709159,1.3287418713013581,2.5572863577397595,1.2588313474939885,2.511188662947468,1.5862492616303947,2.4140388646060895,2.44301158856208,2.4476417057909625,2.150275702089544,2.4025014314879862,2.335563824384998,2.5114543798940496,1.5936681027465491,2.5589170930439966,1.1959389278970025,2.5343165338792066,1.7735738335605185,2.6122274930586906,2.241729036845848,2.5389054788161527,1.7820114395522912,2.6857572325643244,2.0829342016210854,2.5906886323127782,1.409395171765132,2.6110281068140586,1.5236669712453772,2.6458494587374353,1.6144698195568032,2.8615139881778355,2.2805893857881085,2.7919094295004734,1.9591409387326844,2.9139244465898506,2.2235836679752907,2.689477686416649,1.6727567476608367,2.7241784631589954,1.6892724414147373,2.7400383840942513,1.7677414485458969
5_3,-2.054670790610519,-8.0,-1.7151137959302447,-8.0,-1.322498377831955,-8.0,1.0931294753691687,-8.0,1.0052172051532065,-8.0,0.6287734956316012,-8.0,0.3706601891839342,-1.2539922371546544,0.3480460214641136,-8.0,0.6888817072838981,-8.0,1.2439450087556028,-8.0,1.2481658535068985,-8.0,1.186741393589419,-8.0,-0.2133582455214204,-8.0,-0.2512604442543503,-8.0,0.3108303024578152,-8.0,1.0115138937677484,-8.0,1.0521261967973838,-8.0,0.9690474077179952,-8.0,0.5252144448219135,-8.0,0.6629074423180498,-8.0,0.5761617126957669,-8.0,0.9276917899407685,-8.0,0.7665748410759575,-8.0,0.7498649262461585,-8.0,-2.828681814150265,-8.0,-2.7969339163049507,-8.0,-2.1019273999771055,-8.0,-0.4705451989683679,-8.0,-0.4464016402132041,-8.0,-1.3737710506373653,-8.0,-0.603764224014524,-8.0,-0.5883096415868427,-8.0,-0.2882751792398469,-8.0,0.11954944388436858,-8.0,0.08094340160037701,-8.0,-0.027403054951265524,-8.0,-1.1463479067855216,-8.0,-1.3690704822621036,-8.0,-0.7571455352427012,-8.0,0.17076556116010927,-8.0,-0.43889207364647737,-8.0,-0.32342830754705176,-8.0,0.31676643031804796,-8.0,0.09901373306911848,-8.0,0.29375716165488663,-8.0,-0.18929434421873392,-8.0,0.08673767706645201,-8.0,-0.27864794344447175,-8.0,-8.0,-8.0,-8.0,-8.0,-8.0,1.123762553267925,-0.5977630186147721,-8.0,-8.0,-8.0,-8.0,-8.0,-1.2424848116831866,-8.0,-1.0792934530511582,-8.0,-1.000300524557107,-8.0,-0.40336786245559864,-8.0,-0.48683696620021555,-8.0,-0.3604154327126091,-8.0,-1.772052764350647,-8.0,-1.731947862535888,-8.0,-1.2028932520038689,-8.0,-0.1327091067785666,-8.0,-0.6518645032409317,-8.0,-0.9757550129000924,-8.0,-0.5280708203114508,-8.0,-0.49252456785593657,-8.0,-0.5145549099607261,-8.0,-0.9983060113804787,-8.0,-1.0318932842005961,-8.0,-8.0,-8.0,-0.8327464734117821,-8.0,-0.8108247801607023,-8.0,-0.31993866991960235,-8.0,0.5789505107769369,-8.0,0.45331701722073214,-8.0,0.2084288450566928,-8.0,0.5000897797474716,-8.0,0.4931710538561522,-8.0,0.801076824144113,-8.0,0.818898310108289,-8.0,0.6053684522946075,-8.0,0.8148613130382121,-8.0,-0.008338711243766428,-8.0,-0.10320066851665957,-8.0,0.2594808711397529,-8.0,0.6485019634811992,-8.0,0.5068029625729378,-8.0,0.4911172636889121,-8.0,0.9739148852257222,-8.0,0.9308949335363572,-8.0,1.0866225283319693,-8.0,0.20195621576450107,-8.0,0.6528464994556493,-8.0,0.47682738321224943,-8.0,-8.0,1.306567123499644,-8.0,1.5672056806464676,-8.0,1.5151653755986394,-1.1870443237559285,-8.0,-0.9399311163955311,-8.0,-8.0,-8.0,-6.619969752032169,1.697415391355281,-7.958607314841775,-8.0,-8.0,-0.20532389693968686,0.1476261097093957,-8.0,0.04882865797271281,-8.0,-1.5440466500110421,-8.0,-7.904830648568245,0.6989700043360189,-8.0,0.7679355215761087,-6.50397030096401,-8.0,0.3122244392931022,-8.0,-0.2659373870058453,-8.0,-1.744766222421052,-8.0,-8.0,1.0344827586190632,-8.0,1.143384000594756,-8.0,1.391516178882093,-8.0,-8.0,-8.0,-8.0,-8.0,-8.0,-8.0,0.9058665560599034,-8.0,0.7334527629550821,-8.0,1.489021622232876,-8.0,-8.0,-8.0,-8.0,-8.0,-8.0,-8.0,0.7679355215761087,-8.0,-8.0,-8.0,1.3786271810193627,-8.0,-8.0,-8.0,-8.0,-8.0,-8.0,-8.0,-8.0,-8.0,1.0744184833534696,-8.0,1.155514563094694,-8.0,-8.0,-8.0,-8.0,-8.0,-8.0,-8.0,-8.0,-8.0,-8.0,-8.0,1.0547970360280852,-8.0,-8.0,-8.0,-8.0,-8.0,-8.0,-8.0,1.3753548677956429,-8.0,1.3664010692972532,-8.0,1.6776104053200727,-8.0,-8.0,-8.0,-8.0,-8.0,-8.0,-8.0,1.246832276457459,-8.0,1.2772295896533077,-8.0,1.4008550367825956,-8.0,-8.0,-8.0,-8.0,-8.0,-8.0,-8.0,-8.0,-8.0,-8.0,-8.0,1.274740301911569,-8.0,-8.0,-8.0,-8.0,-8.0,-8.0,-8.0,-8.0,-8.0,-8.0,-8.0,1.2326383067708806,-8.0,-8.0,-8.0,-8.0,-8.0,-8.0,-8.0,0.7679355215761087,-8.0,-8.0,-7.306712842994345,1.0689655172400898,-8.0,-8.0,-8.0,-8.0,-8.0,-8.0,-3.5913423120284764,-8.0,-4.224880549442292,-8.0,-2.448073137761138,-8.0,-0.48582706811512627,-8.0,-0.7567986785976002,-8.0,-1.2071944384515567,-8.0,-4.413696879884965,-8.0,-5.216292897701186,-8.0,-3.1163356411744174,-8.0,-1.0193206962474481,-8.0,-1.523293333871603,-8.0,-8.0,-8.0,-2.3213377358127283,-8.0,-2.467516611046765,-8.0,-1.8005148341205484,-8.0,-8.0,-8.0,-8.0,-8.0,-8.0,-8.0,1.5107801613554925,-4.565598778776514,1.6367796919090636,-8.0,1.653425556417176,-3.92365944316827,2.2029973731577424,-0.4578750467458383,2.073092143933066,-8.0,2.0600319685975546,-0.789024329994408,1.9863342727091635,-1.6969236547416544,1.9867101380668732,-0.29615839585841863,2.04444709319871,-0.9668919389096173,2.246972924303677,0.12241492804000771,2.1490368546901712,-1.0052298938076354,2.140288923584082,-0.0893324547118021,1.7446160354236124,-2.266692200544848,1.6560249583933084,-3.1769506873352364,1.7297950485727323,-2.074486689030172,2.039987983104466,-8.0,1.9749559931868108,-8.0,1.917805552343702,-8.0,1.8855200058757606,-8.0,1.9002152682293745,-8.0,1.8400861818963772,-8.0,1.9834112590262116,-8.0,1.895153585474652,-8.0,1.8638991815218342,-8.0,-2.1213192220771453,-8.0,-2.093411142531074,-8.0,-2.548776240426877,-8.0,1.7237632143771735,-4.804728730941732,1.5706571225384542,-8.0,1.135712443600648,-3.3405203093703446,0.6523799587345005,2.060670982599637,0.4000574300589204,-8.0,0.5138270777506653,1.9415066618284074,1.8976770532522726,-1.4631762946263511,1.668472105663009,-8.0,1.5510363420884186,0.8629724892545994,-0.714538634877668,-8.0,-0.31953085320171937,-8.0,-0.4574476251994907,-8.0,1.5484099926034065,-8.0,1.4882635854536728,-8.0,1.2362368755043838,-7.096096473309836,1.2371270094635511,-7.575118363368933,1.1805241023968227,-8.0,1.330937393872609,-7.343901797987168,1.592220559316281,-8.0,1.4056212276438294,-8.0,1.3942578770177847,-8.0,-2.8660702269040383,-8.0,-3.2699474351249322,-8.0,-3.2656687893520453,-8.0,1.7233298161253796,-5.155796285970955,1.4915379582956778,-8.0,0.9521241129640612,-3.6414548078462317,1.040293699578537,2.1310230420225498,-0.4209866891101432,-8.0,0.2573529569514688,1.9754883276580182,1.7889624584301438,-1.778578306180964,1.64029448340941,-8.0,1.473569556691654,0.9536798371681247,-1.3145034414732706,-8.0,-1.0046876548676658,-8.0,-1.350259946656495,-8.0,1.4956258709910273,-8.0,1.3789937324359463,-8.0,1.134134221782569,-7.372634143407267,0.9061305330645898,-8.0,0.8145554528214953,-8.0,0.8505109628045188,-8.0,1.5700452351932108,-8.0,1.4613973707537629,-8.0,1.3734808049755678,-7.106793246940152,-0.09614641804216421,-4.8170150329964185,0.2097699080799813,-8.0,-0.09361411937713192,-8.0,1.9810034772028813,-2.9441811367530626,1.8324000927425907,-8.0,1.6898826197566295,-2.1642755802173257,1.6033907546475876,2.1594328647803325,1.494624014926005,-6.171275672861209,1.6067017404823964,1.8768896791211755,2.043741633966764,0.4472800872175888,1.9306555352989818,-8.0,1.9273332799643443,0.8415363439394286,0.6361228740332219,-8.0,0.9288857681600504,-8.0,0.8735438148761769,-8.0,1.7214826150953733,-8.0,1.666652889080988,-8.0,1.574546698131247,-5.593255493765097,1.6885268934776345,-3.986083230856448,1.7064142748238351,-5.047827728573674,1.7563441920972418,-3.819704771537893,1.7182119154830178,-8.0,1.625057298350924,-8.0,1.634030687555933,-5.1485428999964205
6_3,2.6016376887057056,2.1493168270058667,2.6190309609783324,2.2062040902990536,2.614963697783316,2.5032636342059935,2.6726389096028993,2.3061537645002352,2.6434075404845303,2.2087032856855657,2.642932450584185,1.9634281137120706,2.6419797875498725,1.9721204652190434,2.6133412096576745,2.0490155318060146,2.6176779855810004,2.1197919314427174,2.665842984041133,2.309530566565531,2.720865372737873,2.2632733115034434,2.675709716879151,1.9843205145491654,2.7045849245397426,2.1717483752347664,2.7095403689363033,2.1078845298795112,2.7667660314097304,2.0862114652450403,2.7255414925329267,2.3324699580883825,2.727103022643598,2.3558269526615465,2.7797022817345454,2.3333022814791873,3.282426972924051,2.5714674320757704,2.881432137014411,1.9824898125361712,3.0234253248373832,2.6354989579211554,2.860302818376601,2.518008850100042,2.8656923030901957,2.3946627542979693,2.877916278039645,2.490466775872583,2.625320526037583,2.346378459160853,2.649900127253845,2.3258474551962305,2.6691975735231033,2.3834747627779667,2.748939291425366,2.3260677064974282,2.718029465546471,2.352082909372459,2.699338788982819,2.3306590787906685,2.684271463406693,2.0197382913311617,2.6906587272680036,2.1041672798493805,2.706979371972951,2.055383068792025,2.634994510614261,2.3335377984435137,2.7427514732025804,2.34850470153432,2.6986976579241047,2.333403992810769,2.7154400269481727,2.5842623963334175,2.724075067548042,2.296280027274442,2.757024854993852,2.4243167334912163,2.775189948520827,2.5287694642549696,2.7104712903007675,2.3915396884792886,2.7964763502930894,2.3460456276802297,2.9695497309528496,2.585548753286629,2.8334395086173467,2.324736104103552,2.9623189058899175,2.567975848082148,2.8421036633608217,2.5034135396830726,2.8238778199355243,2.493999905384503,2.8646059844599034,2.5185123416467747,2.625766483752795,2.362209687048781,2.6338802099355423,2.3824549145249065,2.6279652644993425,2.43220645203903,2.661931097265112,2.367694469589959,2.6790106980725836,2.3337837158070167,2.666111175425293,2.337022854528972,2.626777038584029,2.0220317666019163,2.6543142720908426,1.979217314111711,2.6308495768627105,2.2385810906415373,2.7048687226766077,2.33540074462982,2.637133683021532,2.4153065393800204,2.7155526026879753,2.3482642276641617,2.743838936063985,2.5405645810798374,2.739177614777335,2.3083597265574753,2.729644310385215,2.4350529166101897,2.6896738327897616,2.4985015113985525,2.7212759425363493,2.369960274605318,2.73574868070834,2.5099236777871217,2.9158617779870157,2.4819133718529147,2.818809190373887,2.091042579690307,2.921430635988859,2.6117148611098933,2.7609273387569333,2.565047335762538,2.809700079652199,2.4658418153647914,2.9562253906482163,2.58712716369714,2.720839631271188,2.3610854312594753,2.7115253040212153,2.1178861396565307,2.7484769241888247,2.434343585769168,2.692453018576656,2.4359984407912414,2.7555884237884105,2.4393894328000156,2.7941031702180634,2.386825499316041,2.80303152587109,2.1198687933055913,2.7356925313571865,2.0665696384136147,2.8166631848450767,2.1196535004264674,2.738323870674554,2.435417390831822,2.779845486689855,2.380805928002873,2.7487803110265503,2.3432602241597027,2.809617426328192,2.5573701326923963,2.7489355190968428,2.1281389056172717,2.8162455165479092,2.4009733327287703,2.775980214234296,2.4178013229775095,2.7525583923220616,2.3729154778384585,2.802539759901087,2.5461025471399483,3.2976450330217157,2.5974228099261567,2.8493103724010185,1.9035801881101249,3.3107902134900407,2.6052728316052893,2.8223077039463385,2.5846554453444646,2.843675563300244,2.4944706734950333,2.909858569263796,2.5939081663908454,2.360994469916662,2.4322393877237696,2.3400623096266613,2.58203176900847,2.3633871276655727,2.5917996239899126,2.5886694801656978,2.2840649931595873,2.6070444989446657,2.034524501493579,2.4149746753262327,2.1076759932995524,2.143508640299073,2.5975403980681917,2.071468366490366,2.535774130409495,2.0543156969661585,2.7143320672406768,2.6064246942960008,2.2476737195928767,2.617145836702918,2.133269696648987,2.3530441316251203,2.258419986104327,2.531470283948679,2.4172606688733786,2.414642860263253,2.472511287741744,2.550270533069999,2.447188418704049,2.616986425301564,2.273904359027428,2.5974176053299822,2.0700396144669186,2.6183136984060527,2.169211041308842,2.676794935042494,2.5961198635497245,2.5388908425446135,2.3426167774894098,2.6595208679782436,2.895474529331279,2.771769134498621,2.380824204117294,2.7814883603215637,2.3243196555323453,2.8101896445447583,2.38553678058184,2.5240585962534867,2.658617639760428,2.385674578659336,2.792941009713967,2.532775240872419,2.7057045469565937,2.619811705438092,2.3379810676888213,2.6281544742151572,2.2631833657684033,2.64920224103858,2.327718167307301,2.454398691090417,2.365723652381381,2.357125063591223,2.386283374792399,2.5272438670046995,2.4939167352758154,2.6498729619489962,2.339062986113028,2.5998904862888508,2.3234907916066083,2.622708948500121,2.2484682779190126,2.601957780322929,2.633452863394339,2.596677878927477,2.6090223984984715,2.619462321809087,2.776101595737379,2.641309451396224,2.334125011996466,2.6766961044313122,2.3202823398455785,2.6681750078491926,2.365240483485503,2.743453034740289,2.6043860666926655,2.5836079431227184,2.636912062772088,2.7548949926436976,2.706859356001119,2.7573483785635617,2.506947240497366,2.688637679064425,2.3605645286786885,2.7631767450596976,2.460631352263049,2.630462440752207,2.642614667052722,2.629766989248723,2.6480276455924963,2.629341269991994,2.8183511935599936,2.6522238069675588,2.33613349925557,2.761196931134096,2.317947773667709,2.7411977235266662,2.5200302225358167,2.6019448739616267,2.5753710701555033,2.517450873464961,2.612556249601842,2.6131871987203668,2.686155719858159,2.682743850264429,2.3808940804511796,2.6741843829995338,2.2573256329997724,2.7453652565581894,2.424606493889403,2.7133088399286134,2.657034312049595,2.5980322423203663,2.6386589592833074,2.707130177368243,2.7191333023872515,2.676734320487264,2.3963456003910695,2.7418845684981275,2.3132823933546383,2.8289705418536237,2.5534910502774495,2.8238459940446132,2.7455078689445407,2.582533134883693,2.8062966152241224,2.7855420770042056,2.8466130248411585,2.777990662869433,2.595823738629467,2.832545638320443,2.3403569304568945,2.832326834403289,2.6059038351685677,2.5370218503484625,2.6001920282674424,2.3449615629461897,2.337945662007208,2.5981987350044355,2.5915167056172526,2.6134594421686965,2.2384221613903112,2.638336559763192,1.9686554538052714,2.68277176060972,2.288921361933449,2.507621073534042,2.0124897331653364,2.3213300836753756,2.2022156242504605,2.580634767747955,2.1506658597694686,2.6062760865273824,2.3329681798879816,2.62449419065953,2.3245061069428417,2.6425544767085345,2.203187590274508,2.598633603578401,2.4995108651060396,2.3798476724512807,2.4119011623899307,2.6380545919962097,2.4755801363490453,2.6166518219469905,2.344364021031004,2.700546080052017,2.209090492277482,2.70453105016586,2.344006222107476,2.7976983698677533,2.448129755346551,2.5671705491474563,2.3813048077173984,2.8141279494569713,2.471912269450574,2.7933730367274743,2.348623421772709,2.7375372511687925,2.3769692931134334,2.8244675532443244,2.5048701846237638,2.776345930664595,1.9960138473287796,2.741814759481659,1.7514781027846587,2.7170888980118977,1.8100485358069125,3.686451968019727,2.351492916774727,3.8668071510387376,2.337327364270663,3.617566357514355,2.2173481702279196,3.1730931969412604,2.5372574956293095,3.099805490606717,2.2667337395588483,3.5707800620536756,2.590762455328321,3.9088172225131883,2.4964901498802083,4.04805309303966,2.3837465155408575,3.7532249984001256,2.4172890873961648,2.9071783696934808,2.501256319697628,2.914681086186384,2.0450400055976576,3.0316966990543106,2.422605462484127,3.7786770042498237,2.3582986323946398,3.448481423308547,2.335601747214954,3.8520479120385103,2.4017636960560313,4.251951276116422,2.923656417283109,4.037402345136043,2.401807199288699,4.026768209156346,2.872987043880667,3.4661483895431693,2.617030000274732,4.076186328579063,2.4274629156396306,3.8228736934900653,2.718938716310066,1.8373782894522817,2.2576297877170717,1.9850759438635532,2.0767563118924732,2.022045980027828,1.8507324041545457,2.599228203625982,1.9052844618511937,2.60379512871926,1.8115459900549296,2.4331417535664714,1.9262771740697027,1.7953031351353537,2.5997886064866353,1.8734244083225207,2.3474016668922575,1.899760224487295,2.5971294872273334,2.5826404255934476,2.01289121662987,2.605382736619109,2.035759035359196,2.483449232199408,2.044402447253364,2.4549917466288855,1.3059982584485081,2.345437175230074,1.9024943732144108,2.5334649207566313,1.2602496741991287,2.6569001385069337,2.151262220690647,2.7426293488957416,2.030050534371877,2.6270387839749705,1.9713610265496495,2.7615527347817435,1.2818342232006936,2.7060540561387105,1.4730853852388914,2.8329862958857253,1.3613417969376822,2.9591807913975496,2.3314586866047953,2.9464463498806457,2.2817983559979775,2.8628850025154504,2.0527292772360957,2.001073411637305,1.9984009794460784,1.937048752392551,2.1911814656855886,2.1263609193114736,1.9828015786963338,2.578481863941387,1.9988821345361678,2.5993497008775517,1.7571452360657012,2.437321897466939,1.8535988651946276,1.6472874397911357,2.760764524974009,1.8242734630705135,2.1010963632490083,1.7825397434962227,2.6432687451856505,2.547330996878589,2.0537879403207433,2.6099246987729043,1.9089932939877734,2.434416437840103,2.188163292462389,2.5129896590588907,1.4004003325792755,2.3398323855973713,1.7416319787580277,2.4288362231922935,1.67311295338241,2.61869807139716,2.1086667931799203,2.6790265946730214,1.9621663924811419,2.6914559619376277,1.8270003314670358,2.775288522015472,1.378497672867932,2.6383454122400924,1.4083367675690122,2.7029364534110303,1.4061608043053735,2.831723141143259,2.3312925065127716,2.8504926000242032,2.2055892409102755,2.846010203921979,2.0187320371473594,2.127962986544121,1.7710582224769458,2.235138770665955,1.7055502830819425,2.3025913307886965,1.634660727007898,2.6785914800603337,2.02712291365627,2.7820230191955115,2.09467534947448,2.559634466649626,2.05966791452548,2.318530636094133,2.598370045738151,2.3368140652467826,2.3328523249880377,2.3743605305341386,2.5942725907778152,2.806607017540405,2.241638007003741,2.8406169744511396,2.0831373100413964,2.718044265947006,2.1049747290294265,2.602838256276141,1.1086304246750263,2.5685376844227097,1.4096514426655473,2.62386156153036,1.3769104223942366,2.7994650926943767,2.2744131770584053,2.7975044554093635,2.113508186225905,2.7300722217794404,2.0926328411139745,3.368715582788166,1.5908853419671138,2.8625829077684677,1.8277066368293318,3.065059725254249,1.599559767163807,2.801572311011233,2.376335086241078,3.215406656777583,2.3064466682763496,2.997927945359457,2.2485767805537695
7_3,2.472030725631948,1.315979994430047,2.4259858100079317,1.4360637170732151,2.388808700289929,1.3933606034080672,2.3186618783030855,1.8939345818457587,2.3734457157070774,1.6773957357320226,2.311354322848797,1.396688240943515,2.4385943989849226,1.2577919233841746,2.372724053763858,1.58508679914683,2.2882363171667377,1.5863242759920206,2.338754515695796,1.8348982110946064,2.341015249687643,1.5490458072023083,2.318607149413841,1.489271012819573,2.5978282760348366,1.718273933597207,2.549543512453867,1.4711823117222267,2.526141989375651,1.5656519964680962,2.368673562590702,1.9132481429825057,2.3776755683543573,1.815300901016942,2.4108596598222123,1.6417422772944454,2.744424848022013,2.0966788530957903,2.625409193931207,1.6531505878753001,2.642619690971927,1.9815837510606293,2.44685560235055,2.0964223042510843,2.4598472144312877,1.9497400148621442,2.4945974192040485,2.045801839584627,2.5847419629401145,2.109443130714779,2.532293301896572,1.6533143642201706,2.5409632715930637,1.9166731144137874,2.3573114693341686,2.0507237772546905,2.3935650259904007,1.907517798124085,2.4176514313923807,1.883442359491254,2.6109249462460844,1.5763577835946143,2.5208822553085843,1.5674970596784028,2.5615669064760707,1.4265386981895685,2.344658868450967,2.002591533771,2.415876690905162,1.928209729285221,2.4481155695147514,1.8054190973823532,2.6858655763005674,2.2944586766247075,2.6465228723225844,1.6813796168840398,2.634754317493314,2.1532896724516317,2.4189173813411635,1.9810400131325536,2.3873985355208576,2.060352305350506,2.4362951664971195,2.0337639534032697,2.789830367021116,2.4094563011570975,2.6965045406287,1.662017373359831,2.714408408519344,2.139916317628427,2.4906619265222916,2.1186448609229194,2.4223786320432326,2.156999215470363,2.498184024775901,2.0995196350177077,2.5934526103741526,1.9550920043197277,2.568205191197316,1.67056874606,2.5044682294213847,1.9565015375253878,2.394678364101394,2.087469730133934,2.3455874700941406,1.8153726507563694,2.3841396477077055,1.8888709148288803,2.5997272326688963,1.524473683151737,2.5384381968753744,1.4925725509843333,2.505929367246163,1.5845422298928151,2.392446514265502,1.9578521489756835,2.392876179937073,1.8740995127902809,2.4068842965767847,1.7714020717524843,2.68383650137742,2.2146687162956327,2.6427853630788034,1.616670751367694,2.584371348196399,2.0177675986674477,2.4240955945284277,2.158226094765071,2.422352658811033,1.8938863876241312,2.359743257862424,2.0080187789835793,2.794335477066933,2.3294935738910083,2.6607639754519097,1.7666060592365465,2.7104992324672725,2.2075317856898398,2.4684621653458065,2.2252002509525113,2.4551555228031883,2.077109260664497,2.5096521887510375,2.1250596518229874,2.638264212956923,2.115661407171564,2.6191779263841988,1.5859183908012306,2.5806868925198425,2.020783701229624,2.4318749327456617,2.1085321906149845,2.4073984824924057,2.022844504056113,2.423021138295583,1.9505190293657932,2.6116373207775596,1.997191070240967,2.588354801503304,1.5120797760796716,2.6097528012951963,1.5833805475494889,2.3828361804496003,2.0273541171612393,2.4277147772839367,1.8589480443948667,2.400538324542567,1.8650386698503616,2.7048423832686797,2.366748761883282,2.6305255561918113,1.4331505400580502,2.6479437964099897,2.2169683176351747,2.4498427014005717,2.0499288814553798,2.455309117568366,1.8652962095460062,2.4435811924864956,2.0800951245462453,2.8135067854765237,2.529635779515219,2.692155227712818,1.5040108228300695,2.7122866902298286,2.2415168986861422,2.4913835828780044,2.145683260603664,2.508469662250903,2.0658939106283007,2.531295195229877,2.1078406428058156,1.8207996496407062,1.979666952416661,1.7474533418921363,2.0098220831378137,1.8896322048028704,1.8214922372991027,2.1950135778489814,1.8174510744247205,2.2319354227305004,1.7038136924622123,2.1027172071508566,1.6898241000591818,1.3919614399198996,2.230897825047689,1.517192331071447,2.0633065964295554,1.4087928110163241,2.1062579041428116,2.213311596125529,1.8066805310252037,2.220689602091128,1.8010395515458264,1.855807971634564,1.835157407265301,2.247170173012359,1.5208967811205338,1.7119305082923162,1.8123230955015672,2.2129921680015125,1.5963924432736911,2.3026351990158638,1.8490796593129712,2.288969707534683,1.6291627200516194,2.332321759888388,1.5931665355612592,2.5661250795853725,2.270066929202867,1.8900490998963684,2.001865578231015,2.534137818591073,2.484066700765364,2.446654511145066,2.070004217011368,2.3956786406787507,1.7393313226455864,2.486831716224895,2.1366059939786157,2.2586222883560714,1.8029491930246988,1.7960964675395081,2.2330973595683945,2.2217400626255284,1.759797730223187,2.310605014864103,2.044766737610227,2.320913912395695,1.7420103055025782,2.2398155500208556,1.554922639070328,2.158981828677728,1.763423757450749,1.6161388058068937,2.100305281443863,2.1393415724954505,1.6580852986077217,2.3407844565462943,1.9741021245921337,2.3076449977181177,1.7958205854825866,2.2705892578085294,1.5612567389604697,2.4636550921100064,2.029516501541434,1.9543205793812546,1.9132594693800016,2.496301672996836,1.911421858447822,2.3705647973015984,2.098380175265338,2.3495788954364323,1.5945340873014808,2.435720123154651,1.8814653812320596,2.6783785145802157,2.1495056642653285,1.9759482500000596,1.9567893149115922,2.6111737051690556,2.0982003243618204,2.475873670356999,2.116205556121553,2.4443037611512555,1.777305169967017,2.465872433186384,2.0051708889919015,2.376124404103803,2.124104440247855,1.9801907217735837,1.9926754146302674,2.358698122111208,1.9998047751876233,2.3977516879777006,2.1089250008139917,2.3617038888673925,1.6168398735349827,2.381930996415905,1.9207214490500548,2.29514395629505,1.8094179711734941,1.8944073384582067,2.0542136377950775,2.3356185558930247,1.7587152166103295,2.3984339220022366,2.116486042408612,2.369246694732862,1.7420752171431624,2.294662422080605,1.919992485690464,2.4643726482871573,2.2034874455487516,2.0325991295320027,2.05746749890039,2.532965637146475,2.13639973582536,2.452392863970805,2.122636292785088,2.382726107620536,1.6782647331077125,2.3930047541412307,2.057192907587257,2.689271874498807,2.353877691827938,2.108376970824115,2.0387929133771077,2.6720252798259017,2.2633511924242287,2.489163130933153,2.2109132930660627,2.434184616795452,1.8303212778226492,2.496873028375027,2.1902832135951833,2.396691221928097,1.7327180450277904,1.7941487644475553,1.992266518596665,2.322017875950967,1.599642727589518,2.3199636601288547,1.8820791524629603,2.3567843731816405,1.5919479384887854,2.2832946248414565,1.7117591330832065,2.2131416363591883,1.4679371625750366,1.654614751117862,1.743151451059692,2.2026947647053716,1.4738456218287452,2.2918285975097836,2.0131534506401545,2.320451457947083,1.8073565881030524,2.3326922683723486,1.6228616243951737,2.538874771156277,1.9555702458047672,1.9209862614680997,2.0880547506764713,2.503192454464065,1.9719736509061043,2.338950301405036,2.003845167423841,2.4099432492082635,1.6200385640116746,2.4196108189959826,1.934103620950213,2.6700259806096796,1.916504559247054,2.0198739708165636,2.017930767875567,2.6432436258713,1.8901353173404083,2.4200437944601365,2.087176057002003,2.4359541521611394,1.9213431074560203,2.503566986320881,2.0493064249106534,2.3945700695042214,1.571544367637022,2.352851302001425,1.4374993609352205,2.3813715130924282,1.3315213183127599,2.3819440166578123,1.8753266154912065,2.4498975575242894,1.8791668746684536,2.438222622223792,1.6799570766350094,2.3954392656063983,2.088012318920188,2.4280355567504417,1.7795434052854102,2.4330931974258516,1.9788863815110334,2.457054655252179,1.9481432798694414,2.4591358437188835,2.0099735640178196,2.415397198326188,1.9606509599775337,2.5167355071244404,2.1223621558459165,2.483577323185819,1.5255819216742943,2.5208606179543196,1.864576462695091,2.4720578893173863,1.9312745933116768,2.4222466536785876,1.9807444491237287,2.472225827163879,1.8761891603599943,2.719290589435986,2.5601198599562722,2.587670602947852,1.9488489295601021,2.6972560487769384,2.4775832835604295,2.4698906522827246,2.161077305969698,2.5071065876567653,2.07870231096044,2.553650251117578,2.1938553684438267,1.495998287168059,1.3939582086538964,1.275430486864049,1.5621675736394496,1.574556563328361,1.5906510682668797,2.1318506551389027,1.5846640707203148,2.200415743414509,1.4320796358940031,1.9679706461344988,1.3562080497445586,1.1495806859730429,1.8531493020632062,1.1984549744355482,1.7436830202799245,1.143017420252631,1.9419380319338486,2.1312149328882493,1.6204110710631618,2.1732758813383266,1.366298210374358,1.9087781783064455,1.6795407456255669,2.2163350142654057,1.1579289762741463,1.882518312844155,1.5086271451748705,2.262177450655258,1.051416446586411,2.308267223039619,1.788935541196921,2.2793041837830046,1.2869746822966337,2.2865213229486696,1.3115470307181085,2.460894383135869,1.2576010777997166,2.249109146032625,1.4038347256633021,2.307477438164432,1.431946747605557,2.4130790683182712,1.9110058699765329,2.3723420341048205,1.4139150582586981,2.3892312871623163,1.4876632030171981,1.451531286091914,1.5963954109897676,1.2626933303461148,1.4759516040843097,1.5447664567076371,1.5650950804257695,2.108115367166286,1.533750203336642,2.173786743485689,1.3671204463601008,1.9379490018510692,1.5636218456438844,1.1107405246549236,1.8330349359698404,1.251279769337891,1.8801670849404908,1.1288688580351214,1.8850860540740086,2.108781971416886,1.4957902068382611,2.1920392483844715,1.3905589831707061,1.845684448246535,1.5412749168872792,2.1839578659936705,1.1931865994824256,1.8715427281510673,1.456447489986015,2.2582707787303904,1.2198438860450902,2.243788879281578,1.8049630843825355,2.3129820010497713,1.3038902688106293,2.284092007610532,1.3535123380755762,2.431722968957965,1.4016265082420705,2.2384963737592973,1.6003076907308706,2.2897143595106413,1.4146742992836618,2.3758858712292206,1.9965841412779144,2.4021422398349417,1.498436669667972,2.2896557868262417,1.4955970141266524,1.7361256467782216,1.2351364045818312,1.5307146415392665,1.4071318007087397,1.8076986411092302,1.2662016756355698,2.1520090013122712,1.6266701458445283,2.2162844771129047,1.583891928115202,2.088259984949528,1.4175390314320662,1.563516117897277,1.8389099618456186,1.530520941665293,1.769373576642063,1.6071979349179824,1.8290193641757986,2.1590507619592407,1.667952770211243,2.232518648810485,1.5170775095574218,2.0550234697879883,1.4276214319156222,2.3186944544828343,1.1875316492401842,1.999355292877239,1.4406097140885545,2.372441346706646,1.1743158673516965,2.268677115681303,1.816765229858059,2.3452938128029253,1.4459252572360017,2.3357780260488727,1.4568757389883293,2.5972003512131203,1.359121164858655,2.29229528475873,1.545691044426834,2.429324606897747,1.436920333280686,2.43436560133618,1.927412745998842,2.404243051892353,1.749280128709259,2.4073443736925566,1.6347306121243548
8_3,3.5086461067996013,1.9059405041533652,3.3167161088791524,1.4184281048764955,3.64703293597635,1.4492977227034616,3.504729940012504,1.4151950799456454,3.5233044807301384,1.391552688086436,3.6916441052966222,1.41601352488682,3.162380231582955,2.3348100660759283,3.123583908817492,2.482198107942944,3.365018508248667,2.3942261455674947,3.486089671105296,1.7133832063009278,3.5522216551186547,1.4191377389266415,3.577985633420958,1.508518807721329,4.065982168485402,1.4758632402367349,3.6972945133093202,1.9077661189484976,4.247608778143135,1.5070965634435596,3.710618711921367,1.4488149494482634,3.774217446575711,1.4189619129739572,4.032192776300597,1.4239067036769326,4.811672705372459,3.7234319672121674,4.090620310924861,1.8776525836760398,4.799677129957646,3.0076856191391994,4.103419500851654,1.7418601849231865,4.085751794226482,1.5626766318391823,4.263851272803706,1.7531525096238356,4.127350217791504,2.4846875373492474,3.686484455425697,1.4172587403256507,4.239228532760272,2.34505450892153,3.806433702025904,1.510062032207793,3.8524420784962805,1.4243633327910912,3.9404702913714313,1.5223614413740274,4.008427006397305,1.4739341352350392,3.6127667889816952,1.9555020520799582,4.21430049988542,1.571966668714912,3.6958066192284584,1.4964653506878332,3.7721024773371723,1.4471395220110743,3.8430481074571357,1.5922769223745934,4.4168622824415875,2.744690912303332,3.9175132083624655,1.751580959950759,4.470723030428576,2.8052816526344397,3.8742727126066936,1.6922966076513857,3.902475777710035,1.4348111061429738,4.13566669844909,1.8953583657763562,4.8704679516164475,2.8112729570253676,4.2089783282113045,1.897291369320048,4.882262533086174,3.0568258139170066,4.128491542285646,1.8551274227875725,4.130291132824649,1.4384148515362525,4.366369465650149,2.0484417841800155,4.03869622836175,2.78946841932836,3.733510245052039,1.8966243933330462,4.145281034234722,2.499639453756615,3.729127733873141,1.5518439159426216,3.6918615943272823,1.4255670094850237,3.927838946327904,1.6220277529295126,3.935788503218285,1.4361768989988066,3.619687843655519,1.9764336233754076,4.117222622635092,1.713118363072694,3.713356129183427,1.508412933834421,3.726242753941901,1.4216519398243355,3.9472500486698054,1.5063726666974901,4.436711218266346,3.020008237988747,4.046718883116897,2.184204419862522,4.442718807119843,2.7400049196138,3.8723646227394934,1.6218182558062582,3.9153111201629014,1.437256664891859,4.153931198639481,1.8275412976806507,4.779414746081966,2.9852424607603347,4.173774816647495,2.2215070825122254,4.851090349340521,3.164448524443624,4.143183525074863,1.7334937410325495,4.066890077980709,1.4206310181479962,4.323757321376989,2.0906575935523906,4.128605153963234,2.66357854052591,3.7660070531269056,1.90510634144592,4.255494031173422,2.7002238580649736,3.8192237503707296,1.5832283998399472,3.800969912247439,1.4393542497285299,4.006030396995887,1.673569555650721,4.202949492330731,1.4752096746688133,3.6940280571053385,2.1256798322292485,4.261679089737545,1.7344817504308196,3.8512461359705714,1.5961248224146174,3.914711631300748,1.4290323194751413,3.92571374372823,1.5858899634073216,4.4452833639037275,3.097423744262731,4.0284631217492635,1.8764216758210615,4.495618481695676,2.8541263195415114,3.963901307825624,1.7249262732565127,3.9358259901647408,1.4399269368831547,4.142830549190061,1.9222382962334155,4.844208712815879,2.951841005562862,4.297234530013249,1.8752209058950198,4.868241222155209,3.2511436404483143,4.249185101755572,1.9185489265821738,4.232854691415543,1.454505599591491,4.465724125881298,2.13829136551784,2.4924861404583445,3.596752916458166,2.2646968197076607,3.00184832786668,2.6228275131607104,3.3310232179442485,3.133206005401554,1.4225608974839619,3.117071354721661,1.3930052468256844,3.0469759366323363,1.4299911323234955,1.497636445710227,3.5214241376376396,2.0697649087356784,3.2710337185881615,1.8551777004585732,3.8924955619340054,2.996764426326312,1.8982789163844482,3.165862955409927,1.8197029949073555,2.7868141565800135,2.1609422307409605,3.4327577617497034,2.1217510414914353,2.3531554794985428,2.2620002641942945,3.7432435713521603,2.453190151688587,3.607579594277295,1.4266907819554402,3.4632275431692663,1.3804228589540883,3.6572491275741976,1.423474343928984,4.316920715789038,4.098421355643346,2.567927365118178,3.2945995037810207,4.288017875936352,4.488702690659475,3.9898832675828606,1.727528292059016,3.8736299864232207,1.5517600450630604,4.229133325061041,2.6662484871620307,3.300600689179337,3.567715123527565,2.4401985934986996,3.7154296597454404,3.6130348765011435,2.8328644293544536,3.431094724389552,1.4385486650360626,3.353334812301741,1.409240126565595,3.637238129501084,1.448529992148649,2.762402237466524,1.9094089150704614,2.049486029158157,2.1189448250565124,3.204569463704048,1.7183381265170743,3.530598605873549,1.4659206706991015,3.399813816200571,1.4518514193318,3.5594975891648906,1.4430414465101116,4.170526059678854,3.7168056434329566,2.4415063284737117,2.2747451249260764,4.146196281407681,2.8128281075107298,3.8037938462658425,1.530129815061851,3.6888263750398624,1.4246287927532733,3.934034457019463,1.675819087674179,4.664889334200893,3.830147404002796,2.668198869615873,2.204056756861941,4.668710156081732,3.0057618024253916,3.9201825259666534,1.7429693298035889,3.9473318608413313,1.4274812052244916,4.274085257502879,2.029935208714269,3.9127202090718423,3.4273891828177945,2.9837467174862566,2.5777080445521725,4.072612339986419,3.685131811661784,3.7464973505563335,1.4855621594734862,3.7075564876104696,1.4565865587205247,3.9783429277244307,1.6605805469000685,3.609910284183892,3.7072670211619396,2.4916779812906125,3.174725127832614,3.9836850575753306,2.144791675870261,3.7691097313282906,1.5262726386619516,3.70654492962666,1.4242111008308052,3.9177269755698347,1.5496344420144252,4.344427806010946,3.700267392063159,3.1855777008719266,2.788403578290938,4.504273721941201,2.978233480044915,3.9573121721610973,1.688524434507587,3.860385286890734,1.400528859287131,4.100216411630508,1.9182708060305376,4.830079282033946,4.000610839652007,3.065343412623575,3.031454377181411,4.8189852898403185,3.50864910166926,4.109143422346171,1.9301937905040483,4.112715367131405,1.7356276796773784,4.318190381630137,2.219023995130303,3.3543943224491075,2.412143358067418,2.103523006088611,1.831262907942084,3.706058768222088,1.8954317165054189,3.5034732747668214,1.4429630926920907,3.527278844752393,1.381293964714148,3.6061350669467815,1.4504833409599236,3.0130964025485354,1.4539645095933038,2.012328825695456,1.9092724739131595,3.457964514098717,1.416184376296444,3.502545302037857,1.450781134182094,3.5174393283768954,1.4234344040679772,3.654872999629721,1.4252132843295302,4.128836893292158,2.3044011345206803,2.5648405872470263,2.1559954979471625,4.264984350580733,2.674735700995286,3.772784405413703,1.54331139160488,3.714916538297421,1.4112526370048462,4.025206611624205,1.6613772220253558,4.635238729214009,2.0243944528324453,2.5389342804455977,1.9083644244845541,4.6690759617466,2.262711961440697,4.10443147590764,1.5944043715810463,3.955814383143602,1.429785843170638,4.345211681397575,1.9706044770367606,4.191655479182744,1.5421483511930871,4.250754681899925,1.5417241720098105,4.250602903130203,1.520372635266675,4.53758146606242,2.020092163986667,4.50052283181775,1.9748534205787134,4.447203311390819,1.737130651327793,4.434167876813012,3.038597599803894,4.517195619984772,2.455505350164127,4.554219962486483,3.0202701325100154,4.5931285998578355,2.228281212962457,4.62071042475429,2.2441465164541876,4.549487017709886,2.356986406015005,4.623669388085165,2.690825469414871,4.539446538349175,1.8390400366674013,4.688804758785729,2.3893006257071225,4.409738629788798,2.045194559752668,4.435192261597044,2.1258378084072307,4.451284135505752,2.040723632053771,5.009383597724998,4.4226911345950946,4.841898176849561,2.6709568471966096,5.098885207188584,4.069480830586084,4.446975869831266,2.376845593807456,4.557056205259007,2.3774069555202098,4.682280435417385,2.574570966686973,1.7828839470076394,1.721041888783593,1.7350200306695556,1.396294768114562,2.1269222241120986,1.7091191465589648,3.1912518873031184,1.4104530942299875,3.360681422495596,1.3609685277203298,2.8907339438857416,1.8915803159717466,1.5222845501683808,3.7066683186266007,1.7206851529284148,2.081367523986607,1.6402815619130842,3.736141292601187,3.206368407328215,1.3997514628956744,3.393003217236229,1.3089035142701293,2.9054437337649945,2.3835369252138365,3.2619289887592897,1.3843678115719853,2.734519771903595,1.3971634481227635,3.5905053132054174,1.6945806001571986,3.6579435239885223,1.4440499077957136,3.7629286792618837,1.4109119970243833,3.6918261432229778,1.4017642929250118,4.206285186290466,1.814479642556756,3.6454685052750047,1.4540254764478258,3.9547914948857668,1.8011186333822538,4.061587480414326,1.4976688426674118,3.9424062714025068,1.4590593545920254,4.119469132249374,1.435981983308063,1.7675799054496224,1.924760557661866,1.8066217469120407,1.5215686247429359,2.0869995030836304,1.9035200798694447,3.297301932125232,1.8290929808537564,3.315967308095781,1.3674342172265725,2.934821938001814,1.8434170914388317,1.462909152111991,3.8676319423924443,1.9176616572288738,2.1772640492962023,1.7432905907387195,4.0376077729832796,3.312090079873926,1.8604149818225961,3.381122967792845,1.4265098784646426,2.838111728088259,2.215018033604046,3.2624289296660116,1.3960757671447426,2.7892477643951232,1.4201153403895648,3.575704577175707,1.3846464463102381,3.6184217112494466,1.4716648988640249,3.7341390182150924,1.4313651394065843,3.6450577826837622,1.4158649058920438,4.140256165028545,1.4445673087126003,3.682639555794809,1.699669221799318,3.8767311594425986,1.813072447092111,4.03395333760844,1.5738674121893352,4.1009249430447,1.442825740422531,4.068099101082806,1.4321557976808972,2.1803953735223005,1.9873879893463962,2.0492096186775264,1.9067462443725325,2.5035259130154137,1.4408298593886943,3.4478842441274415,1.494431938603456,3.5846242652794866,1.4239990173731925,3.29902837387677,1.736719968731094,2.38621877201579,3.91440950657602,2.4354414570188494,2.5696957322724363,2.385855260400293,3.920067955589711,3.495017515095627,1.4484145715100776,3.554790667205122,1.4000871281324192,3.3664602302340247,2.283653215905068,3.4309927942645357,1.4177256631620943,2.9032362019521214,1.4231555883725113,3.7861036630034723,1.4141043130532762,3.7133005369906,1.5266490236938195,3.840496302321419,1.4269271408109718,3.759998231502724,1.4327403923924262,4.419992674097777,1.872171254896908,3.915855061424781,2.0324323875907417,4.354460863191511,1.8838661596829742,4.034397111555779,1.627425619610876,4.176081166548455,1.5456585582296263,4.187724959138226,1.4821119689588036
9_3,3.9573068752213416,1.4428550552617534,3.6413555759861698,1.4374667225843993,4.088525932057786,1.4542709598309336,3.7800638671217466,1.6668736724031676,3.8287174146011,1.5369954484191841,3.929313831095881,1.4542389936887827,3.358266267071288,2.056241909599737,3.318627953462939,1.9655870040201702,3.608324594346136,2.1640408151012243,3.712936621662399,1.5412259689915644,3.844619804327568,1.4811500445420251,3.794630348068494,1.4658663848600215,4.688913034503062,1.6712410486109928,4.116412924006607,1.440884158240067,4.6444185477970334,1.504482649665758,4.034085761886973,1.6973990186517003,4.101880868408535,1.6797555317649786,4.099110683396185,1.7595564229831608,4.970464515982592,3.1739735051939557,4.355536543428888,1.8469039096131237,4.910715919594062,2.498327901136372,4.406949102803794,2.2022598771014894,4.262527422970078,1.5362970002450176,4.380770128911878,2.103220762674603,4.714488164589581,2.982212806992407,4.0618297684135,1.4465902280660763,4.755578445326046,2.7335935944899243,4.171765645728434,2.320280010586729,4.1214730690207695,2.0166713037374153,4.280074553906891,2.3451760223827325,4.564929913128806,2.117697058408296,3.950414670675865,1.4400189210079748,4.636951903338653,1.5498038953296276,4.157594207885396,2.1616166987190737,4.125732821892298,1.6873436337568724,4.288115947694008,2.1752724626965683,4.87693855580234,3.4627224153016196,4.270671368896825,2.069547951601085,4.903831752810705,3.3063268742596974,4.255870754030671,2.4701324564275504,4.246477211763165,2.171163090357744,4.442463747826655,2.583024250110775,5.091482717279202,3.1825232667560743,4.4722172251357595,1.4615945568116058,5.066706686344421,3.469787023583823,4.461483968994926,2.55326761178643,4.403961182675851,2.0561610343584147,4.534130876633662,2.6912278550169146,4.587852277118791,2.810106514408829,4.23485441736654,1.431076495298919,4.633532508396184,2.4654551808396095,4.089273884203895,2.232419259601443,4.1320916100236404,1.8958357821544347,4.244270251316877,2.5677757659439315,4.416471635754842,1.4640768610652841,3.958697788156715,1.4650596849339634,4.546114642760251,1.5063163798162218,4.0990738398921955,2.334118010776772,4.06524514840692,2.006700216403226,4.322913504372563,2.1447855981592765,4.920054638027472,3.453654951901209,4.331815058540995,1.7378098048764097,4.832566508816806,3.409862920495027,4.300182866599093,2.4520975047904354,4.220323285648486,1.9705365381379492,4.39732673252605,2.5770660167656554,5.032830023448659,3.0874961415439937,4.403362846003834,1.8599269807646304,5.047902077256902,3.808228190906865,4.402857567143195,2.66077008536399,4.383938118655676,2.118448011880087,4.612099406405339,2.639318194270889,4.71888293186303,3.2146629294249793,4.049874803527909,1.7473873697769975,4.7736017740066865,3.1807906775028627,4.138442914140778,2.408841653595556,4.224046974850148,2.1111833370705657,4.348963530913666,2.757530564530275,4.714749158678386,1.4734662224537274,4.050854347664178,1.7980723627565751,4.754596425679905,1.9919905542947807,4.068628846288754,2.2609292786774065,4.2444492312714965,1.8943273464906376,4.311515037367702,2.2897283826467287,4.988948917864295,3.783233169603019,4.269915948707425,1.8056332360974332,4.940413233097669,3.673112976714974,4.207448870343714,2.5985660889249735,4.315469237753218,2.082179032918595,4.398883259055382,2.8005421604925393,5.091279703955619,3.6194824727055366,4.455622390304423,1.7434691731734224,5.031175908777911,3.7668429026443535,4.489520973230875,2.634799775283349,4.420634788453531,2.294503907530436,4.612412037639353,2.822701132751488,2.3073905802682093,1.6979364004554403,1.7615705014672896,1.6589286371710932,2.6915118945480336,1.4616815398080172,3.4435845006659886,1.4617391762959748,3.4938949237522907,1.4551153845576976,3.3219275969658293,1.4677246693333552,1.4763087103995776,3.0602085047729712,1.5486385789695964,2.7822371655045877,1.6269241074998015,3.267255793289568,3.350286513662777,1.4845930326898193,3.2549102107538324,1.4899413201495224,2.934755960390325,1.9356526568782937,3.935687975340458,1.4404577001949146,2.063640782513412,1.4642212605706737,4.1074492727659715,1.4497250284814112,3.8228908631724767,1.8018981286757652,3.7665038436276097,1.778048061016145,3.9364971975527987,1.4445154014928157,4.629653795829704,3.91730995297935,2.259199567359395,2.362324527684661,4.444216536420031,4.237026506273941,4.285079217652175,2.084414717377031,4.103203111240597,1.633106708391938,4.340243382054198,2.5131912733549684,3.716223042911769,1.7629760593713835,2.138408959921087,1.4670177336728776,3.911713862201734,1.5417799094356246,3.886717131601012,1.984962311860801,3.898895347318992,1.64703353183571,4.01842146956561,1.6045811241450618,3.1935975971536434,1.4662011633472165,2.0007078023908935,1.9697485698641297,3.67016350107209,1.4652717365703791,3.7832312691095127,1.9130416044102334,3.7980473901195237,1.592258579578311,3.939999035862494,1.6021636839960443,4.539127057574311,2.973115335252371,2.415263637547059,1.4722525805603248,4.517854827031821,2.656163759823304,4.050474894679547,2.320945310729495,4.0443422856147455,1.5275451700741585,4.1636099779446525,2.4293869790216123,4.888342723086651,2.449269962357668,2.3685720394024026,1.4794448213669562,4.867585925152813,2.517685881521336,4.33847750540045,2.428641797309211,4.278245106011257,1.6206033696730915,4.49941158561671,2.6686603379603797,4.328076453528833,2.0545346792334858,2.6027449205892452,1.9106919362016865,4.3778243711083515,1.876177214139402,4.08587886052246,2.2177256257616618,4.166186935861425,1.6550551274491012,4.119685068140129,2.1104126175703177,3.9566911459127825,1.4580537080832567,2.216176661986601,1.9988611591070888,4.164505907911423,1.5451426434568059,4.0411442220148,2.2766507653547374,4.182806663586162,1.8936052878096874,4.2588260548189165,2.3202934317951582,4.834464181868197,3.3067396007983887,2.983161128313803,1.6916307740269212,4.804458860641756,3.0938901744839598,4.2827830147246235,2.5326035347664857,4.145156055387159,1.9990157902355115,4.406215596227123,2.6995395256276087,5.075587733510616,3.379950519871525,2.618990959258606,2.2789414524987275,5.06491378552954,3.832273223433785,4.4030061276047885,2.579102801202897,4.355404108617333,1.8587358312669333,4.5623151107498625,2.88279577769089,4.013898553793673,1.4587934948481027,2.1330712615241225,1.889510313486346,4.240230346256986,1.4895774365917294,3.910213149237513,2.030054016177671,3.8522941888599354,1.4677835504339878,3.959767488944947,1.9831450437255196,3.423996490820012,1.4514548044076654,1.5918725095797985,1.9634780244734475,4.036626490422297,1.4397131610620233,3.890697505726922,1.9411320892559802,3.7859842401030566,1.6152416656118442,3.9535895302436064,1.7203501197615132,4.5947809380338,2.5097377750511884,2.3443030886604377,1.8654267250640215,4.750080441229452,2.5784637461616313,4.056208156352393,2.2027570288068765,4.04765722555339,1.7894953521940808,4.321174450180608,2.499769133987211,4.8713359925447834,2.139140957580289,2.413923306705603,1.7446168435818827,4.852811452134461,2.429646547798349,4.309488515482207,2.4988770954978388,4.275647602817304,1.7751403518562987,4.538713340278956,2.592810280828985,4.329437091810519,1.6081721839460803,4.370200698450516,1.4686346761126492,4.356921829671868,1.4794131096176624,4.24046459970617,1.9638979250850674,4.36418237646378,2.043398333160763,4.2097124310799,1.8513533183157043,4.5101377813515855,3.448666633198715,4.467804749405755,2.6217491799412236,4.504349809645215,3.3175907515660463,4.316998783297082,2.298621329699581,4.215586532591533,2.33499825124009,4.354156395209152,2.536901647259924,4.792265576425718,3.193171352643686,4.644733228756529,1.827279040761986,4.727194744042836,2.6542308414115956,4.288562262492696,2.246246645322273,4.353859304474654,2.2161771261246392,4.418856180859235,2.2124401555075344,5.06666978226418,4.597266963946157,4.878823602641536,2.9631207000799566,5.040793865732597,4.426419967501877,4.416081766626457,2.649942543843636,4.513737924239907,2.5532625780498495,4.55442874665564,2.8669086639570547,1.8741298498134793,1.4457069572915795,1.7564479198111593,1.4336649513825137,2.2962796738458,1.464825885886372,3.2350267244263833,1.4517793774887309,3.370813369789816,1.464404993698769,3.0533410611170906,1.459261039547638,1.4739956539415706,2.686154464111179,1.521501112190902,1.7191208257567665,1.5445977767162427,2.8438894000161996,3.218410887646925,1.458006689129516,3.419911740841302,1.4540689610911302,2.8606567387304396,1.8751489135963213,3.6959683071163014,1.4335278157659894,2.861329018791298,1.4504490677522388,4.002945813232962,1.4483762435593002,3.6651362901018225,1.4873025723141864,3.7716155259682713,1.4922750172047958,3.8676753995811186,1.446377959459359,4.352130294642174,1.446000157537555,3.696657519834125,1.442405442703628,4.006249699857414,1.4634163410394498,4.195134975976338,1.734560105784989,4.167275317237664,1.712371549298116,4.15405757593241,1.475690781654633,1.999306769378073,1.7134309629925937,1.8167111877790096,1.45688432893536,2.2832154782186938,1.5387566436212465,3.3144836976439955,1.4636216823475112,3.4194179228234742,1.4451328284140539,3.0792983783471226,1.7208037394793951,1.4805305196776515,2.62184831796604,1.5020012631241142,1.927399372771587,1.566626105891422,3.000016765578226,3.244384211620815,1.4430982938851944,3.3859288080388406,1.458871572267357,2.8589314235946457,2.0312970076276406,3.7567022934746803,1.4296110570542162,2.9813789672246873,1.4469585073479934,4.037231814628446,1.4294296169607437,3.780101509896573,1.5196430743758933,3.8306586815977473,1.4615774539712914,3.834289264842478,1.461269288547199,4.311701961697298,1.4491573309508323,3.7866880644009777,1.5263911213761263,3.809851544273342,1.4669369487521662,4.143987926359751,1.81554347368181,4.267591767502126,1.736778070298828,4.189523264678195,1.486374633116987,2.222168560780112,1.4971947358644913,2.062530123582206,1.4772948188217674,2.633522443832049,1.4363852740040204,3.3917145668491187,1.4658616174959358,3.4507395679901736,1.4723175799545363,3.2438914736979574,1.469160387366306,1.7148109068684452,2.6246970524450237,1.8621264553216987,2.1201405316710975,2.0370986300226197,2.787058209567773,3.297011286275046,1.4622746748421125,3.4078064748236954,1.469557601615658,3.0309702346901957,1.9981259796312716,3.9486241730051654,1.4581525919737914,2.9691824956482056,1.4423017906850302,4.156354678546352,1.4312888398418087,3.802783781676072,1.5255702603103598,3.8658908945114243,1.5418218109020452,3.927408661028052,1.4607624323839257,4.518643110194332,1.457299621694291,3.8404002423116688,1.4705164294921238,4.316684419049268,1.4672044494677603,4.286820081006486,1.8166196283152563,4.2315199569630835,1.6757346608583248,4.224465434702454,1.6083153597072255
10_3,6.014513961371162,5.46070958660982,6.00394347806628,4.586627776247724,5.763031020830668,4.803870013703962,5.657721074120353,5.254727635537108,5.706916394434042,5.088504816456355,5.681550223016223,4.623310394325486,5.955567570760461,5.148900485295631,6.0314063388672565,4.832967310865809,5.758596900145806,4.573141217563373,5.628428772029943,5.176875085756186,5.755989258310892,4.988653986475266,5.663763951403031,4.616557034257458,6.07682932817044,5.519034904294438,6.05032053806622,4.661251860129232,5.971189564973098,5.136716486004157,5.697482765508093,5.241021087881105,5.694877469174042,5.320736040196649,5.762152508262232,4.913670134258203,6.13765221889763,5.958597541807976,6.164041184690622,4.765106105648951,6.08412519904444,5.047319312086081,5.7136438257264475,5.431665381179748,5.720326031253786,5.393527500771084,5.73048965999158,5.187235506039495,5.98539303595216,5.5628844141031735,6.051077660564077,4.63478939410952,5.946308794515167,5.1735367610630085,5.67680281193012,5.271452508466831,5.772244510804996,5.18909477652463,5.732099538828037,5.070307125563718,6.073352857863885,5.709511837706961,6.108489860727733,4.6792279097508205,6.015576763863764,5.009696794050725,5.705885349267721,5.418712923677342,5.779352461995832,5.33841348786853,5.7341234649280235,5.1326336663875525,6.121147333520842,5.894699532882922,6.1379430238074955,4.67573060614148,5.992357466902932,5.392778785262372,5.7491459822844595,5.3950165124502165,5.692308767883731,5.374512320528534,5.763747644028269,5.354281136887945,6.234157935241544,5.905813419478427,6.163006695466071,4.909488030892781,6.09262993357454,5.527191433194877,5.763621259483053,5.426855764555695,5.787988862643168,5.442776054389732,5.829101650888829,5.414369934646109,6.014078707148001,5.6034549412430925,6.024653669358465,4.520359121393489,5.863992887164311,5.222967173718244,5.6632629030107315,5.357751862804598,5.670652850399658,5.282431280386023,5.746767386055903,5.146657346401569,6.001257019459392,5.528208689103483,6.038897629072493,4.790181891141784,5.891757308731525,5.0154159338259685,5.692157209753862,5.342844900062919,5.732116881608889,5.087941691600147,5.68889053166556,5.0719457517887045,6.127821575624246,5.7696318349727695,6.081049799166337,4.633553153403366,5.943325038653749,5.319473861045716,5.65618895167385,5.3922986525567405,5.804724138293042,5.158932112974454,5.771433429618257,5.32581502973284,6.127307056745693,5.974384894837397,6.152160713724046,4.753226147038507,6.065339959282988,5.40593938790269,5.771654765552795,5.4411635753533965,5.753377220927132,5.389078613404086,5.8397973140543655,5.376596832667697,6.136900346522855,5.781048948132669,6.108351874725123,4.650303520288022,6.011989353877639,5.361423423591671,5.703826579527117,5.323097097302835,5.753702852821699,5.277756335334199,5.768840564631987,5.28682977949644,6.131937177481597,5.820425145212394,6.134714776721649,4.782187295848342,5.979446487230817,5.160032500216944,5.758727372225897,5.515631543006237,5.709987310226517,5.292359315381665,5.764107027228781,5.223590831394711,6.164505279679627,5.832194922678132,6.101878660279092,4.8433402008405615,6.065587826294149,5.430635292431837,5.781156243014007,5.419752987098155,5.7272118084530765,5.0893964295080085,5.759631768732149,5.449208632875727,6.219292153274414,6.037685357001451,6.155910302048941,4.834765440966704,6.096436854036657,5.679122283987025,5.788502955981135,5.45333217600148,5.775849088270853,5.46216336961174,5.77414076479452,5.406388358515393,5.347366991762326,4.892711927433273,5.082815514629282,4.521819524525435,5.032642710894914,4.7742422786079555,5.510390238352729,5.195415624500334,5.497626455704881,4.60149894149106,5.30413412384579,4.419602947467059,5.094838451891772,4.989811524761902,4.976265582478415,5.258868671484244,4.629470431147849,5.148817828307489,5.478402251718893,5.123521835110915,5.501783302757217,4.976940907302196,5.165301573545999,4.610428883914485,5.794060771909683,5.130991554195616,5.343976543094398,4.498310590264658,5.572535178767442,4.735212150984421,5.656567713660557,5.2981042516414805,5.614601925358066,4.476708311480064,5.589430491793579,4.512771662667412,6.002158321860708,5.519467418191019,5.688998314707609,4.915855593178334,5.843179952146063,5.665333584466843,5.721305137873953,5.34108522935817,5.721210530066882,4.812884215963087,5.745534121253948,5.001774827905306,5.715388838739076,5.138114687912569,5.346429863142295,4.814246002719549,5.466596051758421,4.899584472845409,5.620180576677841,5.349073060460795,5.530311385370079,5.123173671524058,5.587466582810663,4.808580767910842,5.674553298494549,4.930458299254934,5.267910824434986,4.789795133627946,5.403937176293854,4.65555213062692,5.662163646574592,5.237315409069966,5.5753039058057965,4.788855539474254,5.50027540095012,4.84334097587473,5.841625926828987,5.401425993201487,5.460324555907794,4.667070322432012,5.7565312162937525,4.945217419035842,5.728259096089575,5.203995718840495,5.707535315421631,4.884030049621266,5.652948841976415,5.238613855046144,6.056853808144349,5.396422994027318,5.58260359370115,4.825390666460804,5.939098873886252,5.320766705477115,5.716339589161031,5.305974395191444,5.740573341108838,5.098105376644364,5.735478375527229,5.360394332518914,5.572651579767788,5.29696062280023,5.398406880883156,4.8770872836961,5.415313003718897,5.068125137213764,5.638450845617897,5.332131238790176,5.676860433026397,4.742391823643038,5.630750531287374,5.113061095163866,5.601607698571752,4.968417503204916,5.255718686909598,4.765689280773016,5.419661669426549,4.685032744792529,5.632699369805823,5.390480440888771,5.685567403752118,4.811616758854125,5.577929744968323,5.006758767392067,5.869236272724828,5.462507138648689,5.581554614642516,4.796876501784546,5.702344572425303,5.2157422024657665,5.668654805410036,5.335066716418036,5.62520096044368,5.241672393487855,5.7593667687447105,5.157115493974235,6.031875865935034,5.756162685584488,5.794138594324846,4.773759484468904,5.856703039051603,5.527036855165622,5.779757002970972,5.368193650878099,5.707094520748388,5.201742493073563,5.77753138082982,5.4511899391025205,5.8278200407813,5.309527515743543,5.353573524918588,4.560316890050091,5.641542395795188,4.876606086816231,5.608829770546135,5.181247689870861,5.669556192694417,4.622096587172803,5.597048834420574,4.961357736286747,5.845704561061887,5.150516569276562,5.384908773064512,4.900437189405168,5.57985488953041,4.6868330698662115,5.694001722903088,5.252295990428542,5.621868749975298,4.775305795579464,5.61376159922117,4.726282903810346,5.939818045693224,5.4400936278671175,5.652618446310014,4.580746718723942,5.796901688764885,5.139343218805262,5.66686331867034,5.3314593609378065,5.719349433980815,4.427526167625148,5.714289201774152,5.182758285543045,6.135153722716608,5.735364730752724,5.760702836554431,4.802927083708339,5.984624075483835,5.160951507771866,5.739757460632921,5.361246251610608,5.743044065036738,5.076713600824183,5.735855177014309,5.210207160426836,5.742607344331479,5.263038774604379,5.699058750650369,4.241185893826522,5.74839048089429,4.660493152463841,5.723016833103042,5.20566137092878,5.731185476231034,5.134920577211427,5.662116802925617,4.787049016521474,5.741036927293285,5.494942869261334,5.717178274381157,4.9006046656892,5.760553421254577,5.3147742109950045,5.730089982946705,5.232635698787566,5.761246505264423,5.0481009397918175,5.737591927101782,5.235734979279413,5.901229150850115,5.58314328367186,5.8177147128780025,4.532077979997892,5.847148002006439,5.274868896535638,5.754126417989695,5.169028177819109,5.6483571215689805,5.123066543154003,5.718888077418779,5.159323850618175,6.080529782621841,5.981216129711416,5.964044760214195,4.982170617421102,6.053676441302639,5.763160927790358,5.827198201272555,5.449255694718691,5.832937341285668,5.287446527186513,5.759586657620765,5.536950484270406,5.334990789762316,4.483139739046191,5.048893176521344,4.281931904224249,5.167770958215198,4.170575713404328,5.481891399290976,4.897654554559691,5.535621563650551,4.231752652990358,5.311248648890882,4.229816495961938,5.174424685624882,4.896845068086448,4.950908245954279,4.431647470541308,4.74570576705609,5.012712829090758,5.523911260039791,4.897898061341716,5.480848243628712,4.326316415033169,5.226549326840329,4.273546330064069,5.7444546753038175,5.167330477915401,5.455314634526483,4.074134240881592,5.666380281487425,4.545710191811752,5.601009388110664,5.121994991445666,5.638263746469655,4.381086305121783,5.605296785502366,4.573929954376619,6.002325214610791,4.7916473691245365,5.714018374159752,4.259106194399573,5.807193082416497,4.33258632394965,5.748748982841214,5.323464481942729,5.720976620967939,5.02308973952545,5.743689738122154,4.6197226480693745,5.324269883133007,4.391244406994975,5.054679052347211,4.256922264143369,5.045977075217727,4.0619241880674695,5.431187225150324,4.931972451827304,5.499035643881192,4.130115452999711,5.225631033232732,4.274690027281483,4.991875085963931,4.854133305504273,4.771826370711064,4.624630704343336,4.626563135465564,4.866553052802827,5.477257867173956,5.032262728412805,5.399477778406214,4.498323948972705,5.2206100018174615,4.393302736480226,5.720246594031019,5.123424367870214,5.429802013124471,4.005916774446399,5.593552788070299,4.45312229908546,5.583599399929893,5.111598731815608,5.5782044396887684,4.510565095011652,5.584753691700196,4.536637412213857,5.902240909092288,4.5522333805318755,5.728095927482477,4.218045198298069,5.694149184556272,4.489199703646814,5.718042897731629,5.282295922725861,5.685337092477671,4.836001878101846,5.699401332110709,4.7739687500383585,5.388407859344824,4.377353653823559,5.118132231781528,4.119681159700495,5.373991310848502,4.088391581758824,5.476869931370184,5.046353743681801,5.581450478941946,4.282105850082184,5.503135084309324,4.368711452115634,5.366696246267215,4.732090432513369,5.179275680081482,4.681402463496135,5.221355927585667,4.856326556569403,5.587265783091878,4.913358929869937,5.57740454811012,4.515856954344864,5.451180675612363,4.350937508678708,5.776521297173461,5.306236758760243,5.554932921581713,4.1802863823880125,5.797972340334107,4.663769956371548,5.588570601166468,5.205896889512986,5.592649636622071,4.747996728204513,5.575512518034595,4.60306996200672,6.10411023533681,5.084566666843267,5.850890843566319,4.366276346895859,5.908891110473993,4.516337222997212,5.8087899453179785,5.213260126325948,5.75210165437052,4.710487102484238,5.691667265418954,4.88980641916663
11_3,2.525680832245236,2.4588378342618427,2.48886245627833,2.532712505748352,2.4895106993632017,2.419139694559559,2.365183820964296,2.4140260612237334,2.3601823851278656,2.468251743098128,2.401699540391526,2.2100636295662675,2.5334001654168734,2.4949985635205643,2.5138349501728032,2.383468990805189,2.435126603957158,2.224903638612962,2.3859614699052614,2.416272266294328,2.3743449456716506,2.4117883538733156,2.3837203114948906,2.204752977903804,2.532921435332133,2.5771214723995874,2.515450702097672,2.5661071817790653,2.5284469356097805,2.4774935372761986,2.387754055263286,2.44525555933498,2.3783139962427655,2.39625757495152,2.405847744366715,2.314093049915035,2.6243023994905856,2.6291295462888575,2.620764785879557,2.6058106477114493,2.605175778442387,2.5592262676350535,2.4079889712701923,2.4391942788509966,2.4212972691320993,2.4526224896103646,2.4148134626273894,2.461509223564107,2.5140412668200423,2.581755016238683,2.5576563473992904,2.5171812141921763,2.521553210217091,2.485038815136193,2.365357522467962,2.465197456292232,2.394399846983725,2.4058298884344715,2.4187390209871458,2.3854092968412135,2.549917443992997,2.5035740804090567,2.5400530277101283,2.5491431740390578,2.538507005467365,2.4203897983191216,2.391685166058665,2.422353302972968,2.390282187690579,2.4140285229599243,2.4283776138232773,2.4235248704671704,2.555696003829873,2.6023545323895374,2.583223758851624,2.614741729686061,2.53288088521373,2.5360528734687735,2.3524083445557054,2.432326488712964,2.4668232395683174,2.478064551551313,2.4044426899907467,2.4211839231311387,2.6003736932446024,2.6248275131340786,2.6000513243509,2.6087462704598767,2.6567651823170606,2.6243936623946404,2.3867159648841687,2.440657074173496,2.43087105245562,2.4420023988292754,2.4020938433684615,2.464810943034982,2.55951831288189,2.600777147086999,2.5380263953984263,2.6342485481507936,2.5074000844592677,2.5309067495428943,2.405391405525347,2.472687327839654,2.372774523371958,2.4351644125266487,2.4086021930652475,2.3390296680755056,2.466294085241081,2.53520008112161,2.5314200673004983,2.5500584991775392,2.5096738450502474,2.438711710204974,2.386172372212041,2.430918866844158,2.4019516815376076,2.4533379643325013,2.394649815598079,2.418129170263288,2.594427890681498,2.638232780756916,2.5683742092002197,2.5780432603279064,2.5325758119412587,2.536736330100519,2.4333156679127264,2.4616195427546783,2.3987545224259614,2.4031641250596314,2.4223261286182347,2.4476813441939775,2.612417942440718,2.595408308413855,2.639502308687437,2.6008239158203894,2.5695071384927726,2.538704318844833,2.425045285420785,2.47208986413983,2.439776656945689,2.4640945324617562,2.4585528031074304,2.484752018701896,2.529882206660796,2.543157809003316,2.5963288034158385,2.541432746201819,2.5481732896025084,2.4493096384554836,2.418011543102673,2.4482716560751343,2.439074359296986,2.430258706159833,2.412728794570318,2.488777211181021,2.5432739072261104,2.560944467224234,2.5583186069131787,2.546764751271299,2.5453493488168637,2.469301436159962,2.4115991181056495,2.431251871047247,2.429434666563019,2.4031200234459047,2.415549492240054,2.4674289263315896,2.5981731038406553,2.603275483406273,2.606179104902694,2.56656370591624,2.569284913428778,2.635260591413023,2.44179076503767,2.4487292389725175,2.390475363675905,2.4646351632659353,2.4732828570924794,2.4640721676040864,2.659025709032131,2.6301414168928767,2.612340768610901,2.5474595177000796,2.602577826429012,2.530653766121153,2.4568643094421563,2.4825066928686,2.459871859439672,2.4867157863485834,2.4794640349327484,2.510378055615093,2.4684078880400198,2.573386032950345,2.509076656201929,2.39670318094888,2.3750355686887694,2.3582663751409085,2.348891465909091,2.3843983521902548,2.377638100378906,2.3701819918332965,2.3331219303539217,2.1687563164406116,2.406539849099669,2.4012529642242786,2.3571437235908923,2.380932513522769,2.2225574256689526,2.216762879700318,2.318553502348487,2.4215843684035065,2.3685795270680114,2.3937460377124298,2.202730852549165,2.148305603137255,2.5566878954586305,2.5491848344104375,2.552619162286493,2.537200831506993,2.427676357626353,2.524662472986884,2.3651864049062956,2.44231949398599,2.371579214171208,2.4611010606160884,2.3744079911077094,2.2132523879167985,2.5563083729453626,2.551202725175058,2.51361454214746,2.415580312411229,2.537926330023498,2.6256984151758163,2.408200180262332,2.4543564574317354,2.425863152630508,2.47840928529024,2.441225820377709,2.4460627251559868,2.487717082033742,2.551038618813871,2.5332479401549333,2.611817390392095,2.50421740936154,2.4849414746700336,2.398246146228071,2.4656352026901747,2.3761922711042502,2.4492198691610794,2.369116760103204,2.313888710402243,2.4925041834759787,2.513849322565065,2.451152201045014,2.473343123107505,2.436515648950526,2.4798685412916464,2.376824388729205,2.4555957979521246,2.3960423551703984,2.4993140703036927,2.399810816296222,2.3459707805762253,2.530277099562326,2.620506052666768,2.5465535677597706,2.556287967326625,2.5089911972653094,2.513662967322399,2.3503293513149646,2.4690674805099424,2.4316016660660074,2.4255813667959347,2.4012939883319784,2.4856875428874114,2.5974811342838215,2.6196907636213584,2.6062652534742736,2.5659332212396726,2.558077644188297,2.4982701324844427,2.414051989104362,2.520547653230393,2.386627924905665,2.429172618376055,2.4488963025793975,2.3822637786311507,2.57527451781638,2.6377072685424925,2.5468907920223356,2.461887333689489,2.5495407134013828,2.5439155618893565,2.4252187950280417,2.508896260607432,2.412856918305816,2.5005390834880172,2.4148400941305344,2.4466258314041314,2.5570112657613264,2.588269216867908,2.550957395984647,2.5451928930605665,2.473176526637949,2.509655886119816,2.407976303583489,2.4317384171773133,2.378565096653311,2.5075934577449,2.410666804013132,2.3892060074263024,2.5561135635121146,2.643382953204882,2.5185370576062516,2.597712156779751,2.5668691772932237,2.5050001988641486,2.4484204609576965,2.427871913948168,2.421175918406749,2.4620480814878047,2.4185982645000417,2.482704548105996,2.624237718727475,2.5930606484693106,2.5594919864266927,2.5878772830908208,2.574684213329316,2.611101639593385,2.377255521893661,2.4735059748009482,2.3799801904399858,2.496519359757998,2.415553627946631,2.4930304978748574,2.4792949027995936,2.4749827623382212,2.4524719745119117,2.5306793105790018,2.4839739324064616,2.504776697950678,2.3558163701340424,2.3977052590880374,2.3547441079885494,2.3893774312074543,2.396250440225175,2.2400503912848246,2.473400743725962,2.4893233159286607,2.51702256707122,2.5062588534917025,2.439550241131542,2.37472371444117,2.3613852590444555,2.442979077304028,2.403839507808719,2.4005518994043764,2.3422117414424046,2.304597620788102,2.538299169369021,2.5991442720305713,2.561675509972537,2.5602428762270106,2.5582009646272206,2.5431973603845073,2.415493655752608,2.4312278273227146,2.388620383794889,2.3800506899387113,2.4416320107109106,2.3645341134600915,2.5793273653024955,2.6042657649433583,2.5724364287238126,2.520691653048144,2.5699550130525437,2.480263587692471,2.429144918543922,2.4725644981975545,2.4339558912693384,2.4012694227981513,2.4541034970846836,2.3975269850678345,2.450396778739574,2.418068095619653,2.453613489204188,2.3491561253844733,2.4077578055242483,2.259158067406424,2.369975451573413,2.4165981480962153,2.416758067262249,2.418534719277324,2.3932843766083147,2.2039782190050596,2.490001500578536,2.4820871168504377,2.456106059931794,2.4762962797791723,2.4939679882863524,2.4599338573899647,2.3842357785908024,2.448920300179841,2.4207085135781803,2.4563972461034878,2.4047050172308877,2.4387612552547613,2.5500209318365985,2.494943568354094,2.5086788415929733,2.478845814435281,2.485894241309356,2.471050444930379,2.425181407089709,2.45317342311356,2.4181647263634054,2.4724265883731915,2.435655586180014,2.3805915859614113,2.5554005204026993,2.632633481874441,2.5593292838367114,2.5767388618433404,2.564690344485796,2.6500624907430432,2.417846792945137,2.4823704585472206,2.39435695951198,2.4569579158096193,2.4611630113771974,2.5160301626569126,2.344329139907966,2.329954234615766,2.3317627640560885,2.0982508532237767,2.3227577032315683,2.2205583358052117,2.366550357932622,2.3318570224389563,2.34796012897267,2.001811958479383,2.277258869043028,2.013804667940933,2.332070267922745,2.2379473629112216,2.2876104284044176,2.0877956354868554,2.193294780098107,2.164250674391494,2.369789454312271,2.364496722844281,2.3494328827109996,2.0940524295257013,2.2379911199523317,2.076324544320865,2.4864164101506985,2.381888603037655,2.422175648595478,2.243422928469932,2.4273365926118076,2.3982463700223176,2.34748274973168,2.408426368522812,2.3887894614169496,2.104743401211396,2.3958303987578917,2.1919493079272074,2.535311962324762,2.4924085144246635,2.505122368748263,2.3049971111723733,2.5060357923292735,2.19381511109933,2.422531785078436,2.434470578281337,2.400059521643877,2.3184519769408647,2.3461215579399664,2.127313117713359,2.298305642212388,2.3512851404232853,2.338140267604163,2.2363389462649694,2.320017350294599,2.210065172083539,2.3397064030503185,2.371480647397361,2.3491169694207255,1.9134720237044034,2.245448453585339,2.1290077363754527,2.2780768742033537,2.254251510749551,2.2508568170660848,2.1107395502772053,2.172385009513777,2.2214485273810154,2.3144937843277966,2.36585159423276,2.30027097233832,2.079597671471282,2.162809988447146,2.1458560134735265,2.4058862318397867,2.463428202643519,2.3969777338755747,2.3023661998311162,2.398260840069527,2.296643410883771,2.360260031410758,2.37213318999786,2.3937651704405507,2.424024677600001,2.3278070348005864,2.2199502865706866,2.544920727319976,2.4868849724877884,2.5435677320126984,2.418379011049323,2.3882747111519347,2.16424327485655,2.413590043613379,2.4259493534545213,2.417840756323837,2.4336132482342356,2.32008001643049,2.1540826390446774,2.320399681839995,2.3400350915382093,2.3719834425111506,2.0891927497364406,2.321320903648532,2.2477130565824397,2.34797558729147,2.4044603566204774,2.3079049306541517,2.0695404355266285,2.342919530190822,2.113644861435462,2.269237172937819,2.239183297451463,2.3232983843190933,2.1521505330327844,2.3100490002277976,2.160210093922781,2.3503123686349876,2.376782560694939,2.351773649089647,2.1186407954403395,2.2611124972829204,2.154775324640223,2.4361685827302058,2.430071135537887,2.467661165152454,2.209863528711713,2.481593133332334,2.4051392980523643,2.3626540139378025,2.4100313808578195,2.37841317885918,2.268409437085363,2.4141261807739682,2.246540873463516,2.551742288480952,2.5387156563070707,2.483016365647026,2.4121531661459334,2.5428818429010325,2.234119700919541,2.445101258940833,2.4774041464803593,2.4046395295074166,2.4749622675300764,2.414527018799234,2.2820191197540343
12_3,7.01485878302055,4.928436743226018,6.907782282188887,1.0145408046076723,7.147185996770974,1.8286328624014623,7.474252384639298,3.2329619262949145,7.5095726353732015,3.011153487355782,7.482373943556539,1.7137082082201671,6.872765869744776,6.028463454173731,6.844545656219191,5.178231750003577,7.097398195431007,5.407625868811317,7.546647689993139,2.485049018188168,7.508960156616625,2.7816250327250596,7.509417836096324,1.2264970499804835,7.448038307489193,3.73617202207101,7.28193725977526,0.7520712252144126,7.537060952349125,3.545441210766004,7.609857172542071,4.22870375453935,7.685320332820866,4.175523940376753,7.709158448880913,3.7065733719156913,7.952343837952546,7.195939745624985,7.673232160343114,2.9708333117772314,8.00177146417739,6.474217222105216,7.768293679401306,5.305710954702373,7.789270870491146,4.41483215274246,7.921417186567178,5.696298441999289,7.397251668686445,6.704389580175072,7.177195782003237,6.0305419912479445,7.431551512118459,5.772415449526917,7.5848763374642285,4.810798320987637,7.54909955116554,4.0683552545829995,7.580582433048411,4.603318140668294,7.375174284693507,2.422134851441362,7.178980295613153,2.1594016308684285,7.516481200489296,2.7779253125975485,7.576419046918481,4.770754773163562,7.553891264298196,4.3499756320432965,7.611139632923802,4.356424017870756,7.582338290351948,6.504281490443266,7.38677413536135,5.289342853220804,7.652625850730329,6.0162767606196,7.650027333530878,5.16721679403539,7.587701141293049,4.6190990949434765,7.7108565680951555,5.279944898736854,7.880277383527072,6.428480669094986,7.658745933710932,2.2056213406166747,7.9362286977382315,6.488552630298527,7.78089086282239,5.59849876652054,7.7678966745493865,4.8002424961448655,7.833099100827125,5.617093704036897,7.3221735310076115,6.439116680111454,7.124613672152338,5.607058916425071,7.393115645019942,6.135677724851251,7.5932458166888726,4.779175645394329,7.525045791950137,4.482321168602323,7.511733603100741,4.593227301063704,7.299593790695872,1.7270098428219076,7.150829028811435,0.5715228542022578,7.5189662712743965,3.0946886086254346,7.5872762446678195,4.7858153400211325,7.524859482285271,3.963016101210495,7.594650430853916,4.232762301375425,7.555764377533918,6.288017902220176,7.394752106513566,4.743759587943705,7.618583233311994,6.091003930552251,7.675176220424432,5.1575739473820335,7.5966510640166325,4.715506706719541,7.701889795437459,5.3950414327163685,7.882780959831621,6.41200589421866,7.6501921585823185,5.675685030388086,7.938815840464065,7.015209325157091,7.805498225196032,5.6112019514005125,7.7875664647482035,4.9567275817965335,7.833738830117651,5.748039381161244,7.463435929593092,5.5942096538117205,7.204763063638053,3.259106176929059,7.542326525097354,5.639410194991905,7.6338217523323335,5.209515737125655,7.5965334675933,4.437879287258168,7.63611167419187,4.996417525362285,7.526594537728152,2.709088373633157,7.37696006693871,4.313763636320041,7.623745532936436,4.051490297938758,7.647167503845655,5.265940871649101,7.675489677958639,4.103725761463176,7.702052426909058,4.717605631584464,7.641029825201485,6.45966318598558,7.449191784843554,5.655434981690431,7.78301509620701,6.141569604616481,7.668972986685817,5.425058460248883,7.7344314137836045,4.963315931689986,7.725865875505354,5.523155172944764,8.020809265957778,6.411174067095729,7.754900468789895,2.2318152935074043,8.016725116834296,6.469353735755787,7.8191159820957905,5.541606769649929,7.802223521588065,4.772595674100137,7.87318145339474,5.797993926078949,5.595368358635757,7.315119514322302,4.786035120734264,6.998710649853234,6.0693904955147255,6.811442429538018,7.095255972414965,1.4555775224229792,7.12046175398993,0.8666792926516835,6.824329685407149,0.6031028014628136,3.099648370529845,7.312938677811085,3.460947900093205,7.114514140140239,4.067416836931911,7.05030741810895,7.085170217878705,2.487539990686617,7.045368873695659,1.4012711414642156,6.642496144455092,4.42712789530034,6.813744422301749,6.507115184695844,5.518907701421399,6.459911035500431,7.021579169461364,6.05266845797946,7.401470651120212,3.324402629068459,7.405023203786776,1.7334870919280898,7.338019149056365,2.1293812986970955,7.52176535146859,7.376159365987774,5.983260412962822,6.866044662640089,7.623857156224877,7.8784804703126765,7.655096673378695,5.450908475856116,7.5934084770989765,2.9403267335611423,7.7380887435643615,6.301067737039834,6.757715824681474,6.917435606669947,5.678585366458093,7.2973762886304785,6.906196319209397,6.80760130081134,7.373179434510562,3.9036531118432523,7.361992346307645,2.124639885108332,7.199195107532326,3.3372046601472984,6.1055980423897935,6.648379678130674,4.517038787902051,6.033386311681788,6.639977792198321,6.545392553662493,7.249267053381963,3.8566429115597587,7.326619871038134,2.3235466307874515,7.230380187315103,3.0398516562916766,7.225967774942725,6.793545221337757,6.107889281724675,6.886039600936061,7.435097734262535,6.998169445392736,7.48727887383113,4.806068358135011,7.504703667837756,2.856943557645132,7.542947305836285,4.811797168282755,7.63981553964286,7.205012548841913,6.315625539119139,6.997716540593579,7.714355309611391,7.274518367967167,7.701489218405426,5.300003561134632,7.643644582942614,3.970368298166802,7.77673515512335,5.183432348378577,7.323714738218808,7.316153510872705,6.927705647136133,7.3592570147336325,7.384905040109859,7.127705381348797,7.503491199838508,5.198271714762983,7.459385293180399,3.2128267663712644,7.475488633757562,5.028209826060054,6.892039099595284,7.037150634544051,5.935826985658385,7.1085121977875945,7.312402698337092,6.839514506311049,7.486615137360418,4.773534511791283,7.514541785663731,4.2319647833644325,7.4643697371803786,5.108788913596862,7.500259345666787,7.227248327129875,6.396967565385134,6.737355428974096,7.646637514498922,7.034909609084363,7.600866078370864,5.176122135575273,7.570284636104564,3.368268846730347,7.675770309096632,5.302252195700527,7.808283922873384,6.913183302356926,6.727123286003053,6.969241792575744,7.861615596624408,7.392224520573478,7.7537506881285605,5.551753237834864,7.705867986623959,3.801539100163629,7.784028369170071,5.802627286263607,6.800767959454777,6.149084227736095,5.47860304456876,6.345712347680883,7.043715233694482,6.277978337893426,7.324319013170611,4.421001053671423,7.365053637700479,1.0969719556795947,7.401364809431306,3.673486837570886,6.482245190202444,1.2101473661493554,4.616431854165891,5.50053524751212,6.987204986112677,2.43229765206263,7.42680062444086,4.10439535970595,7.329173119125645,2.7193484160038075,7.288781117474339,2.871725905532875,7.3403840009159405,6.185812146844201,5.9616053886675235,5.687507283264343,7.373660288239056,6.437623429992519,7.536078222989422,4.902244747882485,7.491195174314885,2.4579368658493843,7.5792893614371595,4.943535545144577,7.73401336852977,6.156074184687587,6.294875523224993,5.088881307586828,7.824707785970526,5.8576573884946725,7.670186371533271,5.159854741660153,7.672126257200728,3.0336480440903117,7.785830219744127,5.448925368096516,7.597009908754036,3.9752744501613737,7.716674588319446,3.4597242156909687,7.734837468407262,3.5551405749688025,8.029981519628695,5.404933526718054,7.984978194331793,5.59502129236435,7.9334691170927165,4.769368090855943,7.8766799798548055,6.637113259043753,7.8623930517471505,6.09801853301937,7.914337320154188,6.6065895325190995,7.952426090797342,5.967511411731415,7.942197909271632,5.883101648963132,8.004618315207857,5.930512666542318,7.85169813736063,6.165621434332983,7.888913285011807,4.8249034143722715,7.892149598344892,5.954042422067516,7.941446324670402,5.4199455277814765,7.978941841785223,5.708263503127302,7.934778349615388,5.567535327805651,8.143469949809521,7.638364542012362,8.119952758481487,6.385131140921444,8.188684875103565,7.474163168410336,8.027852924839895,6.248037797458175,7.983089221234352,6.180137028669947,8.073864524771723,6.588387541257675,5.014291008897214,1.9327164717136867,4.995718296539251,1.2783470244153288,5.602543623585371,1.0251713911535594,7.258510983407314,1.7795988925054154,7.335229069581446,1.266373454295391,6.837719575787856,2.1830990980166,4.038417260418412,7.610320040209697,4.445500959359906,3.5122663994598247,4.596686716798451,7.564755365607255,7.3240544412699435,2.2592873443648243,7.356967767230453,1.7428688664249665,6.85099377963568,6.004142403079164,6.799259577300693,0.8032321734529089,6.410286302327505,1.0652255449732533,7.064150321347052,1.1378888200917168,7.479966660183411,3.59262386895747,7.598491056460358,2.99544586066758,7.465484632335487,2.394384721490821,7.621073154777006,1.027796883727095,7.37385788511418,1.4195535667089174,7.631532277716134,1.279126014760502,7.749225105444447,4.576855527326182,7.809948692303863,4.293128078781671,7.801965308162118,3.13183675999445,4.961036203370432,3.0940525830373784,5.0551624181080985,0.9384828141833303,5.532275526250405,1.4249526878752574,7.303369812577581,1.4486857506610187,7.317688058840975,1.1526145683455833,6.809034470647114,1.9903824736932414,3.5876280819141413,7.693228009218761,4.152572451031053,3.317848488118539,4.092891328882401,7.746428346736795,7.329428745360174,3.4383196854315776,7.405263784211156,1.7765780000384819,6.829718513797538,6.078830126832637,6.773313658634462,1.0161980894610523,6.421467521930772,0.5894136687847599,7.1224202771314085,0.9160883551286186,7.504870788815865,3.7529179498831824,7.551683577760885,3.3411876700872924,7.386338848065434,2.0602549835554265,7.5428076116319565,1.0010993930052907,7.3201690421089545,0.9503111886265027,7.622241537924854,1.1117323879126113,7.790199784183603,4.6206523761719875,7.768619301402767,3.9628823325678004,7.681630864162069,2.9293332648507193,5.675522810126475,2.33893179904748,5.637930863985836,0.9702303767416434,6.120207411882846,1.1093498299223072,7.549544211080872,2.071981036980039,7.585807675588016,1.5059999445040364,7.303002876144991,4.232557190505138,6.063079507065966,7.689518316814341,6.301180096373994,5.094413602788033,6.098970701034146,7.634914885254416,7.576146173493455,5.414420783239374,7.5996532178358525,2.4629103610842025,7.41857096641326,6.216785922736752,7.050513169928991,0.7522980274382587,6.754807900455197,0.83108397880375,7.251016058231063,0.8216410627034298,7.6852201999231635,3.798617709494341,7.726406980367912,3.178053882362706,7.590655250986871,2.8128195615254605,7.792637633974849,1.4953546611720272,7.623855263518685,2.263322678867176,7.811693415240041,1.898133125319133,7.837730504165409,4.7108625779185855,7.899703445391119,4.480079336521789,7.819677611472619,3.96951224560209
13_3,2.8158389879311256,1.4379120069663158,2.7939805424450634,2.157885248545852,2.874075449182209,0.8955435873674487,2.9530604581620863,1.2359175353755552,2.954924524040872,1.5518910258041225,2.9357200040258014,0.9389760787805602,2.773348949320387,2.3119673901808055,2.707167625204955,2.2345626025300604,2.7658929676594304,2.1956476021346276,2.961205500092177,1.3002470800849844,2.970806448065105,1.35633195324344,2.94612639092595,1.47800006249026,2.998902775363836,1.7229684742425344,2.9281433702560973,1.9906437186401673,3.026899763688584,1.5852669407408961,2.9982473323562386,1.7800827735505667,3.0053336001787465,1.6974215520583043,3.0247073471560717,1.6069693683196375,3.1844958923253865,2.8209710976443465,3.0579679298476474,1.753133432839704,3.21571165543271,2.665014377505262,3.0752407185865,2.162535637836949,3.0880444979087884,1.855280870818875,3.095749177122376,2.1642060101793956,2.9778884282516214,2.4163892859979117,2.8952970106996405,2.3076993733523437,2.995962811597831,2.2850215385881083,3.0179733615774147,2.1554874744390924,2.9956533107978194,1.9469679349870133,3.0213326565057823,2.0632674942244424,2.9652122755564037,1.065563620701585,2.909507702002393,1.5235723796023548,3.020191322371845,1.2703742101030926,2.9970285058443973,1.978699765046565,2.9995566628840096,1.9524962340364147,3.0361914797212,1.9216373596650196,3.061032953521119,2.5932843838600728,2.9739460821251043,1.7101935130109596,3.0797119071748416,2.561852945114128,3.025188467398476,2.2420489372975867,3.037808712890347,1.92425832551274,3.071958525737682,2.2385558853312655,3.190181474635534,2.581642808268639,3.0595513944672033,1.4827841389531076,3.1824958214969015,2.6373513325300713,3.0742550868489342,2.3886293759537853,3.074331715426079,2.116822948645822,3.1183133013687967,2.425780449850966,2.9768349446534286,2.428018404074598,2.877361116748076,2.376206609348331,2.9865059560935636,2.4484771911472896,2.9821033991898314,2.1768449265942578,2.979787643148062,1.7256409169103768,3.0050549784078586,2.0295293032993302,2.9782386800762604,1.251227541012983,2.898052274772545,1.0483720802819612,2.9975567775053764,1.6443043773315709,2.9836421853931854,2.104650303334519,2.9841989083853164,1.9171698892526414,3.002968045520906,1.9116281210216297,3.0576270249252735,2.6122558682706387,2.9592983354773903,2.022393473645849,3.0770222727343746,2.5689514905676507,3.031382925793794,2.2338095076297573,3.0127971025053806,1.9411978258292695,3.0474857824413606,2.262053616955068,3.1909048447794723,2.6263271739954037,3.0561852530056908,1.5068334715492107,3.1946542829187403,2.664602874071589,3.066862017502778,2.2919185686871146,3.0867195395001956,2.0589788800987128,3.121344548708961,2.415726637429738,3.0169749419475225,2.5062058679516497,2.9464314926858943,1.395463179116514,3.0352399398396663,2.4193125656912837,3.003069502327144,2.1991754709492777,3.0231324080048276,2.0048926007129384,3.02560137173438,2.2039853835241847,3.026100820204164,1.566693745801457,2.940899433539383,2.099587793685907,3.074338493457482,1.7895664513140057,3.0260671156727246,2.175805847969396,3.0312595219145617,1.9704208454722378,3.0559838027384534,2.0898740661366593,3.0813738266012893,2.64843628300704,3.0106417594228865,2.078292082350789,3.1293395536908846,2.561931623340519,3.0529635007326617,2.2679075337236347,3.05750790463486,2.0415372312868536,3.1139690582001465,2.3178776802923515,3.2268776471399065,2.6452333790218394,3.089181475207217,1.6976335862440592,3.2282157436257526,2.7220643657708994,3.0966092988481173,2.3994333955232205,3.08998644173496,2.109809484149246,3.1081562193644827,2.4783850453858363,2.3691465383325747,2.7175855131761923,2.207536777297214,2.811854006925956,2.4415947199704853,2.553652209448656,2.7947752424639525,1.0323233316462774,2.815693638757904,0.9583949815018539,2.6861641286920173,1.494788510847056,1.6900651107103204,2.9013928936593785,1.7908083069074892,2.6975790988134456,1.7159410418987047,2.9171973278491055,2.8073054477224173,1.589472844072864,2.8025535157890498,1.5202756501487962,2.5879822364315235,2.153792075940787,2.7391398952602306,2.185590582363437,2.2941887416360536,2.564895135481826,2.810461293033918,2.59022681642201,2.9310491229540845,1.5259024102556304,2.917259430515471,1.2023481895931323,2.93540215801444,1.23721556078344,3.027857772721483,2.927310605936562,2.3511188746546985,2.6293348900302536,3.0187213358036087,3.0941754804284516,3.0499275251906433,2.146626054027963,3.018057911933241,1.3759792356495033,3.0554425818223794,2.517621931434215,2.7166448895669237,2.7867379628923854,2.3959123661189348,2.7925473072397917,2.769683559214882,2.8016187500402894,2.9158211464530788,2.0068617230486994,2.898095372223118,1.0245283131797678,2.9083976364089636,1.735198075942978,2.4893068080388785,2.288318913071377,1.9022644526082788,2.459086082425518,2.669714013262268,2.4400082350271606,2.90219339109478,1.999023381356735,2.8910693523827153,1.4444178439568909,2.8734944012862265,1.5264013730667023,2.945768999634559,2.786975847961845,2.3791355508370557,2.6954029188607924,2.9671863516023524,2.756752319751121,2.9700285928457375,2.1460304389065556,2.9521489441270443,1.6323295189462594,3.0070112350631653,2.0073904837525585,3.112630751814971,2.6763347189946707,2.4503093181920117,2.539102940328654,3.092485288829316,2.836760913786398,3.0111362384682905,2.3041603673129702,3.037285830277071,1.7573910910652313,3.053506442694234,2.322592308777111,2.872763564315812,2.8454394528522133,2.6937471939347315,2.9321477977887054,2.9467554684470434,2.847524776469501,2.986108928676592,2.0683886385976002,3.004765621861247,1.4790814144692974,2.976047660668261,1.888128469943017,2.820170369019537,2.613962077648763,2.3795214996789698,2.698768002255879,2.8772334853891235,2.702594390585114,2.995162475662446,2.1230184751484846,2.983001842296047,1.650110459574173,3.013098748867139,1.9928538701047362,3.0058506922602204,2.8867401661267347,2.673504760507915,2.6905341853072,3.0127931596597484,2.6287967734185798,3.0168428945428176,2.288953080615188,3.024849134138674,1.6844919257769286,3.0596559586816476,2.252427374702748,3.1326668359382586,2.9034264883923218,2.6909183430533044,2.766025855671713,3.17553246554627,2.9495298587501013,3.0610384186572546,2.384664914406114,3.0542125934097024,2.0003355784183396,3.112072383103508,2.498161286590746,2.7384309787003898,2.3201588324943905,2.1429305715648694,2.6410338060780587,2.8294148344459664,2.2426709499756217,2.93139913482789,1.936360862227729,2.9198952170161467,1.0405418370548347,2.91805795877318,1.5312628571463658,2.6437906191609417,1.3112568089808354,1.9383797552231825,1.93415826800193,2.7678716324422687,1.4614242303698806,2.9352969259160777,1.8961152058198174,2.9205775112983474,1.3386974966893006,2.9160190677655558,1.411032882430742,2.9417081210722626,2.3636226601110155,2.2586849806536784,2.6360483930412153,3.0035752730538112,2.5204323843679983,3.0038877119904326,2.1626397512096602,2.971698262145475,1.1600499021506978,3.0205590210380597,2.077234128850736,3.113569871984306,2.203713411657684,2.4199296705317317,2.185199293224913,3.1285396940545787,2.2043213553964307,3.0482379024999946,2.251648257563328,3.0375891936094996,1.556253626457529,3.089165293750325,2.2099961910188144,3.0241696602968005,1.5185708479373123,3.0532180442532377,1.244969149541906,3.0248865870538912,1.3350173981368474,3.1612449338974637,2.1720391974443336,3.1353613613453577,2.178409935313295,3.1512600211596618,1.9344729041896251,3.113951074113625,2.5779788859031183,3.1201241010685417,2.323612161399251,3.1204155157417404,2.5584344073605645,3.1755666603333785,2.378742299324423,3.2097988802081487,2.3975491630499333,3.1554508656666362,2.3958489362662996,3.1254108291672007,2.4288708806600448,3.119941555773815,1.7317271190640096,3.147251850468507,2.318657888470888,3.152953645484685,2.239587385368964,3.140352689524685,2.230050675848663,3.1597064338417873,2.236237005235753,3.264252114951363,3.060910963244535,3.2070411638306937,2.457071942496293,3.2695402402089813,3.0102324255234376,3.1583406439444115,2.507684059809545,3.184292525223591,2.469107122039396,3.180647067182023,2.5959324970852777,1.9815170020295367,1.3793872398889593,1.897288601634229,0.9398027747855159,2.1911593657720045,0.7217939472679467,2.85959239640374,1.4284180040397607,2.9204046739913307,0.9082501673943433,2.6633564449059737,1.7909383341867495,1.604292385931786,2.949250898682374,1.7806927687798442,1.8884560960686432,1.781553215193591,2.926600030052144,2.8958408454928115,1.7673657123726658,2.9217925837006677,1.429611921082227,2.7066497046117646,2.455952171792247,2.727257439166108,0.5020887943696082,2.5322224091397594,0.5712390878939275,2.808458468123602,1.0167106784245088,2.9622349730173605,1.4323964288892173,2.999146050477603,1.1869457837433466,2.921178612964333,1.0002597092817744,3.0023415137054963,0.8199326095529937,2.8769138231794704,1.1601777289698354,2.947740541297962,0.9191944013083707,3.0710215130486045,1.812337688876473,3.0873332020934026,1.6540153871784773,3.0676822865328,1.5246034215004862,1.9271655851726999,1.5579103575082176,1.9465677097981737,0.9200848104060181,2.1540175011965785,1.7230673398591823,2.856396556236855,1.5783206973996713,2.8876248152368666,0.875501484403874,2.6758270081368627,1.6689198328205128,1.599701319478284,2.992273656283803,1.8238016652451718,2.0268630122186377,1.6816656755164656,3.033003171696973,2.847572521815214,1.9386331996030115,2.8876471516791447,1.3204657178313097,2.679820873668687,2.385220964496717,2.6696311392533025,0.5181415816339574,2.51184155425473,0.9535306060828225,2.7815347192731177,0.681107249980638,2.9518485025112327,1.3587955090627075,2.9836046243518335,1.1817564420213973,2.9324041950132695,1.0080503220591943,3.0220642021118715,0.7890208428077492,2.8672317990011904,0.9392021236357755,2.949772646509225,0.7817169900745274,3.0607156649170433,1.7865090450721515,3.074280195735881,1.6805477475273463,3.0548234767490836,1.4950030134813392,2.250564318394715,1.261764377759321,2.173444444597843,0.2500596832416063,2.441257034798018,0.9107699486062641,2.940690101652709,1.7981777438843949,2.9652083224552173,1.3957134643194868,2.864168757479423,1.7802369987975328,2.453562820501621,3.0015548177239015,2.4420439645610887,2.4281621969055704,2.3921923113347967,3.009978483638319,2.9619451902142604,2.134393212576776,2.9739486081010793,1.7152046179534488,2.87888197174948,2.5062074566759196,2.820721144225936,0.7390490546574484,2.617337481013641,0.77926516244751,2.9149810804786243,0.7633127159028227,3.0199265042222008,1.5378473816241796,3.0118073276247324,1.4624892885460272,2.9882314482784462,1.143566868651233,3.1203813590750076,1.0824052475195511,2.997263325291457,1.4057555247600093,3.0897960849019594,1.2540900128203696,3.084304157099317,1.8462816199594345,3.087989926858325,1.6972498344683757,3.1007007029915545,1.6264272046461743
14_3,1.1434546245086177,-1.5077047729370234,1.099220053755267,-0.1557758333745733,1.1324025647601634,-1.9596155064724639,1.1276239297637265,-1.5118569092332723,1.1637916419347765,-1.3829222611769831,1.0919794651859855,-1.7771256460000882,1.069708332259462,0.00704745361354495,0.9770572691517714,-0.11761976208576339,1.0216513095191213,-0.6819258011296192,1.0454328952304806,-1.5021232920901837,1.113926581066855,-1.5385326102761736,1.1409560645379087,-1.7793669475776834,1.3316480942229183,-1.0535429435268409,1.3035314336154449,-2.1430416767048484,1.3170260449352404,-1.188896429601861,1.1689823208249772,-1.1899574910970723,1.15240982372727,-1.2587093372575175,1.2515007018028974,-1.259805079279586,1.5239379269544857,0.9207763121554086,1.46330527213111,-1.3800223351705698,1.52114201952442,0.940736124453471,1.2667165996613725,-0.4316059693727641,1.3137258297869139,-0.9615223952648082,1.3425886669901899,-0.4739555163907808,1.3609878399502164,0.5410788277641965,1.2546223761511561,0.0716755074499816,1.3285102587987578,0.04374586082794619,1.1909384010193824,-0.3638302731718475,1.1823153198480172,-0.7101402715818554,1.2612304166513588,-0.672948036849106,1.320646144262264,-1.3176112205365307,1.2787196385484414,-1.6917113656118088,1.2992748414139346,-1.2181430116093515,1.1829214448154426,-0.370146540938658,1.2021922209707756,-0.8011803972022287,1.2425942289048848,-0.6948329218784434,1.467856618777548,0.8324750741605044,1.3633193665890992,-1.8153579666022024,1.4515663472256162,0.5874554741715375,1.2372993410099422,0.03758952577079491,1.21340121709986,-0.6486859948441058,1.2720862880387753,0.009494197431666082,1.602795567259914,1.0426047008501447,1.4771633036221359,-1.6238509151015275,1.5247610048185052,0.762989314289809,1.2696589207041469,0.1283312356826449,1.2965607061219462,-0.4395476868997954,1.3198765731180695,0.4149077586467515,1.2948549156294087,0.24631521667868078,1.2699365964017155,0.23650165234018952,1.2770107900162857,0.43412147897240544,1.1468672599484389,-0.38587526900137287,1.1216518472760613,-0.8619332306072266,1.2310566196653654,-0.5469115299957092,1.272057932249476,-1.4195049058576252,1.2164479930624148,-1.9113788555329196,1.2742827436886666,-1.227506375304713,1.1871654456829197,-0.32798499381062174,1.1862966626981517,-1.1539352957222462,1.2031688172030208,-0.7520972821641803,1.3655597258802263,0.7992760199775476,1.3482251251002833,-0.7049914502830977,1.3935898073928925,0.7114406873217141,1.2117987221618638,-0.0857954035463143,1.2346802756739175,-0.5838210195323482,1.2907774134881858,0.022545927224408284,1.5664733490259661,0.9887007768618972,1.4282832717197846,-1.4694749040025172,1.505921540467373,0.816991662979139,1.3005902806902885,0.20126587461383702,1.2825749981636012,-0.336964103541212,1.2956847019975786,0.33063672535375027,1.4003908083304901,0.49634491425173344,1.2891910174077041,-2.1454124444128504,1.380945895714191,0.38930925136848094,1.173644135937655,-0.18974979232738667,1.2147172291645238,-0.7700184395215007,1.2166718465745203,-0.24883822535303696,1.3687956716028116,-0.9825576959258592,1.315566187203938,-0.9233036598928838,1.3706938446590666,-0.7702520635780216,1.186494015543586,-0.15967455289643193,1.2145433768821867,-0.8222910119273055,1.2441407783597964,-0.5211335452314177,1.4806152877070287,0.8789827331869182,1.394731618450847,-1.9521948790813706,1.4407248794088257,0.7530267043553588,1.2181181792820712,0.11049392369741848,1.2447975115805336,-0.6745131446982964,1.2595634843226629,0.10166631063246505,1.5863160234246159,1.015954301106032,1.4817395460563063,-1.203156732047052,1.5319102415638455,0.9636350777042716,1.2579713881424297,0.33752360267297155,1.3022087253579826,-0.4259596157161095,1.3450314754411385,0.6336483620235333,-0.047014154781334055,0.5976731160435977,-0.5821326525688706,0.3400388177524008,0.2103337796975619,0.5178296132090184,0.9245384753358015,-1.6803710754803076,0.9435588739751887,-2.125603020069275,0.7395178467639615,-2.087310438234244,-1.4477784980855182,0.8399750390398194,-1.5895877610525089,0.6269273865194379,-1.289504666061949,0.9491219404052009,0.8876555418224553,-1.6367368619796374,0.9113145321683751,-1.7672020734233176,0.5657676290737401,-0.5855015307880278,0.9563369705425327,-0.1758423376314168,-0.001989442825282525,-0.0645169464400831,1.031834564405709,0.6014196325614817,1.1145201400310134,-1.4474975590850792,1.0887172174996906,-1.8139076398656777,1.0913483448380348,-1.7258003507490463,1.3332776107097728,1.1379170499809688,0.29577247264163997,-0.4017284692832697,1.266620550182489,1.2303601195363434,1.2342047326544294,-0.6422336997699102,1.2484599641900942,-1.382598620514009,1.264952753714315,0.2167211643395213,0.9007423416296434,0.6227912622420936,0.0006836778193432038,0.6563737312685464,0.9417218425828332,0.4989047208037105,1.0373382358413532,-0.7296032773357654,1.0615188280743681,-1.6793340559742438,1.056075386888866,-1.2959523270000828,0.6506265372241461,0.48668574535521586,-0.9872907041900306,-0.15002491366431886,0.8337328727562361,-0.0981374385593504,1.0385294257935769,-0.6803442900053867,1.061972804329101,-1.529984481224288,1.0579403834756314,-1.4173368502230133,1.2222344254470956,0.8999292147603453,0.6248467150458193,0.014311692363777575,1.2296531444889567,0.6358453286002965,1.148727509322949,-0.2033175902041501,1.1306638194112877,-1.6081565024297302,1.1957304890723803,-0.4998282067886485,1.3741605388382934,0.7911166761925007,0.5770605881514157,0.6614520020625944,1.395008732288337,0.8171384145907654,1.2328762493374812,0.1566474259291032,1.235159373452803,-0.943382068830257,1.2711938585492883,0.06024076222063893,1.216217625006646,0.9140204641861003,0.6835201317668302,0.6037105989222855,1.226650984843045,1.0274026699542853,1.1668816538009021,-0.44858097784376577,1.2271963583483703,-1.5132108740189785,1.1502702903555775,-0.7177080082862594,0.9786332824126398,0.421662322481548,0.16234380414745211,0.6327467547713556,1.0596991105970524,0.36306636093650424,1.2025685032583524,-0.4424548177552667,1.2094482070099881,-1.2769936421509223,1.1277099094074925,-0.7208394171230514,1.3091853990635838,0.9254855285089773,0.7349011719303877,0.7182037995872057,1.3330046958680482,0.8616880029885153,1.1865068126873974,-0.08459350831276076,1.2636979906981458,-1.4232672590475992,1.203426277487857,-0.15396599060668192,1.4436647638571873,1.1265620452529888,0.7821529368258917,0.7242011011932283,1.4697621060124293,1.0874690783204244,1.288385302505654,0.27883908889300224,1.2736652346894544,-0.8527940137917402,1.3259373009299407,0.4791364630541618,0.9511742209400248,-0.015066672503272113,-0.13717871854696664,0.0028765516856004043,1.132117872823951,-0.08508108144525046,1.0841946837038714,-0.5453062028338834,1.0270221533577837,-1.770416930600982,1.0719606364119207,-1.2531768466328477,0.7956912059262893,-2.0582001778110084,-0.8462924972252596,-1.5109557465344503,0.9738008626850212,-2.0806530448500773,1.090806428907003,-0.6434245719847446,1.0921525462887658,-1.556935500735268,1.1286147186537452,-1.4353121618097902,1.2792832929757396,0.14269725480863302,0.2940221717889805,-1.9213350333083883,1.2448416374757147,0.3338491658046325,1.1556657577446448,-0.23119066145771136,1.1678729494498215,-1.7647388905869692,1.2084405825081799,-0.5579911125482361,1.4605314388851975,0.3503679921112074,0.6117376254410345,-1.5999754056728648,1.3744867486726515,-0.04116733873979025,1.234384097458449,0.05460816080794552,1.240583661059106,-1.6341309111280606,1.3267656946912043,0.07193416781754487,1.183669223636378,-1.2695976127469428,1.2049343998313065,-1.6665275180096326,1.2011956304505713,-1.499427724679302,1.2843603690882088,-0.6103710892008323,1.2639749821579551,-0.4225743715189936,1.2285807528623502,-0.948065218057302,1.2578097944030893,0.6061370323744115,1.257911872235221,0.07551069092394047,1.2814804998182847,0.5818061471679128,1.2801525814973171,-0.18151301869388353,1.2372953684344492,0.07316910081776505,1.2909407948528768,0.0019331190783412999,1.351590451917398,0.523352292631344,1.3290953935012892,-0.9781432538602686,1.36613695042729,0.18799251156227076,1.2690636115406422,-0.49033220297042873,1.264096079875633,-0.1857529516326739,1.2470097092450623,-0.37128168422235197,1.5352161657549344,1.3322402246496112,1.4568544924529763,0.34400792057888535,1.5060845265506833,1.3307990995058416,1.3392349263432661,0.32398689164427313,1.30016611486135,0.34172148509923256,1.370441777204167,0.6832492682171438,-0.668438304162439,-1.9099561836379937,-0.7614948403968888,-2.603634423189127,-0.25634020198123936,-2.6399221010827927,0.8935516945563146,-1.8069521268211357,0.9729653643777613,-2.0217591221511464,0.5937946105731419,-1.7363053860718654,-1.3739047003128222,0.7857137564192507,-1.2694656303072664,-1.329847533063093,-1.21809157499965,0.8658077880310862,0.8693518437333233,-1.6560354949207334,0.9316768880178355,-1.8367285724603584,0.6139997321456989,-0.21078307669003565,0.8803994796701745,-2.082908795931115,0.44782064710575203,-2.6011823704225674,1.0155096085295583,-2.179304747309193,1.0809371354599044,-1.5403749374490183,1.0939354085423938,-1.7091262987231512,1.0677532861867105,-1.8582971928753893,1.267366869463154,-2.024675054866847,1.0154609860820667,-2.090415172961936,1.1325090691789612,-2.0386624219098164,1.2369042960297385,-1.2305114622453874,1.2485419522355703,-1.208307700102704,1.1867628372341765,-1.582361685937253,-0.6662138402281922,-1.9510742104035697,-0.7102401407308847,-2.475891211012091,-0.2519001256886209,-2.441270776975837,0.8679870574972676,-1.7882675468298146,0.9449996076959155,-2.125933210052852,0.6194326768549431,-1.67082914307521,-1.4570341363278154,0.7850139469312812,-1.3457914977279006,-1.3332651935615711,-1.3327890277450534,0.9760254026456473,0.872195756401452,-1.7738113395021537,0.9304717629297949,-1.892135509337589,0.5228402485364569,0.09561191442753887,0.7873969200244272,-2.160285449098942,0.4322255772047482,-2.5683215266078356,0.9328089734927294,-2.20941552229901,1.0738438082754123,-1.5897450510742648,1.09236495442164,-1.7816254222988148,1.0747820916692452,-1.8699875690309196,1.2118054038191393,-2.0881849170567843,0.9819124002232233,-1.9640617066508148,1.147889625890243,-2.1084372965585123,1.194657203333274,-1.1431259759230383,1.1868306039451846,-1.2602937434182149,1.1490375794205594,-1.5888224726145475,-0.155956763821831,-1.9858838562392438,-0.3054562147359636,-2.4212687327968205,0.23536086187310712,-2.6450906038144253,0.9468271946462706,-1.7137078263649568,0.9926909499082867,-1.8714838138784249,0.8326478504332541,-1.6977001138720726,-0.22160118714045257,0.8760408475882001,0.06168120161839936,-0.10913423322476277,-0.09494662970158665,0.8142485233726192,0.9876828592292621,-1.2490476171882392,1.041003734217932,-1.8601028781640128,0.8842955431607478,-0.18213164827915368,1.0260723731828243,-2.0449029767332383,0.6533676962550243,-2.352997943051073,1.1330505950764111,-1.95679371870007,1.1094415246974785,-1.5056634093104202,1.1523763994626668,-1.777716228824639,1.1354934236866516,-1.7725329430197674,1.3556411872093959,-1.7922578006901586,1.0992207439529704,-1.7444454169530292,1.281225690043342,-1.7554527367930408,1.2308956714530572,-1.158255293514503,1.2691262383232285,-1.2603638838107136,1.3042032536669645,-1.4093371842468456
15_3,2.5537622156721627,2.4141710583481526,2.517460017096657,2.2786025189182686,2.570655913468489,2.3855867595153097,2.654520101346801,2.4779719346911335,2.6454061885444116,2.436357352666426,2.626567224394605,2.3672379028339656,2.516981694609937,2.37992526259912,2.509980762334512,2.3106672242606607,2.5179234316139074,2.2686170688727976,2.642722062480916,2.45194325731505,2.657326106663569,2.3933845330056562,2.618196717888889,2.325696358273633,2.6323773167702615,2.4451909389615674,2.574172341557252,2.3231263442353023,2.6525332787247367,2.4186692587327556,2.666143602981065,2.4795233471077167,2.688503135579218,2.4440755655663553,2.692259558210691,2.401343570280751,2.767917465254541,2.4903633108312677,2.669822589131702,2.3315344607426183,2.803724300951456,2.3992291790368134,2.740771667455552,2.5128548148822856,2.722705047509405,2.4979461305997743,2.750523122760453,2.5026821280987024,2.6049111148823343,2.478677483028205,2.5652654998687012,2.393166472304672,2.635494239264561,2.481553928984885,2.6794775641732844,2.525468273905309,2.6718316232091643,2.446335967594034,2.689061481928106,2.484508144665659,2.6095200652834825,2.4114591601783975,2.563029379517142,2.321318215828475,2.633314568042775,2.423674726070922,2.6931242582842514,2.509220494074006,2.699525046969458,2.488345627943408,2.666425096122556,2.4775084327144317,2.6648973058044727,2.522325399733011,2.6215079685011604,2.3669662530821305,2.7009122689131195,2.5142155614851642,2.707330558857351,2.5558002384851464,2.705750403719107,2.519548259217741,2.716893006552033,2.5210363261448894,2.779717577995284,2.5177453001282752,2.6751296972298535,2.317680974255849,2.785593662511121,2.5276525223703854,2.7175292678810887,2.5683837185648364,2.7348673955556984,2.5061316962592026,2.768102313570669,2.530604853789677,2.626532400101543,2.4767810205418863,2.5689902518301917,2.37217311024329,2.6144630126734256,2.4809384340365486,2.654807484925456,2.5258964353418016,2.687227668452475,2.4911146012351137,2.6670407796894695,2.482855180150735,2.6138128831236447,2.401111355674127,2.5686069115673127,2.3567431457561216,2.594491263956788,2.442807791787505,2.6582264816183194,2.5007394822285005,2.6611563331184502,2.5042582475476887,2.6809891499400664,2.4590742031565793,2.669599745380823,2.5142735539518886,2.6180982395032237,2.4061985015092477,2.6835125084750304,2.520543565212115,2.6967519040009766,2.4907501372311613,2.684000034363369,2.515959377624777,2.6986158261125865,2.548894890857185,2.7778521319659752,2.507651830999239,2.6648177088246006,2.3081774528107415,2.791701874047306,2.5645559809197205,2.7349238563335834,2.5796148375323376,2.720015201076626,2.5221966542261844,2.75180325985315,2.5904686434112443,2.634887109334237,2.4943041863595403,2.599401654043147,2.3540460761242765,2.65254358036316,2.488430559238814,2.695180817190809,2.53781052909548,2.6730907041150536,2.4780500291468694,2.6974196715582637,2.495822098826262,2.6446848864806554,2.4219206041684758,2.58788141522078,2.329920576697972,2.672545851533713,2.4442901709815246,2.68031195183295,2.484376054847301,2.6884375907097002,2.484710516977608,2.6740848152890955,2.487692434950928,2.6945927065591486,2.5281635944351444,2.628304926970738,2.32352151772023,2.7101571509053914,2.52099383742585,2.7009912217543026,2.5381598367745934,2.706733219287575,2.4942016852550477,2.7201026235688555,2.544629150737241,2.791795033859331,2.52860441772124,2.707558312275722,2.2682540978232155,2.8186067004055246,2.5461516038266616,2.7170203816619845,2.585621514084148,2.73213678456612,2.5379143820643995,2.74682357779441,2.590354113734674,2.4864642249225652,2.4731670594652533,2.450547446683192,2.3477302976192718,2.472493581588148,2.39638309953349,2.5648253061812802,2.411025536585669,2.56709140098502,2.3138593254111695,2.5002728445803757,2.2668908287034344,2.3996060003901594,2.496653379108935,2.4035731584900164,2.4781371195121733,2.403839448295598,2.455799209943251,2.5480090391553536,2.4237065125250927,2.551343049667803,2.270076488176195,2.4884463545437745,2.373342280593789,2.5099822199699595,2.4931707921113584,2.4581427877841806,2.216446650117412,2.5470343148460173,2.4438754594470438,2.6285752217548835,2.4453732945247624,2.636692845266311,2.3651164804337417,2.6039530170120386,2.3662435317150874,2.656930775086401,2.528258342345025,2.4581843076397463,2.2664674490246246,2.677538925560009,2.6221852204469154,2.7098251178388573,2.529339709202893,2.6829649951480374,2.2847435196829755,2.694466063704385,2.491224798532835,2.512642713324391,2.515693772810487,2.497237808313628,2.332329552926024,2.554969295895699,2.539580596824364,2.61413681925819,2.4915763378074063,2.6276600079270196,2.3107765113569383,2.609306036027698,2.407496252703126,2.4787463466472137,2.5056712144120543,2.4106321272220037,2.210500969701811,2.524944598743556,2.3455296186021926,2.5935330250157675,2.4943076700441065,2.602043393025058,2.375026253721967,2.6110445214185933,2.421151680067674,2.5861998052805766,2.5189889161718964,2.473213115271091,2.3498125395062672,2.637362024356264,2.5045474719765712,2.6673930157664136,2.4921994107900343,2.6522643782449227,2.2887970515954184,2.65926555333691,2.497337093358923,2.678641680199649,2.5406676072346888,2.4688628913147124,2.288025902710945,2.7076985541081533,2.569047051532004,2.6865038475240173,2.555415770861128,2.6844281922258606,2.290481026116678,2.712766420153207,2.5638415770951712,2.6017589519473354,2.613146092939705,2.5434520375038026,2.3524692596156798,2.6205136546242134,2.5542482889978926,2.6463699064734056,2.5271973548129774,2.65527030558895,2.440664715732194,2.6727260681926466,2.467538439124119,2.5617682460199354,2.5070927168296055,2.5071936849882555,2.339182004509849,2.60160991410986,2.4832157606207166,2.6736327887137956,2.521417239574419,2.678485000223834,2.416283841213298,2.640820705682453,2.4780559098407346,2.6502813088619375,2.561595641803609,2.5658601225698936,2.2798829615301357,2.694395593550582,2.560519286927592,2.6779021597607877,2.54464745770075,2.678895870304149,2.3298246516173835,2.690688033159963,2.522950360125808,2.754788190435667,2.5685504839294935,2.523682635842602,2.3293156821492476,2.7677225210014367,2.620903943233948,2.7172347227721674,2.572971899605625,2.696878223421597,2.3982766236147417,2.737801622261628,2.5598570625048382,2.532814438368192,2.5015762317263173,2.431667008663578,2.217436932276359,2.5639480549808864,2.453118585482712,2.6181635798342833,2.4344459981504403,2.6318840572879134,2.2209214245226576,2.6266837409401593,2.4084371340111077,2.4935284620436784,2.448924524484344,2.4336117758836973,2.2289087890397323,2.5411383818284285,2.4053377044705506,2.621479918899571,2.482387194611125,2.6261219428659732,2.3719644925067396,2.660316410259182,2.428532733139474,2.5910139661196525,2.509648553972208,2.486748148377202,2.181789517593047,2.6349514728811396,2.4717439771655307,2.658354941728958,2.5284356104519423,2.638595291294624,2.3285323491637344,2.6880672145263076,2.4655574745616744,2.712751012736052,2.4882710094411773,2.4670617614715047,2.114690801287108,2.735277862286946,2.4900979583626044,2.698633317318765,2.537046062053777,2.6905514231524923,2.3509841075483044,2.7101470414010014,2.479391251845975,2.6506018453447715,2.453748060638104,2.6627095416454356,2.331105348994001,2.690413804438169,2.393775683255573,2.821912560392716,2.5903911871816647,2.823009909509368,2.5395653507530027,2.7727890121831065,2.498250787918767,2.7047345181701825,2.548033532817866,2.7407575200202876,2.514385074441137,2.732803459065713,2.553843136822708,2.779381479562232,2.660708475177086,2.791265320671661,2.652404982416315,2.8187533821857276,2.64337319687368,2.727659585239705,2.5042920810772564,2.70849218182084,2.352557998859727,2.7715157396224517,2.4955728742578103,2.78806487163398,2.5718788977411267,2.795109820918407,2.538338876439596,2.7737386135862447,2.543888118851352,2.8399991118148984,2.6757339447600494,2.830185608371273,2.5556394351607885,2.8559115733270053,2.71439448884475,2.7963658599007655,2.616303730050468,2.8121806075440015,2.6309458612800576,2.8107090584287655,2.6392341212351886,2.384153868368216,2.404986536902022,2.3709495278240578,2.1737593225460756,2.394622589650615,2.4084375410434915,2.606803339394427,2.4693087244303267,2.6032075231360223,2.363043685913314,2.5004003471569773,2.3125785507617094,2.340656843511091,2.4534791645732406,2.358309291307902,2.328945737201605,2.3456527747740195,2.4601500150535554,2.60816666923113,2.444812103352282,2.6013003536253847,2.3795393621085466,2.4938992590226663,2.3921161019515167,2.4882905602907215,2.4009965933447512,2.4481475664441583,2.2191767538453058,2.5233983979302357,2.399077824874803,2.6726215688090473,2.4896166842356595,2.666736506893742,2.3990327001222678,2.6090650195041967,2.3768916364294776,2.6259696644479993,2.3846118065296853,2.5459499942932764,2.185630689687285,2.6223479022531135,2.412357623691813,2.7106050135283692,2.5231607566379544,2.7270521824630474,2.389287245523966,2.6824311033006683,2.3821792952808645,2.382406435602705,2.477940748845818,2.3984171800871756,2.27739508359797,2.4065794158643703,2.3866637708602765,2.6061284967323046,2.4303462536476776,2.5891353782532422,2.3265727274113996,2.4957402816391405,2.4081761081262303,2.384934346890903,2.4600189638677192,2.3683237861247384,2.3096968685804384,2.375522326138251,2.396719633428922,2.5961255328472737,2.453845666883161,2.613335682446418,2.419651652716592,2.500901605949991,2.441486266968971,2.491363239387027,2.4344359242657085,2.447223110877512,2.207574173474543,2.5431536390306824,2.3756438830574935,2.654885797278112,2.469925221426472,2.6716602613619322,2.4021645824942515,2.6167561837934605,2.3592078902329505,2.6490328415711297,2.376950510298017,2.563513168250419,2.1925363916024745,2.606288623443339,2.378634784163716,2.71674174789138,2.4878720346891723,2.7325446486971843,2.392546589025445,2.672750167016984,2.411159994844569,2.401984890489641,2.420592820570768,2.395058512334402,2.14483571761636,2.4285633681247205,2.3913471166496776,2.626145854553738,2.4522961854286223,2.643522749014483,2.3889478915941087,2.5852793231384696,2.3807073241593266,2.4146471110531595,2.465520474622796,2.402853461625655,2.309909376321088,2.392866705908727,2.476231668365505,2.6234331559233253,2.479217974282249,2.6483562401915965,2.3915841296131624,2.587906056909822,2.4377560975970156,2.5410885896935644,2.396306485571478,2.474063470315646,2.1931048089860026,2.5784753157184936,2.404945850222757,2.6736548296877913,2.4813882721409413,2.6955963096628106,2.413459924746837,2.6670099746996483,2.380387425248588,2.67692574404918,2.388196128209734,2.6005724162916417,2.189089916282759,2.6752396869099577,2.3760474994406935,2.7278813578854546,2.514731984098623,2.748339697189808,2.481906371433636,2.7036069842226915,2.395178194219623
16_3,1.476769666768784,1.5069487327798041,1.4621872457217244,1.473780921927074,1.4669407784737314,1.4192944140657995,1.3964404997938107,1.2831763794564743,1.3595420943480436,1.2348790678251909,1.408502539794265,1.2829535290601768,1.4990970614203902,1.4557478276606985,1.454334607005129,1.4763330913288477,1.452932042504067,1.3135155179566624,1.378702047373057,1.2857878409559043,1.3922984186381464,1.2690776825096521,1.3595841739900068,1.2352122021733265,1.4827392497578982,1.470994406108489,1.4767024112761158,1.4880890175443748,1.455196164618194,1.434483553872358,1.3567807098584603,1.27657117093066,1.4069061760795956,1.2497846520005622,1.3810648210709593,1.3015585341218578,1.4431055739342022,1.4675715107469305,1.4710942458839362,1.4464397599244003,1.468601802682534,1.2094219396736094,1.3867091413002355,1.3461882923805215,1.3684149340719098,1.2793886894617001,1.4128451728069202,1.2447114726181914,1.4781651740632584,1.4705941522929367,1.470547507916649,1.464936716536892,1.4593477416182565,1.460133467107082,1.3767155127675075,1.2317345568046725,1.3964979080929796,1.315250532039966,1.3875798755403175,1.300848296320175,1.486671758538855,1.4724540846095397,1.4345720740003234,1.4533893996491958,1.462229808842726,1.4318867749411326,1.3972482693415298,1.2839629144687104,1.3936800014682653,1.2939452134688008,1.416135940730727,1.2836220327069865,1.468791259573872,1.483801167378858,1.4457953882578851,1.4727009166675538,1.4398044894036193,1.4215501336367815,1.4040517204811032,1.306191040224862,1.4111829470959092,1.2711343375785606,1.4145958988665095,1.3027854112329396,1.4880210060070713,1.4373574465362415,1.4681264598070778,1.4949906208050803,1.4428397362706995,1.437634451922136,1.4136707337934646,1.2965820870095415,1.4153185277683518,1.3242000644316443,1.4191061763586639,1.2893102846161772,1.452429921614082,1.4849210877655534,1.4977954318211189,1.489714274472767,1.4685840411591913,1.4545221112632778,1.3773978248449943,1.2691403752303354,1.3858703207588614,1.3009444468831586,1.4046412240777426,1.306222050180943,1.4842439380289514,1.4687439067684838,1.489407759933062,1.4899270889322145,1.4851306283073942,1.4093544905565834,1.3956256296183915,1.3012779518684332,1.4130997931105185,1.2516718187316407,1.390136057443217,1.2926279608019935,1.48072861530517,1.4827226895936865,1.4742908993765562,1.4562256145041985,1.4822728940224876,1.4520211134084215,1.4156249327913355,1.3192003322834196,1.4031656023384496,1.247821676576792,1.4074864722539082,1.2845357772718395,1.476447750480908,1.4802679472753713,1.486960652961059,1.4569137917713693,1.448372707157748,1.4599875383919463,1.422315157478037,1.3011091550599323,1.3933241031684036,1.3100060925094574,1.4141381375090545,1.3185597051282736,1.479629114829903,1.4760794959681396,1.481348161601409,1.501412036246154,1.4810939412187996,1.423609831820614,1.408804187862892,1.3006685424504656,1.3919690086364118,1.3212537485096532,1.412396597459401,1.3480602766453391,1.472019257473817,1.475232704616453,1.466650923538566,1.4577110219006453,1.4541795995836488,1.3972272791557006,1.393005094978772,1.2666583215596319,1.3997509288485357,1.2789133522242393,1.4099584097648077,1.334913139894753,1.4850145458333484,1.4566260952306835,1.4731127808577185,1.4524090372553882,1.4486958115979391,1.4537891630712,1.3911518281443098,1.3046282202153965,1.3923500113640188,1.310577903914402,1.4119239023780537,1.3656616382897417,1.472281283974376,1.4626030414895639,1.4786473431492018,1.4823948491374357,1.4765766090857706,1.4379502046337023,1.4185200000204787,1.3388094685511212,1.4132385503752491,1.32510947741737,1.4051862704522027,1.3179568030069366,1.448192199448223,1.444444148557265,1.4691324602868514,1.3051222033079055,1.4543475772241354,1.05895534193792,1.383296702243639,1.2160646189475683,1.397533014979095,1.2182446236834232,1.3566431464360493,1.1373291119280498,1.4808828847329296,1.334886414623959,1.4711795603922273,1.2273567371916683,1.4424308278253921,1.2859500641549952,1.3655925842573133,1.2742001716231255,1.3602161062037532,1.2289540351284256,1.35535519464732,1.2697127656193754,1.4706670618719784,1.4680343424130682,1.494998875562969,1.3156886845443925,1.425145729763515,1.3409167518483998,1.3819134381381557,1.2447422567777902,1.373712027466498,1.234794185176066,1.3570968268808759,1.2515334372282474,1.4803220868403133,1.4667329116174217,1.4642843072820484,1.3947764697035732,1.4500204707131241,1.3995737722263815,1.3861926323072684,1.2705680418427516,1.3782084190166024,1.2246073876290398,1.399805519270757,1.2726961155614478,1.4594922453241086,1.4652507799847632,1.461493687083543,1.3154030819601341,1.4609594210417454,1.3788724328453412,1.4060894333352716,1.287417596896479,1.3691940668876654,1.3048092537090943,1.383650120538258,1.2924531363021705,1.4781512146134228,1.4498201422741726,1.502203667830879,1.2700928739359556,1.4479797478643028,1.3771151155840502,1.4184358785205282,1.2615223354018668,1.3841817897863968,1.2577855312179225,1.3646666608315983,1.2671894992475548,1.4730640418612186,1.472738607791981,1.446232467688019,1.4028561626332237,1.4800690188322505,1.361821702985961,1.3739777646102311,1.2633018297586776,1.3970907006662343,1.239800947355008,1.3627170983699324,1.2091036979769192,1.475502347177277,1.4612956512041955,1.4757478688173549,1.4621762468782455,1.4637848409645506,1.419482104797172,1.392127556946433,1.2151125911737937,1.4200968462939187,1.308010829896806,1.4224744433304137,1.2619175339427877,1.4900114583245836,1.4389463138758525,1.4767342847013523,1.1883996192739685,1.4798157277988802,1.3625845610510847,1.3528064365264516,1.2445978494451748,1.3799229198044276,1.3105352507798846,1.378713250867037,1.2947259459674565,1.4708199229172987,1.468394847559209,1.4845224862282473,1.3502801787291254,1.4789710798302511,1.402459985594021,1.3316099516581135,1.262763762190303,1.3920094994565717,1.259230113367061,1.374637227377476,1.2836019243831898,1.4869634501996774,1.4809837615364756,1.4440594868888164,1.4224137893830184,1.4505567033352575,1.3840426151555023,1.3759003744764113,1.3050941079267515,1.3764141548279614,1.2659919018678696,1.3909676170425913,1.2745090068800973,1.4622634644271766,1.467104741428121,1.4603037253870135,1.4353960116595614,1.4728853157382744,1.4111096421161768,1.4121100107338445,1.2552360001190392,1.374540236864515,1.2638915272139026,1.390694322886904,1.2910379302784112,1.4500977536955455,1.4611273338309518,1.4681682282768067,1.4262566203131792,1.4873093871005454,1.3795599789056416,1.3741457009040787,1.258838588591851,1.3734003679633657,1.25071070853005,1.3679087291738916,1.2696990484837964,1.493174739951653,1.487326374807238,1.432329967539476,1.4566305516069433,1.4435670455437326,1.390741031238209,1.3948523646249769,1.248148524363652,1.3932145495194377,1.2061634326351678,1.4219328377671605,1.27746934688665,1.4785739675718983,1.4450135663457184,1.4617773302539439,1.465640341450049,1.4589138948862308,1.4210151259312773,1.3661249805327056,1.2434453035382131,1.4020775213184868,1.2490764654317694,1.4048121543031924,1.2605908730514015,1.4703505218816963,1.4846741035911528,1.4834458831267057,1.4585592431391823,1.4803501992644785,1.4334174046690864,1.4046840164363408,1.3098580843098497,1.3897320457106426,1.2722658095095933,1.4216974786817773,1.308646267212276,1.4655308812652272,1.3664185581993957,1.4522539105269872,1.2427020150687378,1.4487351059954139,1.3497579802759567,1.3545723109003132,1.1928294969728002,1.3473887446122763,1.138365733336945,1.3450682839656947,1.2094474849333388,1.4593035569989652,1.4849942540307333,1.4486353296593983,1.2418708266322633,1.4455446480577596,1.4092630471100858,1.3352398092485205,1.1704712670170987,1.3084330448038939,1.1408106765732349,1.3395770973982013,1.2133974512685712,1.5075730658488693,1.4659754489925712,1.4749864152634953,1.2718884633579186,1.443601316555044,1.428820493106034,1.3466725192329294,1.236098562983639,1.3180048476706694,1.1578338807666648,1.3461360174320578,1.2151094317546958,1.4794618341653325,1.479107394074196,1.4421672174961424,1.3692704417097004,1.4506175830182084,1.4249856737265216,1.3504559284666868,1.264720299919495,1.3507302554228608,1.1880839381781894,1.3809271013815778,1.2626354700954858,1.498915424823464,1.4423135075608582,1.4287228734246251,1.2344130390616166,1.4600454243262082,1.3173010332546518,1.3253882958080938,1.1963958841835245,1.3255241947697067,1.1740162580106717,1.3299804825145092,1.2326708253333842,1.4526736468982784,1.4677244343158087,1.4482532793911855,1.2068262980930489,1.4420723639608939,1.348207239666353,1.3604655320855326,1.220352991633576,1.3276787058712867,1.1706964320868152,1.3394891774583555,1.2028965705194838,1.4831811746071621,1.4771054303024602,1.4846262264371595,1.3111817257764529,1.4621074097763156,1.372181114173341,1.345509348296465,1.2337677585694007,1.3335451709976722,1.1798877938113077,1.3760530541072653,1.2472902218850532,1.4946482894679685,1.4764734823671155,1.4554685755097478,1.3411636923684438,1.4843756556547412,1.429093863660168,1.3568361705313714,1.228733489811259,1.3422078278661733,1.200609661681365,1.3665252196173954,1.263100865751895,1.4602616695433008,1.444407336433989,1.4296282684696437,1.2621521850547053,1.4664954583973502,1.3319316165836335,1.317901078674532,1.205222037622138,1.2992036025735643,1.189443075822433,1.3538190152305665,1.2566405898921293,1.4794752925212595,1.4515507309091253,1.4380879374616273,1.204643164558094,1.4698647534135532,1.352200456975105,1.3212410178913274,1.169564360068775,1.3390087473253418,1.1337941198702477,1.343790033519817,1.193658032943699,1.4916504914542288,1.4757813200051804,1.49227122936845,1.3253359810839198,1.4528099623406583,1.401712886687868,1.3456619066657733,1.257222933267982,1.2911594529374257,1.1438036032412582,1.360588431245627,1.254895184871453,1.4704759277209178,1.4894847173837438,1.4643858945594432,1.3888651762992443,1.451861425603493,1.4539016882692257,1.3851419757585537,1.2480406525418613,1.3575964947411978,1.1751617454284602,1.3652206792709687,1.2838618897202547,1.4815395442490775,1.4750326587025029,1.4506856122558907,1.2998928532250147,1.456385144748306,1.3827562858473645,1.3307645996098556,1.2113989213096457,1.3445013453218078,1.1454589970362534,1.3560843302853607,1.281518874388724,1.4753684922994301,1.4734631385170478,1.4396434800055715,1.2531255969201789,1.4571737014196127,1.4166563824757512,1.3538969547434199,1.2121248243576817,1.3045887819813962,1.1729367286675858,1.3647006944831441,1.2133052773528537,1.4723912958949155,1.461482113534474,1.4429331791957027,1.3354417193558688,1.4779422825062867,1.4273204655389893,1.3600606676704667,1.2531790250517072,1.3825625598268132,1.1617385313313828,1.371715377217997,1.2705913640871718,1.4837489704680307,1.482362869428071,1.4619426406827978,1.3344699657283383,1.4618003495110226,1.4573427837716146,1.364509158821752,1.2563309772745523,1.3698918066187349,1.2262700836418137,1.3913255452339408,1.3095967942861337
17_3,0.6196824344184723,0.2711467698334192,0.6373469814729833,0.23141308645753,0.6884050918145534,0.3233295014788028,0.9088827973999711,0.7507939720261456,0.9153018421959715,0.6601194431339918,0.8807603675764476,0.6138904012628661,0.6366053861435346,0.08214502000977565,0.5911038093095288,0.29468516131492306,0.6965785313418985,0.30646307628932223,0.911134033324711,0.8404207037422696,0.8910484720394724,0.7911406195123505,0.8958821420533095,0.4898019481007298,0.7616377657214868,0.3719589919895812,0.741182469093117,0.0904330019033304,0.8253708603516808,0.39349314596357826,0.9373113446388512,0.7917581606449449,0.9303326413454139,0.7357772699834677,0.9258826620015266,0.6739201423937508,0.9617253712166722,0.5529811552940814,0.9094533754333826,0.2286499780709042,0.9874215917765012,0.5128664651465401,0.9710512384555599,0.8665612788797539,0.9596476633625842,0.8306558946571839,0.9608520456787465,0.7757664736506255,0.7211559851733214,0.5419630773038209,0.7100480715185946,0.33753958206830686,0.7261744013486325,0.5363066756182318,0.8676210389012867,0.7811093096177447,0.9148716623114457,0.7715380922099362,0.9111583731135784,0.6849310469220503,0.7239873268828888,0.1784028347064636,0.7256115706043604,-0.019848771678598488,0.821125860701135,0.28454651405442577,0.8869012876738723,0.7823771702981469,0.920857019775619,0.7394784691825365,0.910751307535149,0.6690494195681145,0.8120859614678542,0.6171558360597691,0.7862552966639421,0.20484769918158188,0.8506784300987258,0.6160826817041687,0.9256174444266603,0.8344015517055755,0.889249361767883,0.757312228610822,0.9074344234324919,0.712952126375256,0.9648202499386422,0.6227928349832031,0.8484804953241313,0.0970693555857254,0.9610668502005932,0.6867311652759235,0.9597119527937503,0.8108471032312623,0.9644420255441194,0.7307591525062759,0.9672513419271456,0.7542362118989615,0.7307590174803019,0.5227527611581111,0.6883601971713851,0.37230054937957374,0.7698032024645233,0.5430532527553593,0.8463896887542728,0.7956845827578238,0.9097772453575447,0.7556715292750227,0.8551583241627437,0.7223630360572335,0.7729642673222272,0.23098273763916213,0.7043214102854527,-0.025811567918453064,0.772233237714819,0.2945551928989008,0.875669968256197,0.7566755606129492,0.8656235932917276,0.6818157322615161,0.8853088463425641,0.6698379874697404,0.8252241745188053,0.6209407743420303,0.7545298170000211,0.29699531992542305,0.8266227673745006,0.6431221471326459,0.8780640352645757,0.829413695181714,0.9003968482765121,0.8314695112552904,0.9185789340241007,0.7807734701642263,0.9408785908554589,0.5989062588313538,0.8621457702813038,0.1384413949173908,0.9551995713375826,0.6344266223696791,0.9191184406476871,0.8400284094067104,0.9331725051503889,0.8156537029245197,0.9398973740547395,0.7132147326926671,0.7838248359164455,0.5590097963516484,0.7527839423096422,0.10792699526632824,0.8002557072370096,0.5494078026667945,0.8880113528257939,0.8344792726123376,0.9355893437810531,0.7704442125045169,0.9029106064735717,0.7403068701395495,0.8234131901257525,0.17802324238721892,0.7885292025068728,-0.11198096241559902,0.8762510591846934,0.38449559200469335,0.928274878227506,0.7431001667631364,0.8806605740783211,0.7984637586285948,0.9101030312954731,0.7260799371220551,0.8501861338561175,0.5692274495670906,0.8270857704956509,0.45183019988265066,0.8876233492591037,0.596748934395158,0.9046213421979813,0.809455806795522,0.918175505253219,0.7988323837826575,0.9395053716837223,0.8071972012126039,0.9861309863474399,0.5589243065016446,0.9369372107337806,0.017907460175064328,1.018166265937904,0.6473683627946686,0.9387800061992572,0.820753421921774,0.9486092018407395,0.844436062868997,0.9664303985735676,0.8747779353820856,0.47727526233231876,0.7689117814534109,0.5288309982419434,0.675545948323803,0.49323652492705605,0.6662730468212965,0.786810643190311,0.7353070000475664,0.8241514185154345,0.5744848136817807,0.6704782203600893,0.7125037727886412,0.15967329624836174,0.7162771231125679,0.301122887409571,0.7205802005119667,0.33503164159373205,0.7259098287487706,0.8288788578977886,0.7759912788243961,0.8040855237756632,0.619031071355287,0.6451706706787168,0.7542540043554768,0.6139910972307574,0.5623745115981781,0.4851278644757355,0.6329019379604877,0.630983996177718,0.5382379848450752,0.8317989451041132,0.7101958099682754,0.8678952142052713,0.703316529839045,0.8013355204649836,0.5316340952485009,0.8383121035019571,0.6732910743178326,0.5154994973279051,0.5405405720489244,0.8564697923275582,0.8500769500406334,0.9249217109605127,0.8580534102857347,0.9204340870776778,0.7209479222154758,0.9384724703954432,0.8489097056620436,0.6432011117507642,0.6723900027574417,0.4650649803403888,0.5450388897655596,0.6540247013553286,0.7704645643958627,0.8615817820075944,0.7986063158429765,0.8305903881895919,0.717471192570657,0.7648068627731143,0.5744059667319186,0.4553937912526579,0.5046168797950749,0.28324035549862775,0.4461972099282055,0.5301195904571508,0.6456404828534772,0.8238333385588958,0.8208023740964806,0.8312953773749898,0.6323095721216366,0.7610653984643315,0.7245766607646829,0.6954286862267643,0.7499169768707479,0.5106752271265302,0.5902032159769589,0.7704019437810053,0.6954217181208406,0.890659310413735,0.7663960982264607,0.8688768561156348,0.5483206894262521,0.874006640318935,0.7622616470553301,0.8592292610635834,0.6327884107191761,0.560912861216897,0.44152522092573737,0.8922900840257577,0.756755143309257,0.9267336498818091,0.8580534374202503,0.8871841188789322,0.625488587500593,0.9060325956615011,0.8712908371712028,0.7716050564232994,0.8708520783015834,0.6365680405773507,0.7582532254373338,0.804026658484301,0.7981772654057534,0.8440567307352972,0.8247572977489528,0.8677330387131501,0.787620178597328,0.8314100645983206,0.7585772185895309,0.6801518313731959,0.6692334771229931,0.5829457426271265,0.7096625602676567,0.7775793929970789,0.732779789927692,0.8530166538199541,0.8252221439996857,0.8784275046561472,0.7919704482827457,0.8550237278294207,0.7313797928766408,0.7750139841008961,0.8197680011065768,0.6936248785619422,0.6399218910357756,0.8287606751799643,0.7170719061309883,0.8604890313589437,0.8450669725345079,0.9097586421962842,0.7386776312953283,0.91167333762536,0.7924432080961809,0.9511986140769308,0.7248917065087362,0.6862301342618266,0.5998186664733663,0.9581087541457318,0.8376360240838233,0.9222522260995359,0.8148624234801606,0.9275088480500734,0.6976233022348111,0.9316918902422665,0.8377231833771182,0.6037823283599177,0.7132023669131262,0.4869103739582578,0.5867074975330367,0.6619377839690471,0.4699261365657038,0.8515400152703191,0.716391087150744,0.8048695233414609,0.5006554173537333,0.8019607197535832,0.6877158975704383,0.5570866683354533,0.14476208550272368,0.20276612953184472,0.42314936524227614,0.6289193705429412,0.35411793216374254,0.853626725148296,0.7003553989562826,0.8241573094632985,0.6036081178711316,0.8173451251975816,0.597463767586732,0.7565607326663811,0.6254225032516456,0.5309192844156111,0.5022727960358769,0.7817061920267498,0.5098931617847514,0.8913902138148865,0.7024076499106297,0.8883390304950185,0.6639664834642759,0.9013888361777529,0.7286348227607731,0.9064174947209095,0.5273823148359396,0.6062201378357454,0.40690884723143816,0.9383832006187418,0.6130229793045788,0.9299158020936772,0.8432150429157129,0.9208635626969002,0.5699141988854016,0.9303748716174098,0.7162328998350441,0.8896852699480133,0.6374231876334814,0.8972755683378639,0.6895396332335192,0.9239152795154686,0.6385141055356972,1.0393853470544776,0.9818055652451428,1.0276274225442161,0.9379004425304214,1.0014547971493049,0.8974551979433399,0.9303741168437042,0.7726763976867892,0.9822733949521183,0.8609609368044795,0.9587535543531738,0.8442525231329716,1.0351205259602563,0.9910678809552919,1.031103393169131,0.9566155269329224,1.021367120551583,0.9382860197052343,0.9199243821447911,0.7483398299126415,0.945005592963399,0.6802516919310619,0.9416588264493504,0.6982920062012165,1.0212771858187615,0.9231479251475502,1.0658466673479636,0.9299559601712999,1.0018343302595514,0.912970567997978,1.0708848556978074,0.9518279896123489,1.0409291202101552,0.8344793713199359,1.0879131877722539,0.9669503532543333,1.0365388270889853,0.926271716979997,1.0297753981204238,0.995697444745289,1.0379171014914153,0.983932628485425,0.041611708685592844,0.36997153470961003,0.07894572131649455,0.3922634115643188,0.1922632606339328,0.6410313020969357,0.8654477584702153,0.7503870616474756,0.9100106889092432,0.8202000784434176,0.7448307019105865,0.6532069218070233,-0.04822413082529241,0.5602643033149178,-0.009116506949269835,0.4142748279341994,0.023098562678356603,0.6003869125691165,0.9185020263287339,0.811341241232805,0.9051306301480456,0.7978912691140498,0.7159286949853163,0.6894371762186177,0.5404435920797687,0.32726543037601385,0.5174496049061783,0.22527613779480773,0.6482711918006475,0.26366975990631075,0.8913513632418284,0.7833741119051302,0.908327215163866,0.7889012855300406,0.8810433779232024,0.6084396238004486,0.8716303680690043,-0.001690863695682465,0.8031599685784906,0.32156428595548836,0.8279654030243719,0.2437896314413922,0.9872927742845059,0.859389921660727,0.9568379847899322,0.7923033011009906,0.9357713352795121,0.7310594272207398,0.18280284476236106,0.5784010635800828,0.2511189311995854,0.4559293715377538,0.3034191978700413,0.5281627227748958,0.8382932963357494,0.7851239340421688,0.8924075559997758,0.7812577589227552,0.6961334021365969,0.5989895448764592,-0.05882650443793228,0.7326327272756107,0.11194534541486548,0.5716002390473655,0.015710681089573377,0.7512298722001504,0.8712609887187478,0.8707292591999096,0.8442275511782644,0.8115580322348694,0.6968624397463784,0.7395168101006615,0.5865587854169318,0.37292153670587525,0.4809076960576388,0.455868592212782,0.6475435902758602,0.4127551044447929,0.885948980690974,0.8247969756471351,0.8985577216513122,0.8095729825498451,0.8494903235543317,0.5534441514113424,0.8130229034938639,-0.02064455093044603,0.7525602014609108,0.33371880966501866,0.8487568201955563,0.1813328828642542,0.9778639775974978,0.8066120295053061,0.9362136871564891,0.8377433057140289,0.9441614179165687,0.6286719905523351,0.2755588152471164,0.2829483426416056,0.34569845380532976,0.4003778213597087,0.40629492650071447,0.12327008867425977,0.9245997178958183,0.8483149891594627,0.9320936549473474,0.7654273732196728,0.8146558175958722,0.6990171655175695,0.4848690842199889,0.632544246332917,0.5774764305958979,0.6172235188044584,0.4367878929918746,0.6503790314821497,0.9326461558717473,0.8165307429052838,0.9881533664059708,0.7904192720401093,0.8718963817614264,0.7720419441191132,0.6959868268700335,0.09977686390922465,0.639714432149742,0.3506213027563423,0.7534981684756176,0.22131138092160502,0.9577449451005877,0.8172649308917564,0.9278426741538984,0.7854226703847069,0.9046755136865807,0.6764346443154182,0.9453212770789629,0.06797100392057664,0.8705268982850547,0.40434867063409985,0.9769379151231955,0.2610143636190941,0.967408397506781,0.8809683861539352,0.9748207149051978,0.8137076651430576,0.9735750506506483,0.7478915220511123
18_3,1.2416178190159477,0.8971464652142639,1.2358751246574398,0.5665038587114165,1.2660119802576602,0.8996796201374547,1.4776462229910625,1.3372888096356623,1.4422966848063847,1.2908816886041967,1.4278776116903018,1.0149581938166299,1.2292773143987417,0.7529902694679166,1.2374374275539972,0.5816332257888813,1.2650404214513449,0.7773519248822067,1.516412762508632,1.3398213254221767,1.5050356905440043,1.277891143015632,1.4533749348227487,1.1487428770484003,1.3601004960737124,0.8795893592393066,1.3094570007763502,0.6977271690086799,1.3841655530735049,0.9774594378393882,1.5213915807209475,1.3520116800685902,1.501183849839322,1.3562620110112038,1.4922496190684367,1.3481020514986415,1.5645103528569055,1.11270558009266,1.4912961344051183,0.7437375525398299,1.5579207340945054,1.0710192762871005,1.5276476288716119,1.444257566727688,1.507126063909737,1.3435465015847838,1.56891381477333,1.385749309743314,1.3190761879756618,1.0922750680398425,1.2886293665911068,0.8814062382731924,1.329157957714348,1.1177395623626811,1.4683642452316663,1.3302480062275381,1.447904926061877,1.3160449866971915,1.4361669824059393,1.2040983579140019,1.3328073363712072,0.8836280159122902,1.3193555520929632,0.66181630066423,1.3682867075825407,0.840869216977619,1.4931325104258473,1.3152873932929137,1.4452114084802086,1.313907532307221,1.4466888025976712,1.20594586288743,1.3555360087851809,1.1836041051703465,1.3624403798278097,0.6972753333920757,1.3807802887581584,1.1884084150654317,1.5034105444147823,1.4373262530247406,1.4860092057206344,1.3663404138369928,1.4632916058575178,1.2545916588010866,1.5313693050744015,1.212401610729733,1.4575843773712338,0.6885393052471047,1.5378626928232226,1.2413212613356939,1.5164191470529491,1.4042603707250554,1.5160071948933236,1.3883683502306818,1.5094272545684273,1.3690839169691869,1.3308236886195612,1.141981003981762,1.2971243700780746,0.8546385421327677,1.333476527198894,1.1121970520770745,1.4443238308036046,1.336466504353664,1.460529116888128,1.3201410833161542,1.438308342948525,1.2807709209979716,1.352234663825766,0.9177031799041397,1.3189293277290344,0.6193561835990811,1.3464281720275775,0.9283924735093225,1.4208624068827997,1.3893690392805,1.4589129680141528,1.3331619157313364,1.4611685707467807,1.276536207984548,1.3877354711568899,1.2172843468900567,1.3384827643550228,0.7727820019160108,1.4089153318899428,1.205879938888286,1.4772187034291102,1.3114747722844124,1.4628069633844736,1.332266902904399,1.4724485023140972,1.2797364648288292,1.5292902655832303,1.226674843156847,1.4317604692689765,0.6914824799879696,1.5325477136480559,1.2347155525059554,1.532338793138781,1.440079947902387,1.5225141536386022,1.3579068185682963,1.5054555968536278,1.4114233368212847,1.3708588379277455,1.123498425300963,1.329196808226596,0.7484281384758396,1.4009491007568582,1.1265878265543103,1.497459063622516,1.2699696755574235,1.4709208135938399,1.3693144006993265,1.4781516473568643,1.2962065820512205,1.402400887447777,0.8454316543419392,1.3437098015380542,0.47767515824574197,1.4454014137399052,0.9914779807609859,1.4896692627966788,1.4081527294526228,1.4689175696756023,1.3100482245264184,1.4622140626408706,1.2673889249378973,1.4316319364090153,1.187336161251932,1.4214442302207648,0.8509471839650192,1.41732180888272,1.2021300234365535,1.481259426941937,1.3190622455682601,1.4698396247512218,1.3636318576606277,1.4971626665827442,1.2951965407585184,1.5618548166515254,1.2560305883668905,1.494701617476496,0.45500362095037955,1.5459931742859385,1.3115907878876145,1.5207903298122472,1.4106420665306822,1.5159492496192446,1.3724968604640173,1.5402647072112858,1.36205047100934,1.0346028612310778,1.167619905772513,1.0515640513368307,1.3301371292393938,1.0799579232183099,1.3365078884137012,1.3959069497026977,1.2673350777761294,1.381795445612229,1.2420882635496981,1.2786221861784255,1.065872912921096,0.7231192520254212,1.1717720991782514,0.9418740662666979,1.2474425119655215,0.8943927903097336,1.3185210503505653,1.3917617058618477,1.243728657185003,1.3489265053065196,1.2411372458917629,1.2213173873770338,1.3605477434029514,1.2040672288839003,1.170973167610343,1.110820467459429,1.1174801171886364,1.2455630729954474,1.1831042229253343,1.4334301279179364,1.3386960928762313,1.4404100177292027,1.2885432784691004,1.3895873250323327,1.0824454858411852,1.421856310929136,1.203006278205269,1.1337173370600835,1.1364063043912136,1.4135956010376447,1.4152311656584886,1.4755581397954058,1.387696294426597,1.4687670538744058,1.3021417714671644,1.4240395782027138,1.3331515883911398,1.1591221668584222,1.3108379502767618,1.0025084063406302,1.3182344242886426,1.2318318108721822,1.240141673095384,1.4343099666625385,1.3559369833563935,1.3924222201474412,1.0990931134319903,1.369123430026246,1.2772103043023388,1.1410669654387122,0.994202817580176,0.9433933257019619,1.152773696102746,1.1598517453742516,1.1221967155582233,1.4327679690745665,1.3388504408649762,1.4272156615606888,1.1840271901119812,1.3298892925263002,1.309110281916282,1.286802982563239,1.2977450670863115,1.1457824539083623,1.050792629301342,1.314032276497999,1.1909581909671003,1.4478956607006137,1.369214275566634,1.444127882554657,1.256718874511634,1.404443771275175,1.1960007369821124,1.4334690296805037,1.2561915059523237,1.2170055293892117,1.113237720155884,1.4412924292198281,1.265446220268463,1.4706742341905708,1.3789032585289345,1.4929251069445908,1.2491976122377884,1.4513076476720341,1.3373646152095326,1.3067844877742136,1.4131987929115712,1.2529929938826758,1.3478680105073868,1.3744104803417019,1.324395712424971,1.4462718681830067,1.3252446715123847,1.451284801579324,1.313363276133874,1.4303372915590318,1.3260915740054184,1.3114264105878404,1.3270386486968542,1.1187695477290385,1.2874578824592424,1.3732947016734736,1.209481200335331,1.4581248551986576,1.3737922819412767,1.4409276289726862,1.351587063372322,1.4254884578063667,1.3259548192149089,1.3879984346789571,1.2940769106729373,1.2671764178660359,1.0812558005978095,1.365325076046349,1.2489414724742667,1.455555363016984,1.311034905273583,1.4658712613052836,1.3303827285270862,1.4320323383501252,1.2804595831249004,1.505106975782992,1.2981254926645072,1.3006428372252732,1.0285905403699445,1.5264179873596182,1.3714674513621512,1.4904673688446828,1.4009971768397094,1.4887021957755782,1.2770877175141382,1.5004625177610438,1.3391202905098571,1.2084355065774652,1.0972215240479224,1.0716682348636468,0.9555310561895756,1.24468763130929,1.10383190796561,1.4230855414898145,1.3159021006096479,1.4021308680141178,1.1371379570998212,1.357811213543056,1.1557011030164257,1.1316193099928258,0.9535708329174822,0.8527116029891778,0.9704134125268555,1.241020238260443,0.8044940689494604,1.3954685687222164,1.285692489145511,1.4110911005008289,1.0967694419991327,1.3780200937967781,1.1717328640030413,1.2937960218345508,1.092557097530851,1.1416373164904134,0.8398074268747416,1.342666565304147,1.1594132182683305,1.4188387895773085,1.3857679750450143,1.4462478158455803,1.191354857355081,1.423825463670932,1.1933941162794404,1.4850394619393448,1.1516787733688711,1.1409422778123508,0.9878432443673949,1.467187661261305,1.151107288639935,1.4474043750501857,1.3656176221214495,1.4527297777693884,1.3543049029836869,1.516581666286249,1.3465095967062937,1.4302209150842546,1.2200729084116375,1.4715296654643495,1.139241466899697,1.477129039258328,1.158547190795493,1.662989150483791,1.5413627400980259,1.6032873749627754,1.5795953227075374,1.5792169488177628,1.4231998628100582,1.5019650035525096,1.3495328956111627,1.549821984778707,1.392691192798357,1.555387359876669,1.38886047322591,1.6383045061774766,1.5315752946783923,1.6396674940024394,1.5490172031670921,1.6073195002143297,1.5227107682726944,1.4992534171306418,1.2999863229179385,1.5484056798078127,1.300422780598113,1.531748101577525,1.306503171621046,1.5954550964314542,1.5764179425254776,1.6027042786763592,1.5009472088922085,1.600118538325995,1.4927441337574492,1.6476076564544988,1.502282409040981,1.590637468139354,1.3501937247402753,1.6541531143068455,1.547956266612174,1.6227466882885129,1.5076103063162474,1.601095986438379,1.4605627387771667,1.5840566645953413,1.535764555380891,0.7592287237106055,0.9000552113698421,0.7351215825883662,0.8016475575847234,0.8316452137712605,0.8886322325459559,1.440320223107612,1.3976500217381567,1.459314830592613,1.3339895099799057,1.2848794613001795,1.228472162905061,0.6178386808034004,1.170210820045337,0.6659338143341065,1.16414973038575,0.6385068807064069,1.2235471233721658,1.442796167971759,1.377922643553484,1.4511129612927518,1.3159159146503436,1.3323996301786016,1.2313415276234796,1.168727923846123,0.7604421485446359,1.0851666491058858,0.9751052039627185,1.2085506251215785,0.8158606616936224,1.4827586663800685,1.3685086832130342,1.5076993824368639,1.3930328694957246,1.4083924426829288,1.058649162702892,1.4495675728363402,0.5981294530051678,1.3597600595026373,0.8507851022471808,1.4106916666737506,0.9176649983469577,1.5523546117976799,1.423655267039742,1.5207612937772441,1.3284468085974857,1.4948460810498898,1.1919830005410712,0.9204648878992526,1.1418118029193918,0.8676206761813718,1.0325202494201726,0.9358142378323357,0.9796937754984604,1.4547600607041313,1.4039364912946346,1.4433065394407067,1.3124095165085998,1.2989956654593302,1.190866739704419,0.7121588609650763,1.2934897697648546,0.7444105773038528,1.0956986976354846,0.6807664672763858,1.233136663909592,1.4449269730919447,1.4166988508237222,1.41385424283035,1.3967262290343239,1.3037788704081348,1.286345196013857,1.1440341377848011,0.8709510732162359,1.1062453698440942,0.758842594046173,1.1700599091344555,0.7650868667866183,1.4309140422436886,1.3021363119201494,1.48554044010614,1.3436228629484468,1.3969706111993823,1.0895745090236542,1.3946971164065713,0.6858618772754764,1.3507752754668718,0.9514255100469208,1.4174016934508165,0.9316380814524019,1.5515818355710136,1.4340287586594995,1.5465806764827692,1.3589411393087043,1.4907323984250112,1.1691955092380695,0.9509403372219724,0.6836457477935316,0.9702338747081584,0.83564825707707,1.0499695175127033,0.8890427696284239,1.5372983669489764,1.4257133921847496,1.4953599886097042,1.3557381413607161,1.4267098679360601,1.2452128959763564,1.0956715277554907,1.1752351839874422,1.1488963950305495,1.094187599321729,1.0907933036555466,1.1529540077030027,1.544393422399567,1.3893128802400656,1.5214596715903987,1.4082621949974659,1.4634556129195697,1.2871627124489895,1.2518405894998643,0.7565163337498352,1.179217706996011,0.7847899282256514,1.3059897282044157,0.7508118373346107,1.5166113220781603,1.4122968521688393,1.547099901722879,1.4310740385195129,1.4773675572139229,1.2619361870292207,1.5148836285008003,0.6365171847272282,1.4658135140642234,0.9345432042414386,1.5154631002937426,0.7429635048967107,1.548974222343904,1.4007079248891672,1.556629141869826,1.4306673450417666,1.530009948531487,1.2648594436259606
19_3,0.9647517168883022,0.847453507059067,0.9064341035470632,0.8217889017222779,0.9901804127960878,0.8448963512783713,0.9923472021187176,0.9001492957372642,0.9941689271864469,0.8627014954648046,0.9802037043025006,0.8287387362701027,0.9006670581562192,0.789897006335076,0.8967615112533126,0.7627776746386422,0.9298235869577046,0.7853395079191223,0.9903965246772567,0.8686277757150579,0.9728836117962265,0.856645684205029,0.9690195465981596,0.7815578464762808,1.1073940669706857,0.8617725280275268,0.9518241181829674,0.809783826445074,1.1432742599568908,0.8669779955957709,1.045201641177553,0.8617832471934241,1.0295706774406,0.8632239943476002,1.0501372415662726,0.8379193330737627,1.2297339009535062,0.8312498219922303,1.0397999640752027,0.8173186492825453,1.240150015140033,0.8372013743101399,1.0413923342876232,0.9209927474982904,1.0636913071129985,0.8637071026715797,1.1013848659010912,0.8700804013034161,1.1225700672839338,0.9050264359000224,0.9875756050116806,0.7953777562103782,1.141508452689329,0.9151707647448311,1.0427934719844014,0.9012591838720942,1.0435931533679068,0.901209236678312,1.0649449971487617,0.9054663574070839,1.0782656525244614,0.841678963945535,0.9604958051470476,0.8080216557098021,1.1143445285803046,0.8488743305576086,1.0427078824810703,0.8998787638413497,1.0153394363491814,0.8884921679910788,1.0575562773277707,0.9035620193938632,1.2293941467426843,0.9545534277588691,1.0228289515345765,0.8275650183284964,1.1972689007593889,0.9536638179586235,1.078222134662091,0.9079642180249499,1.0650661423523364,0.8995486467942367,1.1017359966226972,0.9394803889216247,1.3137092622453785,0.9453162280353065,1.0662126641778167,0.7864578826530896,1.2878597138229728,0.9462360336413774,1.0852081724376905,0.9184250495610111,1.0808156574299843,0.9345801138092331,1.084955467321541,0.9390214334963508,1.1083612528673947,0.9012222057830345,0.9844753241970363,0.8141940166807464,1.0964875281241426,0.9168255398620117,1.0481842587279702,0.9285914386750425,1.0369426760751286,0.901291414694552,1.065914178840296,0.8811340938593473,1.0814512714704878,0.8545033263418469,0.9693817088628327,0.8062314532422231,1.1140192709447072,0.8643295637772427,1.0343170203321916,0.8778881887781749,1.04059588908045,0.8872254052390052,1.0675072631826783,0.9013980696984568,1.220141950658107,0.9488966007712341,1.0070200059697525,0.8146423527426061,1.2049481737465937,0.9345787188755657,1.0622366997160515,0.9167581130900188,1.0706594206949762,0.8721014497676476,1.0959946646764138,0.9232302204892986,1.2797448566686285,0.9347047349674472,1.042741829674948,0.8059846731851664,1.275632370628126,0.9814915888517237,1.1290044947776068,0.935152265472128,1.0773879417756054,0.9202793438592206,1.1419746964372979,0.971177066300411,1.1366229847048603,0.9188144714132754,0.9831479794086513,0.8290155219484685,1.1522050976376434,0.9075871001317739,1.0374382025969147,0.9173797961201243,1.0610278187012299,0.8933737699169199,1.0609807795956874,0.8934099756097037,1.0992058696280802,0.8524894705954056,0.9687758882859384,0.8035212433470911,1.1371733868613005,0.8671817680261922,1.0412705089474619,0.9233974716244787,1.0579557781741615,0.8949083021061295,1.0793538100713753,0.9053332133700261,1.2447510772361474,0.9645517428018895,1.01664405983251,0.8286951238699977,1.2314094722420639,0.9541423533838759,1.0886801141524636,0.9246752754035101,1.070106435589013,0.9075237699985336,1.0935718667650929,0.9309478902622011,1.3046504393209797,0.9338878626662358,1.0452635278062676,0.813248002327692,1.2826035411246097,1.0003709392907363,1.0940736102092934,0.9081777653528377,1.1150647321417064,0.8992798952014736,1.1292677509219142,0.9235223432122515,0.8796636507781679,0.8376349747040961,0.8615358651397647,0.8745528996381741,0.8857489861515118,0.8519040319172594,0.9393909923259742,0.8496107557551029,0.960217939012277,0.8150296478631348,0.9182848036506062,0.8120590526251581,0.8297949297682525,0.8105066532183529,0.8368624665746394,0.8283755517759362,0.8265830856703741,0.845704264001958,0.9555670627320032,0.8601860375083603,0.9257136476972625,0.7879425969727148,0.8647906359779126,0.8034190789090807,0.961416643127992,0.8553030829510568,0.8681327537706401,0.8568739548545861,1.0289820780487438,0.8395347689117143,0.9862775898372511,0.86605736614608,0.9927679268771364,0.8227434484337212,1.0205223296235806,0.8389009875672899,1.089026796631004,0.8731489118026926,0.8611969064930223,0.8624692021901588,1.1149707899155903,1.012180173002678,1.0489332941590548,0.9246258766291353,1.0261500980859888,0.8756259311485003,1.079811159399533,0.9002389770064347,0.9518631438006234,0.8377646519933711,0.8756300843148823,0.837408565558152,0.9876698774907064,0.8668807387964748,1.0206501010335816,0.8959701568604895,1.022814303220978,0.8757927687644624,1.0250534526576718,0.881857026288857,0.9034295025550897,0.8256166025738533,0.8582299861813653,0.8202205496133879,0.9707203043279503,0.8416100769187335,1.0046496009474137,0.908242239244617,0.9826122236515622,0.8766080933437499,0.9901799241406342,0.8692404515533766,1.0814425936198018,0.9146808942047505,0.8629202270634732,0.8270362493403591,1.132488602235996,0.9000473725802607,1.0461754277817812,0.9187549332801674,1.0348206448164512,0.8520952159078317,1.0584414526652626,0.8997289899308224,1.2361188895600423,0.9000826077421042,0.8854186950943818,0.8212904618644133,1.1723609192155064,0.9059312944768704,1.0994100087981031,0.9237653522101976,1.0565167203625607,0.8719765571139313,1.0964556548651974,0.9251040805409619,1.0224586055787708,0.9094838220272172,0.9175265702761868,0.860951076100899,1.031430921384066,0.8967370113244229,1.053516416942612,0.9100134225952471,1.0251512678121444,0.8898841971761459,1.066511350803637,0.9364151356509879,0.9928788512832847,0.8499095208684222,0.8993048452949506,0.8252282711647335,1.0029256660180355,0.8765093251422208,1.0520065239494072,0.9194988406135888,1.0184227720730166,0.8971070281058006,1.0731441344594372,0.929392025304329,1.1541439867864745,0.943845754438875,0.9055654128357011,0.8421721726581205,1.1829715451546208,0.9564778034387651,1.0568447191122285,0.9177953764363103,1.0749335816349377,0.923980344328325,1.0851583573210903,0.9424648405354463,1.2904536588566546,0.9376612598036175,0.8815874766882819,0.7995035978891615,1.2314671464864044,0.9890833822670219,1.0963393104095354,0.9472537107809498,1.0784076854353832,0.9069080488130508,1.1402694384164496,0.9814159665466089,0.9761235439641787,0.8350497613998046,0.8273584746978424,0.8385712751492161,1.0043290582007698,0.874347505451043,0.9799209765201262,0.8790511177771722,1.0011551748495344,0.858297167455955,1.0246364134412822,0.9060569955019914,0.9352104693229089,0.8058535839492478,0.8234066622283744,0.8210523449976295,0.9553413395708868,0.8104402811317581,1.0162151300748572,0.8858110845277951,0.9997304940022725,0.8549356072142261,0.98509846235033,0.8860946662979631,1.106179025855353,0.8987192029885407,0.856990319874989,0.8167340853205054,1.1484602554092678,0.9121408197496472,1.0301054471959825,0.9268837456738528,1.0195054303394098,0.8567945567810723,1.0694308606314644,0.9120778063901116,1.1937723109124185,0.8964007655965535,0.8777463115162245,0.7857432300751716,1.23438480461172,0.9116050922603289,1.077514905235876,0.9209581728973094,1.033434994892757,0.8693265538006159,1.112201696435526,0.9381206059398525,1.051768841061328,0.8466189935312998,1.0215461506619292,0.8543105465291202,1.040566247479179,0.852050733008882,1.0827013708144217,0.9451455572471891,1.097978778084385,0.91792525754118,1.0471780941741153,0.8649331154430484,1.0621954647428125,0.9534578993800862,1.07622798199919,0.9476537415896338,1.0841428477974457,0.9833644486080304,1.0950784573063659,0.9850286383176231,1.0830111876500381,1.011776640455,1.080895830405695,0.9758855418287736,1.1548913268194383,0.9351466647889993,1.084256818708905,0.8803698753842628,1.183576561840959,0.9028389529602118,1.0731260323503993,0.9361291420811882,1.0850497074850773,0.9605524528874319,1.0895330424651355,0.9110150680728893,1.2791539515300634,1.1310951561662927,1.193184039512935,0.9664959110120944,1.2576758723925798,1.098958015212945,1.0900653244406893,0.959157773731911,1.1182268889243194,0.971408819683123,1.142689677325144,0.9790366476001242,0.8190268993471214,0.8019945717677145,0.8126474001768688,0.8012590093348638,0.8320815383440631,0.7858592512782357,0.9472994864855419,0.8335907766280738,0.9535214879437779,0.8228602753069513,0.8640908804708004,0.7775653886207253,0.7921204422939148,0.7751012518267718,0.7524522124764436,0.7695221590713698,0.7928206787038751,0.7544327791710845,0.9268398583078404,0.8288404409030915,0.940021424474909,0.8314371668755544,0.8769878532628246,0.7687712361412146,0.9336400519216458,0.8368195763848845,0.8647588579908122,0.795010377167682,0.9656854744829143,0.8188287227383818,0.9637718815155051,0.8693118487289402,0.9925660439480316,0.8494313859267624,1.005400982274416,0.8225992812174588,1.0529942512907424,0.8007277637124037,0.9310344237549121,0.8090963317200592,0.9792098499416878,0.772043349304142,1.0376322051970122,0.8881447731418098,1.0595319469139022,0.8625393598699979,1.014711796498458,0.8187922912807318,0.8443737323038394,0.8266925807945046,0.8310148539437514,0.8024986025621111,0.8456807136003048,0.8081975749691912,0.9307478699782576,0.8341764276510597,0.9303994918830986,0.8068083320550595,0.8855691527370242,0.7960484732679911,0.8024482715617314,0.7817206769167615,0.8049513292062592,0.7688082560208949,0.806023537195943,0.7853598727650031,0.9270554720294534,0.8493247594154497,0.9278325305312266,0.8264233175847261,0.8481392231331084,0.769020190439418,0.9396665981671817,0.8041936914675332,0.8626571359349349,0.7826462492273502,0.9515271152987255,0.8435485540624231,0.9781175036600978,0.8600029609411224,0.9728670087316293,0.8395538993063779,0.9870331080021671,0.8266584873776314,1.0325951140044862,0.8279093612369671,0.9373736682451427,0.8098670096000713,0.9709376259595439,0.8023043721717892,1.068285713899436,0.8857836605238562,1.0491726377372412,0.9124010752379051,1.004326379492192,0.8375653525283201,0.8203756580540795,0.7868799462810164,0.8040382973880155,0.7820264548859313,0.8534081060681389,0.787513168146427,0.9367341146828166,0.8437648778179407,0.9756632600390495,0.8383319281215241,0.9001502086877847,0.8005886512638484,0.8051934268819844,0.7587635977357287,0.7932276619140297,0.7778101187400439,0.8012046843589465,0.7650966495789598,0.9417495160763061,0.8527206584382426,0.9482152060815362,0.8374900209800714,0.8866716385490877,0.7876894573534446,0.9360577480597805,0.8156445924062438,0.8648775628010844,0.798642705678995,1.0007451249344002,0.8019977923986746,0.9896804860809214,0.8592631064171871,1.0001885481997252,0.8571598303054178,0.9760674654645678,0.8424525791004924,1.097770979142701,0.817074082535694,0.9421455981482442,0.8056079428988376,1.0485211834039143,0.8101848348888776,1.0400262335585524,0.9080518693935663,1.0531756638176566,0.9101732167426928,1.0724958627888415,0.8343805769409772
20_3,3.0358355164747444,0.38737193200508857,2.194440410808258,0.050461953756724125,3.2129168231001866,0.2971302941858298,2.543035944710605,-0.007527352811161381,2.3257138544995604,-0.07198687315515213,2.723255636915391,-0.05696830390083162,0.8978372622822232,0.13142339806413603,0.6407924646263461,0.13798860119724168,2.0322546653101585,0.19651969523529872,2.3074877345751803,-0.034048180330634795,2.07729722405734,-0.14316236755827524,2.5445726345433948,-0.060615734552857424,3.954649197938899,0.4780202823079206,3.19212978474717,0.055310414507580945,4.087552003616145,0.4064630925726563,3.1248976372144495,0.13065123315418256,3.1212853456064593,0.06315132505031905,3.4784559563312976,0.14229675282771506,4.548689738927727,2.6887106389136854,3.5868831124569667,0.08061615003102031,4.546690883743379,1.577092827931873,3.6560687231382043,0.048897080036635406,3.7055021520297453,0.07131113912406402,3.9604925918030625,0.029129943468137395,4.039757127768765,0.5273690273398413,3.407325476013228,0.02655799554163734,4.087814016869052,0.4731729021512935,3.138760164762687,0.1687828722830336,3.3359662423262293,0.08971381433983591,3.5971391278914466,0.20029269472535086,3.848136173278362,0.4682101784434821,3.0131737615543286,0.09876217675324467,3.9520571201449504,0.40970620621409326,3.215340506479558,0.16221088442458048,3.0815455827063003,0.06075881726801695,3.5321072578487542,0.1572092382580613,4.369498667460944,0.6260720448104313,3.7482727574790227,0.09389966034747704,4.37073014069979,0.5402590663312694,3.5665280846023344,0.19022174132879735,3.6329084777283294,0.07918627755529424,3.8502014567549443,0.23519256359963964,4.671831975689153,1.332664234344881,3.9673794242595015,0.10021511124710385,4.654321795301188,0.8791860275865315,3.917947675341694,0.24022988414584096,3.803335746551401,0.1226046916290273,3.9758692998363454,0.2633585129096388,4.0505670512596375,0.5297943522339679,3.4578056605504535,0.10963623981960366,4.085306140950086,0.47504918446901323,3.084175993768066,0.1472593121621048,3.256371441896137,0.09755994920352389,3.473231161182898,0.19499797341155217,3.6889072930836306,0.44376174159545045,2.8774304350654836,0.08284689165042536,3.7994039626512706,0.3908838448565207,3.1991181282434247,0.14867880074233303,2.9586132981142534,0.06031308154630748,3.4735124628761667,0.18859534363569197,4.3087522316083655,0.6374922774076922,3.730340975210986,0.08207869683727222,4.3893031745763995,0.5343704940729337,3.523592584029458,0.19022316543037568,3.609602921325566,0.12160831006032236,3.796310764840418,0.24461188490766142,4.639552929084269,0.6245785778779718,3.9521501862716244,0.13589678518077042,4.6089145388855215,1.154227350064114,3.7909704792458516,0.20848067196188758,3.734743223045986,0.14201552294967273,4.076875426871511,0.2566798186540153,4.142941305381392,0.5673557004112559,3.4004992194168473,0.06167777619632935,4.155865331353483,0.48787024008646085,3.4516681332711947,0.18714603456347004,3.3953313206712137,0.10732781257979462,3.7116320885266476,0.19984499691166105,3.982768104695397,0.46878398435185153,3.247128746499416,0.16489635768399166,4.116504991917919,0.4342880135019076,3.114027614725575,0.15509446951899342,3.168584673636679,0.09382680667563649,3.4796770972975,0.21362251977598182,4.454581514381373,1.0569983874125732,3.7330226737676244,0.12582451293967892,4.387859240778992,0.6339837563396808,3.6221147374601106,0.21575903078593542,3.4841933979667266,0.11721102287012265,3.8169497290168897,0.23988253790458158,4.655109600046928,1.077514833990266,3.993398806662906,0.12837564731880868,4.631164625820639,1.9488221993341797,3.8824245480239266,0.22698268059480448,3.884693500758206,0.1696900027520898,4.168642930048381,0.29568893606233243,0.49492183417324126,2.5784394130138293,0.3457479280793483,0.1723327248454707,0.5189658209296023,2.578768379948116,0.5616356293162923,-0.18647382228697498,0.5725689137854413,-0.1935398478608134,0.5452460592042299,-0.020921064523503632,0.29438236073831775,2.0815044368948206,0.16370467059771138,0.6831806962096301,0.3438806611138398,0.807436873077857,0.5440780990693608,-0.2532246054223866,0.506559282882438,-0.13760769970181877,0.4821115508447226,0.12555873861726996,2.842035728449157,0.3024514376017582,0.4467139606681638,0.16107524620579092,3.2859075796301487,0.2809335789236824,2.405609794999682,0.08756397909262323,2.029176710775706,-0.12362016587453528,2.8208208704431836,0.10814957116619522,4.050334774027757,3.826186829849177,0.44042005915936333,0.29481118224553055,3.9908462274211116,4.021394344914782,3.5779834054843658,-0.0015428647774767311,3.191393039875429,-0.23726768234334436,3.6608739170328923,0.07118609284194648,2.337599832230418,2.634787586052837,0.4339724606536473,2.7289013686041743,3.0342913167170464,0.39868201226720046,2.4746724774635758,0.16736506615543498,2.2820512180511714,-0.03453845331222728,2.8620408857050457,0.16288533649682702,0.5500163779196011,0.3751633659265637,0.3996241901739766,0.2859651834150017,2.003436417362779,0.3327384403733824,2.6412328538426344,0.13705104085107744,2.1205401449455703,0.027059127965606413,2.457600176232236,0.16076731654690923,4.033431731270125,0.5557381795531072,0.4841635499682189,0.2367205988943649,4.135499379503746,0.4902568676544488,3.395595050625568,0.21467637539088041,3.035130365995904,-0.045074407651682614,3.6175227498193605,0.23038862439632152,4.3997191800808935,2.5807058941612713,0.47108423977331837,0.19515685339239597,4.467562069503634,2.5822402177514885,3.7925008168999352,0.20472931292149799,3.213084711003487,-0.02990191574714725,3.9494134874446694,0.25094930426478623,3.81106091634563,3.5998580253161805,0.5331946109828609,3.562137549481112,3.783135888721494,3.225457040377528,3.0632214726985008,0.18254647832336546,2.9859133942538416,0.02065136913402631,3.483380862227752,0.20606971800961651,3.0592129637402756,0.43321975968372645,0.46450490914473497,0.2594072688526383,3.535343983486898,0.42965707082806504,3.0126311037684737,0.18232575789511812,3.1568368373313254,0.028021012796126354,3.3878201575638007,0.19859487313988344,4.2116165726185395,2.715187723110789,0.5582327923920083,0.20928264280053965,4.299438811069422,1.0043320551305215,3.5493962953594194,0.217975703116168,3.3617197212601226,0.038221457121914666,3.843496811207737,0.23690294174687898,4.505700207925029,3.121379026658173,0.5617760847328983,0.30739865081257006,4.574731240154955,2.801781793882417,4.027850555505192,0.25810813298346713,3.865767545477029,0.061093618305122735,4.161696966131155,0.309608239993274,2.7121894559059827,0.4733838823272282,0.4394284181606858,0.20693141563499856,3.478632534741803,0.4166988601830914,2.5030273377849355,0.1388578118863629,2.3859376882786627,-0.045983322150605986,2.942730903381874,0.1856572611366158,1.2460766734685584,0.3068668708621547,0.39972635936735623,0.2042344523172459,2.580270593238243,0.37036686709439515,2.5524551767772845,0.15513723869662283,2.2597583574790594,-0.05927517444407164,2.6614572897835713,0.1851641204309143,4.029627732907909,0.5171526403293334,0.4851708179820434,0.1770271999011126,4.098682217570131,0.46198035106475427,3.0055768096850546,0.18963712235945795,2.5750504298025088,-0.0008056823988912459,3.5748847287003853,0.21180531785711668,4.452225503014401,0.5026194539273138,0.48454744619391177,0.17166676340796655,4.4260430873350005,0.4822090153423624,3.6810288857563194,0.21221805033738358,3.50859774571058,-0.020917528934453165,4.020996536099416,0.2630394005756944,3.674779716045835,0.43276569814319943,3.8001324711310227,0.2624151741326768,3.6697298444164024,0.3730692190441006,3.8247328122977184,0.1890993606475645,3.857976265932494,0.21829066930297075,3.8213127194650975,0.21918091870697762,3.9251508340820407,0.7382782992474155,3.9362808949961208,0.3686926628679032,4.063865539463333,0.5798487206486084,3.930831698758057,0.21234873679450889,3.8321110277579016,0.2488835778559532,3.9463766104698093,0.27440790850844904,4.1989172444338045,0.5453870508822743,4.144899207725538,0.2926849727370588,4.336967022802709,0.4808636366363444,3.8816075950169884,0.21788479354825288,3.972710886343461,0.20379744118332688,3.9650603632755566,0.2562826749165169,4.653927090976896,4.202859535336188,4.462975318647584,0.4187637178502608,4.683816295099495,3.883409060952591,4.022357902706169,0.29634877473321575,4.026944214396874,0.30794755329001977,4.209680656118025,0.33234854316637613,0.47987851627181033,0.12280028591376549,0.4802172543794036,0.19123481883770393,0.47690463502083463,0.15504101725415964,0.5585938101510447,0.09692570553872179,0.597115762850037,0.10571588295770103,0.508113952397182,0.09458283808369862,0.476958651594639,0.3504633153557046,0.4716207720739192,0.23202797567981637,0.47089818582385135,0.324864233416283,0.54950104067778,0.11597852790242823,0.7178697835864328,0.10220978502531035,0.5076925162832391,0.14759860684323248,1.8767603789992282,0.3786128432520153,0.532688204703844,0.14438803564990843,3.0797916780405736,0.3259896030331654,2.585461381262483,0.11388568504523672,2.6728649255768304,0.14906791978173714,2.850632087285475,0.16140312596825898,3.65697228477363,0.3761235667927218,2.487428566735576,0.18143767287507162,3.2761477259959126,0.3262796170631438,3.5344859680146152,0.19360159867266935,3.679317631423961,0.13696173287365884,3.705630494881971,0.20152321131211318,0.47903685449978645,0.1539044449671204,0.47001322786406646,0.1427374891026042,0.49695869423131955,0.17438338458848746,0.5344914446116233,0.09681657507888099,1.2142416182116549,0.08311304509234253,0.5148158522456182,0.11853961254503176,0.4571285836555227,0.7777065876725987,0.46563190038308166,0.28503995112935243,0.43702357596175945,0.7249025518566083,0.5442494512427346,0.1441283999746969,0.5937223226959898,0.10426433730562223,0.5008828320510426,0.11537849240942255,1.4920486127338395,0.37734896168450466,0.5409759185492754,0.14911738991506163,2.9026190088527093,0.30336417828635376,2.506309050444085,0.13509872240975634,2.8233934903207394,0.1384787530177113,2.8838675238333535,0.1409097893516711,3.587616889834032,0.3673345432020879,2.47050932287417,0.20434550301073404,3.3265763475611716,0.2844762589098559,3.4677091415107264,0.20618801856855073,3.543262321688008,0.16997094814313907,3.6202472117288584,0.20513948448220182,0.4929489743952033,0.14869174280035208,0.4969107902862001,0.13129621896307694,0.5150285394105824,0.17917587969530233,0.62459698637806,0.12641190016535372,1.5949497616772135,0.13121156609033324,0.5596737740585834,0.1485425935097077,0.4915173924206573,0.3365713196047543,0.4915732681068616,0.2342687106055956,0.490089525130432,0.6600273240952745,0.7897630780954137,0.12885230442719506,1.9204001680803138,0.11136036225802862,0.5635334823189789,0.1829797334528193,2.50471326606542,0.41797184633658346,0.5545814855211306,0.19012841630725244,3.1936821167965035,0.3684670079234389,2.71271750251598,0.12127650689029647,2.815746626670261,0.1444832760503984,2.9726869695878975,0.1694986017780088,4.038303437294961,0.4607841556550039,2.9449145877775607,0.2595553964683188,3.865279097940915,0.37746536513128814,3.449165253396846,0.1801733337721011,3.461302159988606,0.18519493727617775,3.783202235508023,0.22272475471571307
21_3,1.6059132157904212,0.7681410045279671,1.5849252984217481,0.8457877742113309,1.5239799556313778,0.5651453454330406,1.6057279730246217,0.8165590818534051,1.5968717000968167,0.8009580221798736,1.597803426377206,0.3844208202194014,1.6507443878010761,0.8621253161647943,1.5945292315318909,0.36493003951486536,1.6577165947214099,0.7556293784754218,1.523484721345156,0.8466584352464601,1.5896798172908548,0.5691594737510101,1.6454307378079889,0.291136207759018,1.8243685440846322,0.6591712758298979,1.808387391123017,0.4173883273839394,1.7987569251047124,0.706308469533874,1.6065473809848188,0.8520724410236934,1.5082128159877024,0.7349101626181381,1.661314680754861,0.7076581507526685,1.875167132746818,1.1941467886562955,1.8428159145577268,0.6733876593744942,1.858652889101591,0.8469320918614143,1.6901248020749877,0.8319425627570226,1.642647422821185,0.8629588328990491,1.7275178629940608,0.45018135257144015,1.637792921429934,0.6945560878696523,1.570107382819516,0.6733639793671876,1.7274734674600265,0.8557585727054852,1.6522015814895592,0.9486021356139022,1.7003751860612872,0.9083743286667565,1.6633065135800882,0.6785655251196804,1.7700480457863361,0.8457901878592076,1.664614599436035,0.34348214546938893,1.7146825548187672,0.9825513345144637,1.6478822013505212,0.9044089499899878,1.6343902673551713,0.7397384231513537,1.7074965492444665,0.6521222551913354,1.8487447705652487,0.821832779095169,1.7839475701974614,0.568555316619746,1.7602904029320947,0.4517642161893304,1.6680406215450827,0.8471634652254008,1.6787781609725645,0.8502732246012368,1.7034543433137106,0.8895626025462228,1.878767440658717,0.9012132035938003,1.8390627713214502,1.0756650082625028,1.8564210210996537,0.9648308095102739,1.6845700980774327,0.8748665144769899,1.7239181743989598,0.8115428521106055,1.7546898069582837,0.9482788093087472,1.48103878187175,0.8614860822099432,1.4783964877271147,0.6440850972238824,1.501654472727095,0.7413026863415532,1.6086128360949812,0.8044828716376452,1.6334243736165452,0.7520012970288517,1.6947364674718357,0.6848061738756719,1.6534853656399298,0.25600663530162626,1.3574256301955434,0.6207433670351195,1.3790275046503608,0.7348499453761038,1.6621860852699875,0.8669936124319334,1.6545598818864953,0.6597234895058661,1.6180397741414962,0.8039894303645152,1.8244564356814303,0.9190576235110678,1.6099501933180627,0.4787237897623984,1.7760276619298399,0.7833094381575133,1.6245602273990665,0.8941054547764298,1.6616430670123572,0.8547869509808289,1.7486163412759865,0.9232253311171092,1.8646988708710792,1.097694612094276,1.845265282469365,0.8458486733729759,1.8578413725428098,0.9895161759907727,1.7094234061730658,0.925571984901587,1.6904349497458047,0.8741212557364384,1.7435737165618854,0.8456628996495291,1.8423115953941818,0.9443062697276201,1.7506813920692923,0.6208265658783374,1.83316131778648,0.729930153068301,1.6701963942583695,0.9353114959608454,1.6987252739931402,0.875486799560983,1.6610289147101758,0.9186935279275756,1.8586960065151743,0.2734506050987823,1.8315949545101222,0.6850328046398457,1.8276598108541464,0.4971141980494488,1.6957764915977216,0.8470527112416226,1.6715738205198978,0.6502558618189265,1.686225476805897,0.8819800456563471,1.8538765614382846,0.762838083284027,1.8131472496996193,0.7262764229656492,1.8516541351461884,0.8557397269031836,1.7233234995179547,0.9599139323119598,1.670729768209502,0.8989113294704664,1.7583704916114533,0.9996591064693561,1.8822187435250126,1.162099469286495,1.8549606843618793,0.845972711526634,1.8721668595225196,0.9119200332063211,1.6949403097047848,0.9340086607163063,1.7552905860582557,0.9045289232270664,1.7766029914286596,0.9764116038176345,0.7888224305654186,1.243059851662663,0.8505322386347969,0.869164985312587,0.7979682019304705,1.035742972844748,1.3739500641269748,0.7429945234603638,1.4306330179846896,0.4797025854024775,0.8947820363284761,0.5042614327640328,0.3034729076233907,1.1966848898550908,0.3642737958493628,0.7826941074909095,0.7144892166027849,1.2159706185175356,1.322068079275724,0.8092201292646337,1.442361707203325,0.2899095408869848,0.8858329451738725,0.7421653148672119,1.0285937177401023,0.8484510470330949,0.5958793933047949,0.8918112746963548,1.0146339093483268,0.8093566404934245,1.5425376663818577,0.3969349822918587,1.5865820689608767,0.4004824555416895,1.571091404375504,0.6207389928888967,1.5475894716683052,1.3365357020960997,0.5418703702497922,0.9500525961055616,1.5225190385018998,1.7018925302650498,1.6087225507238518,0.7651397729175468,1.695912001815128,0.528938991572335,1.69717974618707,0.8662149959746773,1.0916692945104214,0.7480923589263043,0.7528031800437917,1.1512448150590375,1.2262322038454334,0.7382145869428665,1.5288090674471024,0.767167131568335,1.6288308301912764,0.4851660664880387,1.3396270950286133,0.7726538567479135,0.4372808232875596,0.8816670701970856,0.846721519270154,0.9688512614506107,0.9179213082697355,0.8505207181158,1.4802205819334022,0.8046783021226448,1.568340736126685,0.4504754990693246,1.475852840696045,0.5609241746976896,1.3497950857010839,0.8082194928135868,0.706981394172026,0.962250238115038,1.4564119044391353,0.9302682598441736,1.6176688878665908,0.5333114628633203,1.5941604013453377,0.8202484425644382,1.5352854694372884,0.6461117090781935,1.7755736224721994,1.1665492285612593,0.586303549829903,0.899027079406812,1.7494903419813483,1.1639549609989592,1.6425451193978333,0.8221528468105846,1.6860758932987365,0.7217578001852587,1.747716731118672,0.872054738103522,1.2598887425862584,0.9442000408657248,1.222954606079453,0.9555015561650106,1.5650669390364338,1.2995400914505757,1.5046860947397738,0.7065522757541906,1.5153250455921068,0.2728178387041375,1.559127927409658,0.4524872910361788,0.8797873537029697,1.1757319040821201,0.7684561079080084,0.832897120027927,1.347981045189927,0.948688469298793,1.5867345778993613,0.7844062329811516,1.5805875037342683,0.41879757118086564,1.4745747367287376,0.8489538925113134,1.3748688753499494,0.9813285429679961,0.6211467986570236,0.5528425031818887,1.5657426511793449,0.9959322296847788,1.6112104921110848,0.6896381386522987,1.6769107299773303,0.6192586246991145,1.6648241755759001,0.7771252118988298,1.7914784198657963,1.0895121563741423,0.8355333668873419,0.8263415897311007,1.8142011377295666,1.248457093352853,1.7406408582670496,0.9116244858311544,1.6668443508178667,0.8343453759978748,1.7378218252944437,0.9202337212353041,1.2026292025096046,0.8684772335982625,0.8282886354354757,1.176671306651409,0.9948154210180404,0.5550823292220967,1.496812253367957,0.7116608234464789,1.4919814150323445,0.47544383484538133,1.5009380541463513,0.5717725172223463,0.7781785248420132,0.8789534856157224,0.7292531577207486,0.6486458410899987,1.1780894679194311,0.8457863318921568,1.5003592857333665,0.7364103504518111,1.6037956598732943,0.5534217214453002,1.4505902016134071,0.7365194409973891,1.3209491698240459,0.2866522995525673,0.8595998766278736,0.689200478688119,1.4159378875347006,0.7378258111489384,1.5376909280078745,0.8311085421313398,1.5469928812592983,0.3343774041867327,1.6800075261981458,0.4835754996518974,1.8221012331066735,0.9023981805211135,0.5121719520799308,0.7567362109530674,1.803595192393013,0.8505689394733629,1.6754183741139868,0.7756784908147469,1.6445159223940555,0.45977173976764646,1.6596103142040552,0.7832395765642879,1.6729531297734104,1.2264472032866427,1.6568182891573449,0.52291289608476,1.693023509242216,0.8132342668603229,1.6337275300614098,0.37539465182009607,1.64433262497015,0.31894395473353976,1.6777294432706704,0.491319627749709,1.7277115045460278,1.403894022368765,1.7231411427850873,0.5580045497000359,1.7690932969213553,1.2241665054030468,1.6531557098246539,0.5956262847774014,1.6442547371396645,0.3375146218721793,1.6960569891902313,0.4063701146937802,1.8247586803179303,1.4957537599440234,1.7744258670865505,0.4525783788491757,1.8069535332877074,1.2309673674724806,1.6509766995991133,0.35377669120138827,1.674188016872276,0.3868367306076517,1.6857048584436227,0.6488169668637628,1.8629088384787325,1.7512649654060723,1.8239401543809772,0.7637985566872239,1.844374934499711,1.651094490906262,1.646681233358808,0.8762851678491037,1.7274979690859182,0.4177065962319177,1.7162192661598692,0.8787392820511613,0.859150019957766,0.953895883041515,0.4350228667009499,1.0408710662525764,0.5554865188976447,0.501096601587748,1.4640819615154677,0.6525089960663105,1.4761881332233135,0.3813014535125111,1.371042114603171,0.41478863859048315,0.8464564047410785,1.1475422887628879,0.7462463913976746,0.2752612502191428,0.8476851061019917,1.254807788577028,1.454389810120466,0.6694105380495599,1.420054245130859,0.3903140515804166,1.3675669384588185,0.8486094830709093,1.3911576683441256,0.4850691371270241,0.9951586888013936,0.8457860407561084,1.3325835736195648,0.726276205511278,1.5557501351891312,0.4740620127842683,1.554943336305388,0.5608417259810985,1.499549698749484,0.4359376802152723,1.8080217804998948,0.621502793142356,1.7067710731146695,0.3435009131659859,1.7036416346824697,0.6438710189411219,1.651955631285972,0.6060523893969965,1.6734548678117223,0.3474095946071309,1.7043262224826796,0.7164033138912905,0.3494124752465965,0.5615235847347158,0.5619730256107296,0.3446332697899168,0.8596624944942132,0.5617995886522636,1.421977165100692,0.3948848977561355,1.5050271977318914,0.743816367040838,1.0062358195976646,0.7278443831917691,0.6523217734057454,1.3360275917859916,0.8474879456714752,0.474632039684137,0.8265521922752779,1.3049648723779963,1.4513839455767308,0.3063242208640759,1.473387033404462,0.34137277187211323,1.1115108094092587,0.4579129900162901,0.9576523453487865,0.7279289061651749,1.0697503361353984,1.1954092879733145,1.33829316280934,0.9055703943988727,1.5133419516191828,0.34967950019059313,1.567922779944417,0.5055394219653317,1.5862393436125999,0.4870114791298935,1.540933117307824,0.485069771765785,1.3693162049996312,0.7262797658846832,1.5311069715565173,0.7800079981986257,1.5826584084014645,0.7489173177734306,1.641221575266918,0.32254661619927427,1.645230873342377,0.5946906223495099,1.1861501754317991,0.6816183328432396,1.3277059093215866,0.768076483644787,1.2772791664992837,0.8457897770760284,1.446161260907737,0.5352980571829589,1.5085096317311442,0.5297225379059836,1.5023393888718612,0.34283305762397387,1.0984618180437373,1.2871370650165268,1.2848649730185906,0.6565414486038124,1.0040375685865512,1.04947943897775,1.4839773130159195,0.3114888316107265,1.496661781444303,0.4360332702731569,1.5501990781748507,0.6257348762020353,1.719979633776427,0.6848187654256067,1.5726603578713403,0.4294256281439216,1.7612457646988067,0.39322005348492617,1.5266585300840125,0.6248415106279178,1.536996316231453,0.4471518023126128,1.6617966526885601,0.6170591041593402,1.8506766206657952,0.5179578360367908,1.735255620114079,0.7529333460431737,1.8264643917955456,0.45475465579187896,1.630423572774257,0.6214299053034621,1.6608783677401335,0.42524645017678486,1.6912342381987,0.8316118206769243
22_3,1.3569883119397304,0.6757632512087764,0.9781775708604348,0.4150539584068466,1.3594765889366638,1.0463247161517109,1.4827979994074874,0.5034095038995229,1.466196738749094,0.08652725001829664,1.5034036251110203,0.4133939887189721,1.2888193105611623,0.9954523554611915,1.418559396555311,0.5902877345533013,1.0395991102294047,0.7604372570634397,1.4234630453795856,0.4037933925748674,1.4854139158974593,0.08298136008312854,1.4751790477286093,0.42191916261472234,1.5366540019121617,0.421214897904482,1.4385206228779868,0.4150539253898901,1.6357884737505302,0.7959262156653631,1.4475359804245516,0.3228852393539332,1.5558970108083365,0.4257115211337955,1.5640027485696792,0.4150663674109045,1.8354666221688472,1.2434614406904114,1.7180613919959113,0.4135819873082944,1.8141806652035906,0.9615338902615596,1.6335453306023402,0.585860610640585,1.6016856673240087,0.38021065806466914,1.687107653458127,0.3063918503671401,1.319601308737543,0.6940760212053909,1.484199122017837,0.9710173456722703,1.2845829271983664,0.6604812533725022,1.576811102068363,0.7901239417027327,1.511589442732028,0.413836739676822,1.5444105189564477,0.4160712942097561,1.2971734866002436,0.4133928559744959,1.0968450830004535,0.4134128387372971,1.4404892769164386,0.4134280996611609,1.4554761768862836,0.4449894222941426,1.5239780213691319,0.28453795083796496,1.5250066343020057,0.41933051672808136,1.5298960340836532,1.0698777101585228,1.380157448374823,0.42823435229953094,1.4453521357924124,0.5006861670642938,1.4835591857946775,0.6592578581880515,1.5786837147717132,0.35299685922981694,1.6714219018993475,0.337818723015092,1.8049419760419751,0.862818488744118,1.6212093433201467,0.42985750081180635,1.797509277879632,0.8578572687514409,1.657375146630597,0.3835622015332465,1.65511023584508,0.40219015256805496,1.6702537291256916,0.7743720263051452,1.2526585992948618,0.7312189541887937,1.0527564073336062,0.8468648088679088,1.3113575285478978,0.6725375645170326,1.512386749989418,0.37476223462634134,1.4873455054158198,0.5254611343973757,1.4409548287510232,0.4136789752886925,1.1981419923913657,0.4133999871039495,0.8944184387207272,0.4414250709375952,1.2603736733084105,0.7562320215668058,1.5534672840436805,0.41104541597036287,1.498168403926382,0.36852540841821174,1.4909999710348407,-0.05627957963671756,1.5381672948492482,1.1253377789109036,1.0332536120321525,0.1462383583965404,1.5605652953509495,0.585488660090736,1.5568594120461876,0.6439841647270268,1.5919224642186005,0.25287833476251853,1.5804208670951794,0.0610651216269567,1.7479624833973095,0.46990664114961433,1.583936005786661,0.9992647290509665,1.7934953049960385,0.6804039224543329,1.5407607657745337,0.6721677563964452,1.6283442380939939,0.4167361071533346,1.6308979086383588,0.537390811506597,1.7064628051202446,0.4575806808263703,1.3459299283691764,0.23838109680683753,1.472246639010132,0.4298598817120237,1.5944714470809704,0.7314742264963058,1.6033294908370532,0.540967909899574,1.632765093600126,0.14043545006968094,1.7396945744953178,0.41340774705017963,1.4229303722375934,0.22139415698369327,1.646158443844598,0.4135906176838077,1.560685973849407,0.6623117560180163,1.616342159734249,0.4114421617813498,1.6606000542582462,0.38778413213648294,1.7590940000797997,0.8488127190412373,1.5290231259026386,0.4133915992446216,1.6964453654795564,0.3358302009503286,1.6184049591244456,0.8300200694654195,1.6045802063198324,0.33326107360161517,1.6768651258656895,0.4515655603196833,1.8506461588963858,0.8078257927882707,1.7690007416482347,0.4139578305278709,1.8368362952643165,0.6639854645689399,1.640025569957776,0.7117892218067094,1.6549088112956296,0.5869416518590354,1.7226871952754883,0.7593786839695298,1.0621816439780047,0.7113644833587714,0.46713657962428823,1.1350310447928247,0.8800104444363599,1.3056869919982876,1.3634637797802573,0.41355851561289386,1.1523294585482269,0.21644208581553315,0.83597893043253,0.7533265024029585,0.41498568214313775,1.233008643360842,1.0470859489659397,1.0246516593793333,0.4144029438514705,1.2895794309753634,1.227472872111066,0.4211104170584702,1.1351478034782974,0.4200114038235363,1.168340811323858,0.7547197885750869,0.6289845285801787,0.6565128724968978,0.8572593610543964,0.9618161743311879,1.3493238765480513,0.7210034820377074,1.4985087155236216,0.2149207117394651,1.271517238469157,0.41435207053443507,1.2234443301867481,0.4133953123739557,1.6029944320040939,1.2231754397054848,0.7897123151592237,0.9414804919213149,1.3893015429501452,1.6372744085689224,1.5024234342583385,0.5314600060756515,1.4341110742513006,0.02705637903298315,1.59075409798884,0.8005176473426913,0.7523413151788643,1.131851014468334,0.47767594951860237,1.1542383247867158,1.0608845093462191,0.9196224347033263,1.299714423967378,0.26374127255818575,1.2138136125790522,0.753392180385384,1.2886614739036057,0.6081611521311083,0.49249363603734353,1.0290012605239114,0.41545631120645576,0.769270808833311,0.7705512975941616,1.0515269638978395,1.178637863701561,0.43568353780956875,1.2756665588023106,0.41394018881534234,1.0732321002526317,0.9980925601850722,1.4373482618433622,1.0184906067095705,0.8900524011377458,0.8480486545629211,1.4938775386527818,1.11130284472662,1.3496056585361784,0.5128927334684751,1.2243260104543854,0.7538990297925676,1.4874990787327522,0.2415774365592605,1.6403257457855258,1.321086303263038,1.0763750014564242,0.9053110850590491,1.7652791831678465,1.16680086262588,1.518277469725157,0.5194861121556383,1.6326154494223581,0.037501150610339956,1.5616408664203998,0.23799804678981148,1.1824575665887094,1.1113834765314416,1.0195669005661032,1.4637337764957217,1.128274436635467,0.8854125735815683,1.308856962146728,0.3588645638754803,1.4564899968834082,0.2413486966820549,1.4623057427714523,0.43313011471496304,0.7809246351103986,0.9827607448391401,0.4744957321704997,0.8968221103174395,1.1467820500385943,1.0284455699258743,1.3518920228611941,0.48342382641766307,1.3524250734521275,0.8598794432020951,1.3096199997534896,0.4408339744187874,1.4554323079662812,0.9379755709858701,1.1327242682430774,1.1415496590305372,1.4776328339322986,1.240529552289203,1.373133807927663,0.6306463596249426,1.455045305330993,-0.15968728723067202,1.421536466197405,0.7549055370896485,1.7107103948193572,1.4366294854714055,0.983203593996255,1.2079257422896144,1.7855616804592007,1.2377168538253889,1.4343750853835744,0.4600298760844705,1.5407078792422833,0.4137543412926251,1.6793484891681911,0.4574630716757629,1.0569384270040347,1.0578119790781748,0.4631367486058953,1.046622886620765,1.3490467370577008,1.0791319019065915,1.3719185982056894,0.6335666127846195,1.2638881309097243,0.4134157420518228,1.2605041415426492,0.4167368600968152,1.201972838950028,0.5877798446482357,0.9428673139787178,0.7807084953998823,0.9356426406558735,1.046324223254248,1.5271818230726901,0.3690448075180021,1.2513038678717734,0.4148473957173429,1.2144634763386577,0.6377195161539261,1.27151958759345,0.809095495965874,0.7824973918727367,0.9989446571560399,1.421787925193467,0.7730015445224243,1.4341567083054958,0.2734145736939078,1.4980593427874604,0.3607178661489921,1.476086558533767,0.3546889318244663,1.6276240040070762,0.46259934750254883,0.8861754659656772,0.4860588283887166,1.7093844590165823,1.0939887274687377,1.5039543843688012,0.6909085404317377,1.5660472897575535,0.1146215375599276,1.6353844116615066,0.44588104559496694,1.6246476446855216,0.4893899758980294,1.6026274575955843,0.38209837307148586,1.5838473143744531,0.41220797742408977,1.6533349374582267,0.20383408454480997,1.6361612383036521,0.11532637111707053,1.6515447777771755,0.2614263095827732,1.6429622406764859,1.0897349392490503,1.6578684917455138,0.33184865007728465,1.6664008766799807,0.9915447339190957,1.7139015372832556,0.17366691846307114,1.7571743999962723,0.25661526049192107,1.6892124119989091,0.30139023729328585,1.7844722848611634,1.253717137750834,1.7408010038716444,0.3150512745755451,1.7801708993390772,0.7811998816776863,1.670074757290163,0.23722427327188111,1.679077537857778,0.16044762082201544,1.6618017269698175,0.301937782827152,1.841287152713866,1.688288936450673,1.8032193418186593,0.3398117141337153,1.8439293623689157,1.584824341478164,1.6693414262737591,0.4480824798216987,1.7114780820828828,0.29292678973187775,1.7549463227054058,0.35140101868027873,0.4638169946452904,0.8390359701009938,0.42593180398611225,-0.15998243404220902,0.4500411856417165,0.9416480870047121,1.4199264611461553,0.4286381231736171,1.3915510518222762,0.24915822128244364,0.9217322705716048,1.0464347213558067,0.414456799310584,1.3047796547752906,0.8395779324889657,1.0473939600800204,0.41784186031837184,1.4792180676548308,1.3362344300969617,0.25343254758398276,1.3362042014887965,0.4134695789550103,1.1359658082624484,0.8675075490909111,1.0754166752621954,0.99713222273325,0.8039411404139011,0.75332632299539,1.1033785653403538,0.413391660661661,1.406291272458866,0.18284078856705804,1.5033052749807845,-0.031954304219780946,1.4011599496666485,0.3439288052263668,1.6003059620239142,0.41339185736880363,1.3167079133382,0.21570785790294036,1.456876933846158,0.4133927052194083,1.532274982941004,0.27457480594233047,1.5360255098859548,0.2592819887152495,1.5522106201180643,0.28058166794354306,0.42045822947282824,0.5946401767893189,0.4266498677097721,0.8362029168668139,0.6259258442830514,0.41339176336145955,1.1979438155429298,0.0559593663608278,1.2116998735011337,0.9551321391249973,0.9544847418312999,0.41358895382093175,0.4137475482827765,1.2350476782783004,0.7537442547837446,1.0476194044807687,0.7721740762917831,1.4300282598057608,1.4244437609240945,0.7290582641737079,1.4334089523529712,0.4393892782569058,0.8002156661224905,0.84263521605204,0.9053622446182308,0.9971322220097308,1.0811375352123274,0.4133915998146174,1.0009092615627646,0.4133916399322586,1.4039021285631568,0.2545781440973845,1.374220620305525,0.07836443723621432,1.315434936271674,0.41632676656608403,1.4350686445779897,0.9029647540238978,1.253615755554019,0.4133919236475315,1.386734614093084,0.8362251863886089,1.5464931704706193,0.3614881941378247,1.6054318957435665,0.2510351729374682,1.6335574315989845,0.3720306927877919,1.0350093062440708,0.4133992729376087,0.9607806291563978,0.9006726415816757,0.8294671252664817,0.41339317565725453,1.436546606436451,0.19106256301130128,1.5291984152406952,0.22413345195081855,1.3573133724820563,0.41354682522058256,0.9764844348117857,1.0531750207498867,0.953946587007585,1.0527643526876764,0.7310524273628615,1.3151143382476123,1.50304504565833,0.3506776698799505,1.4913132587487599,0.37116957394639605,1.440142432901116,0.35736410852050243,1.516481170884721,0.6094696712375711,1.2194300821190784,0.7225614958830807,1.4928275559485884,0.8362031324154706,1.4746464941659119,0.3150108509047424,1.5006535464402075,0.4577744853399624,1.5201359245069959,0.4912023336455202,1.7306278467545544,0.1032465804331795,1.5506793593444703,0.2485983488518397,1.8040733868356253,0.41339904112101233,1.6057156585935193,0.2795641751127371,1.5176255181584488,0.2089033240852727,1.6091455785385935,0.3724669234174882
23_3,0.567875616279965,0.5510415043474285,0.5486965503014968,0.5691999637603123,0.571513927161182,0.5277112358700767,0.5663077903756275,0.5134075195146849,0.5259526768211578,0.5033740410729941,0.5342460013319127,0.4697225443790492,0.5568488587067161,0.5483024367931686,0.5184418673545107,0.5352105256118548,0.5460182098668057,0.5517749956171988,0.5383887239243421,0.535470537218546,0.5160967340472351,0.5233415504328615,0.56131339276357,0.5090886241633794,0.5402839624183512,0.5067707511675337,0.5321396171453846,0.5366104091410542,0.5532755402353627,0.5218338348255857,0.5457810246459065,0.5189489778249549,0.555349907695036,0.5047232551932757,0.5362736793952126,0.5368044187209737,0.566391584252751,0.5386654503017565,0.5696583237283458,0.5469189184631118,0.5468194294037911,0.5394303366484137,0.563290583275486,0.5303720019460569,0.523976306462801,0.5279983199247932,0.5012284685840438,0.45065823670398514,0.5233708040595341,0.5430867343450799,0.5412963981676666,0.5629885819735054,0.5573360316163568,0.5552842039679227,0.5534980672506107,0.5182753639629948,0.5409386845724523,0.5432413685926273,0.491686089969645,0.5498782936013625,0.5249861591134451,0.5284677674345346,0.5282217757632648,0.53832750348653,0.5306162301772379,0.5263643296359608,0.5361808860232065,0.5160367732257265,0.5416960874501466,0.5644933442126051,0.5579319207062293,0.5408555193082307,0.5208304332248681,0.5286846767692748,0.5398051595810341,0.524977762791719,0.5457562172588502,0.5608846800008344,0.5243187779383353,0.535592091898191,0.5479642629404541,0.5483875504906324,0.5681946342103957,0.5109931004415255,0.585903420669751,0.5371046411044451,0.5671599038968583,0.553674277701243,0.5640464688328185,0.5550786680141119,0.5492298883989305,0.5476338672187161,0.5428727869152572,0.5441928136305734,0.5424924050479059,0.5115945219253291,0.5499120068543712,0.5393435193944394,0.553637216400557,0.5657970621190432,0.5586084999556554,0.5448945031159117,0.5220052019675576,0.5411281873253607,0.5715476841811084,0.519353478577281,0.5472499976599382,0.5473655785947747,0.5442644035277837,0.552025583421662,0.5311255541885082,0.5455423273598536,0.5539234884307664,0.5729153574528768,0.5513972870025816,0.5489704474825106,0.5441931480465784,0.5322053914051712,0.561554367528365,0.5252864987078818,0.5391558998434377,0.5917165056265317,0.5422805594115886,0.5106494386438999,0.6008707663414898,0.5447469160816341,0.5424588271650745,0.542415727318736,0.5544875585323928,0.5534761614622908,0.5697430374427245,0.5116824808377869,0.5309230973499952,0.5531215705147139,0.5581370987909384,0.5124741632575249,0.537379837592847,0.537742972975927,0.5308636874238724,0.5358144168958194,0.5242569952404968,0.5016439042690282,0.527944207396368,0.5276370438871962,0.5354784348940701,0.5332650438541433,0.5513859663945221,0.5752560815869197,0.5468946393848851,0.5556650611843927,0.5239166798074657,0.5423486503678605,0.5816324629257925,0.5278231861750091,0.5430259028553555,0.5628470755767588,0.5277842462308528,0.560597226493191,0.5536882642883475,0.5581289656753022,0.5608235767076334,0.5475074260743226,0.5416871353944286,0.5359750828811622,0.5582029079945913,0.5361986108610451,0.528255608994221,0.533986514106228,0.5695167145267639,0.547352010538316,0.541766467278498,0.5436208658107224,0.553848006545426,0.551513575653639,0.5371033902169966,0.5069671786915565,0.5491380279458546,0.5326843164961523,0.5217624273575122,0.5472301259415413,0.5491620585620753,0.5317610100983482,0.5741898111139033,0.6001455426961616,0.56113192027831,0.5471990028775707,0.5802544182357079,0.5311531852691752,0.568323855202966,0.5587800537805918,0.565475426767054,0.5551801806857125,0.5542885220386018,0.5533701920324996,0.5380252475204791,0.5200188414097793,0.5824867319996389,0.5519731739347796,0.5312645912708567,0.5224541333839943,0.5551484267092204,0.4698408826971375,0.5498695442810602,0.46439893596349124,0.5805099334347595,0.5251623228257022,0.5359853911744172,0.5293737365599966,0.5788628395132909,0.6000595635303699,0.5500841466817419,0.525482357161546,0.5253959229859201,0.5191896186269522,0.5340578259508207,0.5383229895701105,0.5811525807426854,0.5573862495221902,0.5458035178651285,0.5333643505342187,0.5585257951280774,0.5542838982036912,0.5233596234274849,0.517158938874006,0.5204668247307593,0.5017072555875867,0.547095226968736,0.46654811316806505,0.5548890417660327,0.5362110065555966,0.5448466514184571,0.5500797227514467,0.5758297671924005,0.6009724483251054,0.5524608279091399,0.5239171066008365,0.5453450516630887,0.4893446307296238,0.4965823549530771,0.5570700935802306,0.5667944375184019,0.565432091514578,0.5612947392585215,0.5555509299455558,0.5573744607528367,0.5535433404999078,0.5510950283090837,0.5201061081692316,0.5599742521510531,0.5082834498607263,0.5548061916580429,0.5270212780468339,0.562154411820632,0.5295722412465439,0.5519695468029757,0.5633526162730086,0.5212232659600695,0.5418067489522496,0.5245069186415204,0.4716375978090407,0.5369629706337633,0.5077962584885416,0.5602001928084357,0.5093829974458631,0.5521871409797273,0.5175093288967628,0.5055678963529753,0.5637009989476393,0.5485671075187268,0.5517559195644336,0.5211981112902033,0.47635144825940073,0.5829354106985315,0.47012567254422755,0.5347006325496346,0.49160097163693267,0.5166214178287136,0.5277260634228143,0.5461364109189959,0.5479603198290932,0.5713249683256395,0.5034365461144734,0.5389872556547585,0.48446702878439246,0.5356584780821215,0.5179563429998698,0.5691944526275702,0.5406102007056854,0.5555672274802073,0.525265447962198,0.5712156201652079,0.5280947448086601,0.5270607495752125,0.5401820407592763,0.537876185555209,0.5432578230077842,0.5140130666602808,0.488979539198573,0.5692441226756307,0.5165655562275375,0.5436061370273991,0.523361212940286,0.5288869564280794,0.5620449747027573,0.5679522936425675,0.5465065271995049,0.5183870603479036,0.50359642493662,0.5540455463962838,0.5173191312911656,0.5577783998439864,0.5085736446266924,0.5536709880377418,0.52992792517471,0.5440270696614204,0.5326400678563983,0.5322581707773366,0.5732403403551882,0.5556318547721087,0.5427178336691421,0.5279302261164136,0.5236623394310544,0.5589690834504404,0.5683814973345992,0.5593015038569892,0.5521928223056141,0.49862007552228993,0.5480535245015339,0.5487896449598925,0.5635614910092951,0.5736163993806624,0.529529761479329,0.5508586955963618,0.5371105040664923,0.5352487669419631,0.5346489347924164,0.5588665739613736,0.5759794190394497,0.561306818903668,0.5383554816364898,0.5657073560657838,0.5458807699696856,0.5408967287162257,0.5115035591787297,0.5186439045443848,0.5352426454549787,0.5325773711270535,0.4887615003648927,0.5253839045080574,0.5190764565124576,0.5702617205486316,0.534636528188453,0.542927826906915,0.5286478303423175,0.5509040999950033,0.5377491990989071,0.47818124588320654,0.530614301418196,0.5344078995809443,0.4834469644484884,0.5554306393580326,0.5500395863116412,0.5698272345493248,0.5435796751250948,0.5624349356359382,0.5288833365197354,0.553362165318579,0.48326516342423603,0.5427815855681128,0.5366044642066776,0.5708955174057874,0.517174881476071,0.5695049961520369,0.5277554920213303,0.5643577706434334,0.5183038718567248,0.5670933857197483,0.5722369950316906,0.54064477334161,0.5091447108088607,0.5404430202375562,0.5163702575412763,0.5614237634491736,0.5300271998784267,0.5539567981789221,0.5687660735576296,0.5936860394746049,0.5017695763702742,0.5281455233596709,0.5147708239461853,0.533214833792196,0.46217113597842385,0.5233139090433362,0.44223624826670804,0.5455334974706325,0.4838888851378415,0.5150435520128863,0.5396510615169808,0.5494630252368663,0.5577416744558793,0.5567587169450615,0.5619994683615807,0.5248305807901857,0.5017083924661894,0.5235080425499276,0.4327427471535482,0.5164893763361911,0.49588773636220057,0.5579346763066271,0.5772347118054854,0.5801672669622826,0.5555974298036668,0.5375209507933626,0.5113303819456387,0.5154129581766163,0.5262130521864717,0.549335509567872,0.45216164878446713,0.5265836904985042,0.5094401045856144,0.5473217962597888,0.582457569597845,0.5549704026875032,0.5573362845812209,0.5383235047184783,0.5666262437798114,0.5206767942337277,0.5483790133137666,0.5130811373724671,0.5027202348097797,0.541621809521246,0.5280520490087983,0.5708528044077703,0.5739600090219739,0.5452366487956154,0.5435932647423026,0.5377156319540455,0.5389646644095036,0.5637612510384445,0.4926201707863885,0.5328886088280191,0.4794502346876158,0.5185602389856643,0.5002583637590893,0.5277917410679299,0.5817083688379976,0.5471144133991487,0.51824804471076,0.5550769475613703,0.5569893610642096,0.5369283907669398,0.5123046126146139,0.5301703958078567,0.48337317065648017,0.560786436110484,0.5088608532266636,0.5625064217405588,0.5205627648009875,0.5759322566104819,0.5188098649579782,0.5633942218758896,0.526344224357118,0.5577539702778401,0.5230642116791872,0.5344566754854138,0.5044654429548158,0.5177877598587005,0.47872465324027064,0.5332184998607884,0.5247262340378854,0.5504601539972159,0.5684881244434101,0.5405922149620541,0.5749542524403642,0.5619092228646912,0.5117413354693909,0.536760302439171,0.506950714331646,0.5229924673025462,0.5378512603309156,0.5614206921966328,0.5494991705675841,0.5134297489964447,0.5602458608539664,0.5353676017321929,0.5544835006797918,0.5155491899121439,0.5180865682419291,0.5040569145512134,0.40499466848816223,0.4620153801206684,0.48740130094681944,0.5436447456628807,0.5780587578714761,0.5420743270142377,0.49866435255523295,0.5335538384237604,0.547402247821968,0.544556604147376,0.48640564871435893,0.5241066687621796,0.42633974621090526,0.5486545877088855,0.5208510238047734,0.5657778731072468,0.544758547232845,0.5507191155281227,0.5877623993177267,0.5946326742565315,0.5383173663779758,0.5506012164185714,0.5023889555472223,0.5663928856454116,0.46877072549918075,0.5382890078733847,0.5367353132577855,0.5510193113899844,0.54834574458621,0.5593372120659457,0.5136229825683376,0.5509332200210038,0.514081271445073,0.538630877213229,0.5227212137021878,0.5091016824111826,0.4799218538812641,0.5615924962045887,0.5667333620238504,0.5818595572129932,0.5408638483385066,0.5489788799632831,0.5588962140276841,0.5622290798919142,0.5525679526702972,0.5490063803471185,0.5148867717547355,0.5510265582321702,0.44455573389265207,0.5117096982813156,0.5012759769193965,0.5680976647144662,0.5578452031835951,0.5757657644577381,0.5371132369210501,0.5537561812072158,0.5394882465781635,0.5454181211685293,0.46752862082213587,0.5174816276749605,0.47339217755533536,0.5494684109887817,0.5243896930243085,0.5376009484255683,0.5504755750311897,0.5429481074216834,0.552706629992488,0.5778183485117822,0.5667640433712063,0.5175993941680576,0.5337534482895552,0.534097881643634,0.48187113886266414,0.51579077648499,0.5384292501168984,0.5305723289863529,0.5609291352503027,0.5568556840587239,0.5618690351698459,0.5566145387355426,0.5114293413768629,0.5495297094908896,0.5403506825121582,0.5700253144036665,0.5409484885206849,0.5468850399003233,0.5163126329380815
24_3,2.5715010733007797,2.438660145362973,2.52438075607764,2.4163989525992835,2.601546355303531,2.4225438293899186,2.673832101350083,2.4921454260974265,2.6640498771402217,2.476057091416174,2.6449441768231923,2.43002402364435,2.5003169355561723,2.3788779688509165,2.484376094670667,2.404963241472492,2.530029971207726,2.371848452477638,2.645113471130539,2.5118880226971485,2.6749916623852985,2.507184385248809,2.643147437882434,2.392573325661109,2.7122106506089634,2.4614560752974652,2.5842887869710713,2.4065935903553046,2.705779710675788,2.4761232152721675,2.7113316298329715,2.5398523008874547,2.6933610865687,2.5254384759748705,2.7046785259158876,2.478513224609887,2.8182673520250283,2.486672117118326,2.644622625156781,2.42071995398906,2.811794476620273,2.4833066411768883,2.7335981589465557,2.586952013461301,2.6915453548318946,2.5405762339226925,2.762096649961734,2.5421631670454214,2.6857924497672725,2.5121596951921776,2.585936060216371,2.4122488520189975,2.715675491596393,2.510218278391145,2.697792610071367,2.5469433778962762,2.697280594543482,2.5406016615660927,2.7099434919285597,2.550325638925953,2.661446633855215,2.436713899503984,2.5622026920987024,2.389446778189853,2.700164398356094,2.4467112292790434,2.6976159342275317,2.550096226428831,2.704389361711816,2.541288434534116,2.7202947217601934,2.511919534065254,2.764377594612857,2.5391016623987253,2.606184065661436,2.4317685981868524,2.7717461054475305,2.5675586056513713,2.70197787677786,2.5795686257250434,2.7086228651254336,2.539177817099208,2.7310550787788954,2.5825120024863,2.861943121751181,2.533560815716734,2.659033602909362,2.3988979143924216,2.8420892147604877,2.5644761243185368,2.749248167218675,2.5902352609164603,2.7300138127691858,2.552394177144148,2.772500445756265,2.614281472461936,2.6803662962279113,2.5090160388983387,2.5884722083455376,2.403760331023956,2.697615912737276,2.5058474078237314,2.6786434733821594,2.565118977184402,2.7026393847822963,2.5185669353687152,2.701451666190391,2.54766703393122,2.6646122521519646,2.4247212644462577,2.574390876376092,2.383722969232516,2.6885429083237815,2.4402345881322685,2.6995905751363813,2.543113391443682,2.6931124100889368,2.5421837120293596,2.696036698695588,2.533775298978372,2.7669373129145565,2.5522708634881517,2.62617232074592,2.390835417798638,2.791494563953393,2.5616417424550852,2.7061810966742748,2.5991195612291307,2.707198078778957,2.5483605083978467,2.724180674857711,2.6008021605291414,2.8562607565775213,2.5394853223906138,2.6320927604552424,2.3788152471101673,2.858275619972854,2.58381908289336,2.737506534628075,2.5891948067221757,2.7388015206550183,2.569475995048735,2.7702431115981967,2.608487250406772,2.704398360815386,2.5389262036828786,2.6020455062290457,2.416761917268258,2.742287646045611,2.5107893909932244,2.709777504373584,2.553395968655669,2.6963509176209186,2.5489650706096034,2.7066258702889936,2.569839520559863,2.678726489852958,2.4597889119262026,2.581439471611528,2.3999773212943225,2.7262145253575505,2.470482797990171,2.7007358007655116,2.5790842644147,2.682849931232208,2.565017689953453,2.7197616443314048,2.5363801423479897,2.7687816465590416,2.560121818300311,2.619640082804864,2.4110597567905754,2.770622079214316,2.5852339873627317,2.7136849311133844,2.5913719779086586,2.715505303077214,2.5565160611625246,2.750464833236804,2.6032791749908952,2.8536209204101928,2.5401389553788145,2.6648409142961693,2.3896990258889876,2.8581758240545656,2.5903056376460567,2.75351446339442,2.615512378213899,2.7328836298409,2.557609159205861,2.7681212267067044,2.622478562589421,2.466703251706548,2.471231217733772,2.455525054881295,2.4910565562238,2.474308703173362,2.4520739658750035,2.6292431467732937,2.5060891124956073,2.6087744823651176,2.293006749156711,2.575074399156421,2.340579815802386,2.3923130121811624,2.5122024828481058,2.4342747188981395,2.43323848420746,2.4225365561394354,2.500039181590433,2.602337783389859,2.4744635170908675,2.594576551767579,2.3902033583351514,2.530154085841052,2.445627287251258,2.587213585942441,2.474304797925932,2.4688042150601324,2.400530025553865,2.604900208483153,2.4544075070348215,2.642774525288607,2.495983370702311,2.643576260776105,2.272833732065605,2.6770728772530346,2.4726744848721234,2.6909947085927226,2.516472990985995,2.4438212106585877,2.4321476567806486,2.6859960543688777,2.5968076042016177,2.713907574371777,2.5771821725165514,2.7068410016804823,2.4068045923941277,2.7405305803011415,2.5790639644256865,2.544183889962705,2.480702694585395,2.477896076994037,2.512078893387081,2.599308933577576,2.463438561812347,2.6644759302276055,2.5407776474634245,2.655549452534333,2.437027243208348,2.657230444908039,2.4954310226509087,2.529879186764731,2.441813188572921,2.4388473572272593,2.399471419194329,2.5770110116232745,2.445847022862585,2.6760227093211744,2.52601474813208,2.6479594934287234,2.4647273930730775,2.6579930306350206,2.480147794177298,2.6637803362932577,2.5305796079416147,2.490930791672783,2.4170549218850916,2.7287579088905978,2.5199607254338603,2.6877708058936407,2.576810480789921,2.6930338379188425,2.3745449292022194,2.716342964883399,2.559991540315881,2.795514400550198,2.4876283645989887,2.4934791452798457,2.4395559087547793,2.7860480390155047,2.5300578438566292,2.741471868685334,2.586278356431921,2.6849025515648752,2.5238369116105885,2.751378191086963,2.5727158948160507,2.654982577032403,2.5557040286227344,2.509868890112263,2.418630307265457,2.703390385188648,2.529045812763842,2.6934208431461655,2.565600569842272,2.691789689622193,2.547433525705858,2.7062079843920306,2.591571800415758,2.600280995748131,2.473311053821157,2.4895692985880067,2.481506911727692,2.658360516740431,2.49208962215852,2.701029619419144,2.5285310510473673,2.683116151133274,2.5001607765598592,2.7061239159949046,2.5695660767158666,2.75517037832551,2.5623877851051495,2.512650664211814,2.440655095188519,2.7890144178458427,2.5587510262005724,2.7285354155116894,2.5942735071911702,2.723342302551764,2.4691887152979493,2.749868886959969,2.580886332268752,2.85337021394044,2.5711580233263525,2.5004421086633233,2.425642066512746,2.8391081816728216,2.6148046690601867,2.7400340606696894,2.6341878058768367,2.723642723586606,2.5485301988744826,2.7619589983414667,2.6149281854321265,2.5953545134053164,2.4659659797865507,2.446596690783485,2.4039448806387633,2.625806583980692,2.45752013048801,2.673995147397527,2.5410109322974774,2.6568984280083434,2.3832621857981406,2.6754816844398412,2.504335627530466,2.5408254988542227,2.4151708429943426,2.4424330080064323,2.428332487394378,2.58399355890885,2.4363044983902116,2.6893772747178795,2.527077901182598,2.654604727549865,2.3662781581953474,2.648780429713844,2.518718129167314,2.697955818415125,2.516999286961098,2.448586327336928,2.4306900733522916,2.7249179772142087,2.5387279632615334,2.690758283235314,2.5652568126229873,2.705521452448128,2.4744154961323392,2.703535470906735,2.5627108459068135,2.8023761055968195,2.46733800506061,2.4511104466806697,2.3653584388637996,2.816034584300712,2.4910250887731906,2.7279661061312437,2.5563439880223764,2.704923709448614,2.467088541812513,2.751250935383155,2.5545038423203,2.693677386206727,2.5103797053153243,2.6872303453155015,2.470371363280291,2.718093471760525,2.489319147466907,2.744944157028139,2.584117871619741,2.779095238635271,2.536640090017879,2.7219081608317826,2.494731776289658,2.720110789645981,2.6170979831915986,2.741722054883728,2.6053365817948086,2.7181784684545707,2.617010950348343,2.7922198952285178,2.6440404339711248,2.7539567368724196,2.6597237765513793,2.7498460752777323,2.618433874125831,2.784210336946994,2.5841343850825287,2.7440168619052727,2.5081346930497572,2.794797868853629,2.536920121296566,2.7335775462843475,2.570730737046468,2.765887052743357,2.625447122820735,2.7486268542999666,2.550842626382981,2.876672543245841,2.772100444555311,2.804408301752741,2.639610860520599,2.8657130564766797,2.7341867284742447,2.7629805105545566,2.6355034085299427,2.768538804565203,2.649268847290173,2.782888055582293,2.6723717023630513,2.4339352162209744,2.4295013963510774,2.419914199514548,2.3791751609768053,2.44525857692222,2.4060454431045795,2.629368825768364,2.486216795840937,2.6101561352015157,2.4131273992475775,2.5461438338034843,2.378652179581895,2.384637483142625,2.406816952525629,2.392234817888795,2.361383791465585,2.393050679054387,2.4418805663147882,2.6102739083715663,2.5079531300055495,2.625476617414613,2.400681114819072,2.519134763283533,2.381954959454757,2.554416829130805,2.436913288800948,2.4946244823931782,2.4037716343741264,2.5975176980193506,2.429803760416202,2.649638879763131,2.5111875305303863,2.6899416668661402,2.458553934749937,2.6487754468975355,2.4567874347710354,2.669897291525235,2.434614409788343,2.593399698281164,2.4156973671167177,2.6165225283123963,2.413894219677986,2.7131582559837257,2.5428457856332614,2.7211554931541286,2.5168288066181823,2.676009357965599,2.444286449978862,2.4343225205091388,2.4580848053070192,2.455961335143223,2.3911841634752324,2.4563168956141155,2.4674758624246778,2.612973447733722,2.4718805283953182,2.6102705878470207,2.4273353836788747,2.540307450829978,2.379531814153642,2.407474738700307,2.4469860463603883,2.405665481989167,2.3360153862369684,2.42437754938161,2.4189462618710764,2.6203791046020317,2.485384975402567,2.626230922915413,2.385722278161622,2.5245003847202327,2.4125222494555962,2.5611588643798036,2.4483595133545455,2.5046549018289856,2.399612727916707,2.5797679715490975,2.4301114461671074,2.655944740067152,2.5128361853190873,2.6717232487603777,2.4679608002062365,2.651945887016713,2.448439216983472,2.6606777034396805,2.427909426853326,2.581058892812067,2.420078351741594,2.5990550183304455,2.4166294057956224,2.7118641646276123,2.566188621503891,2.7260658190868643,2.4711485264526614,2.682248572067558,2.4602810967081967,2.4527186478116905,2.4066928603014492,2.4274628958840996,2.357025538444546,2.475518035307724,2.3971321677419035,2.6145540173682438,2.4757582697483183,2.640896405955971,2.4393218219860477,2.5799857565890103,2.40801188464656,2.4281935255222002,2.4152244907952127,2.419615456424568,2.3463025877980077,2.423331282674682,2.4351417405974773,2.6292860332440564,2.5049259040196685,2.6262102594607115,2.4456836940007096,2.5717997903302394,2.439685959175623,2.608961222152533,2.419344126751647,2.4937938633085066,2.3714463451070102,2.638895375706539,2.437800503404258,2.664447075455758,2.5147093366864905,2.681683913931397,2.4803031340326465,2.6817428078227623,2.4675182214011544,2.71548797431301,2.430951773298819,2.5979223010650867,2.3851491634751705,2.7024018725073717,2.4161430739539127,2.694132858920756,2.5486256378506225,2.7181491347386673,2.5498977190756524,2.7227463977059028,2.4700709268058287
1_4,0.9525365638523036,0.07580907013035729,0.7743524132504965,-8.0,1.1142044332691194,-5.506402550999473,1.084456916181659,-6.512437439743622,1.0874780563334006,-6.344813526420591,1.1465557633471128,-6.338850142755214,0.6307368663191089,-0.47811367109692043,0.5020129914192223,0.07324478652208434,0.8743301007413445,-0.5508685210905213,1.0800062626165339,-7.188090019579901,1.0870116865762018,-6.740286694609269,1.0625297237769287,-6.466227941615282,1.3875804459123025,-2.8340761475123513,1.1124994328159994,-7.962573502059376,1.4885393036879526,-3.028123977720735,1.25555172037189,-5.100053712602797,1.236729204611319,-5.645373023147051,1.4157061472912937,-4.270783762422598,1.811903338406119,0.9798037166846648,1.4150709137545805,-3.6201737318714784,1.833365480818409,0.498461362480974,1.4197492470659159,-1.4079962417757284,1.460753797342137,-4.952528478748549,1.5985088559117837,-3.097013034448665,1.3975968855406966,0.2602097504188217,1.0727761412698507,-0.10379222347052505,1.4817506216185856,-0.19565718688379466,1.2032489792999324,-4.086889797736544,1.2902657536194146,-5.076577221510181,1.3215821095594737,-3.14540641683275,1.2991467365662015,-5.219250768896448,1.0100382816395457,-5.7247577694441,1.426378717392291,-3.728157812856293,1.2052883309248659,-4.501584676688041,1.1971743650399462,-5.415821484131127,1.3168421333724436,-3.510626384638125,1.6017150472916808,0.10052861985619845,1.2471878279753443,-0.22522127863193298,1.6211949918536266,-0.08809886122848251,1.338747589093753,-3.344353152246043,1.3639044005927234,-4.75948320021845,1.4545600439384807,-2.421294728438229,1.8136706193773067,0.3754684933651391,1.4671159336834994,-5.374492057613517,1.8997717813920771,0.25480718397958957,1.477929725952614,-2.583613687548659,1.4478660830440717,-4.299313585768663,1.6461395573925786,-1.707367603844934,1.332907386098324,0.20912819784694045,1.0292399142225697,0.08185929534527427,1.455661861396447,0.19679913511470984,1.2173904231918404,-4.040217360644016,1.2401918129653644,-5.110121489331222,1.327785093249111,-3.20172719626585,1.2522095111581746,-5.202002322583515,0.9643313803890763,-6.556033321625421,1.3877033258807994,-3.707281629005089,1.1774088215212741,-4.571403608354292,1.2167113816854331,-5.673316023618121,1.3018061961985172,-3.776985866104319,1.6042081950532638,0.3335005976681525,1.2294248989465244,-7.31069114087638,1.6435706324831887,-0.18946353710791583,1.295099264115837,-3.3827980315017725,1.336778795465365,-4.551044148382923,1.438656740714668,-2.3217670790054523,1.8511409905930938,-0.056921072438413045,1.4192130953588957,-4.979504057213479,1.8734945648994363,0.24895631374376334,1.4363755895306751,-2.511798770281112,1.4891988472370032,-4.65706633685244,1.5906017788865012,-1.7248264204506243,1.4166089361060235,-0.08212975619868844,1.1404043416486267,-7.920818753952375,1.5021989027854774,-0.6203391101421568,1.2330793077074789,-3.78910681504766,1.326619175007395,-5.013774835574433,1.3946910037601206,-2.7753704943287407,1.3959882478587737,-4.087530035809264,1.0633738030562299,-2.101625383963775,1.5475810591996568,-2.6671610830596473,1.2995473098319967,-3.981838752170271,1.277881086962505,-5.248312974043238,1.3938241227465655,-3.093750343710476,1.6096461614034239,0.2401816864046933,1.2928019496796246,-7.129011186239425,1.7102218714308468,0.1399174284268484,1.3956628084285394,-3.048056519258909,1.4019429658533133,-4.587317741777219,1.5047093912489364,-2.107350186708784,1.8949351720340086,0.11974446046871279,1.469421066438324,-4.181257286777161,1.907618432034489,0.4812073783476638,1.504002463792552,-2.3703531533414863,1.4913085448239891,-4.197474953835452,1.6535198252044585,-1.505748381930887,-0.366342586432817,0.5472452176800409,-1.3338689590836066,0.5422927815429557,0.206223332326067,0.3666744129109074,0.713549304739617,-7.430626090384954,0.7494224596433137,-7.128427064454121,0.6513236495814125,-6.801617869991706,-3.0597975457907083,0.9517701917705295,-2.50167336382522,0.37731654950922877,-2.156734993711768,0.9346660429837014,0.6838482243107432,-7.662540738709344,0.6706039234159522,-5.67219167567649,0.3400311696651252,-2.9914410455918077,0.8013357764575466,0.37317146102074017,-0.7001216181806166,-6.645795488629687,1.063056807149815,0.5962558160073813,1.0778926424930033,-5.855519199097251,1.0320961458068716,-6.768020973168496,1.0932214575750527,-5.259605726601018,1.4275083660989891,1.410546089722195,-0.5091496570246894,0.04139478848078889,1.5272086338437654,1.4785188918778573,1.3297487843003675,-1.0755594451040842,1.281845396127949,-5.400936094120583,1.5132925893110416,0.18796944569637195,0.764175490725366,0.8192617629921066,-0.4375703889967826,0.7198593861267986,0.995456162166169,0.7762295614964063,1.057621343029505,-4.791005378158988,0.9965815224560123,-6.472885888360195,1.1192910559091116,-4.073384918499078,0.1661134611230538,0.06944099173470565,-1.9361337112214416,0.0629811399702081,0.6457469827991069,-6.374636095394299,0.9037201460638064,-5.099335249456817,0.9508435956288307,-5.875707757382732,1.0973802650898037,-4.399349951887104,1.2770661489512416,0.3760230602522448,-0.3154823609364523,0.7971198236359281,1.448094275124442,-0.0671757715939871,1.2196897558591557,-3.5416748800406244,1.1644187831895134,-5.798070576714618,1.3645482714729515,-2.7409288191767223,1.6838428100799536,0.8495755554220814,-0.11471274251671161,0.5225767880628749,1.7471987432080054,0.767803382150168,1.4726495299297602,-2.7556094082969285,1.3517365062130795,-5.279262022981575,1.5464646305151384,-1.9838457872935435,1.2246765782991602,0.9971018687855623,0.6455740240718112,1.0052168091888767,1.3687799402184062,0.5131412955180003,1.2354460705414918,-3.7526527404039833,1.2041951072806794,-5.120379497667274,1.3174611872894777,-2.7495263729529684,0.9223508296438849,0.3101588496379317,-0.24102132006226573,0.06523233644960749,1.2739097178849035,0.36477613743495596,1.1973619558832655,-3.9368372768490714,1.21156838713663,-5.2686167474251535,1.3081028517504472,-3.0852018655538673,1.5455289445973517,0.6781067483391618,0.3982949754561643,0.6420918606034635,1.6208755355301778,0.3844391450041412,1.317380641002346,-3.0533787909430554,1.333471483898372,-5.183878064512095,1.4791446029061186,-2.2110543930056332,1.804343892931247,1.2165000345352628,0.36485466953855544,0.176208593742153,1.8470323766813819,1.0806700762889765,1.5193461518897073,-2.3004037517733438,1.4116577885251473,-4.455037610094672,1.6448469417006433,-1.347252149931288,0.8164685144087451,-3.7126904881373917,-0.7973455236637318,0.23100539047140844,1.11210764665629,-0.05058839296308123,1.0389768080883346,-5.023356615939312,0.979400799273715,-6.7183985561743444,1.1303315159243241,-4.242295822583061,0.32704622014472357,-8.0,-1.8636180466438161,-4.162061994430458,0.8026109299731735,-7.592609095529268,0.9881885210231319,-5.535771346062252,0.9760691754600888,-7.011441043121384,1.1203594391926655,-4.866854050393624,1.3868110253861012,-0.12935117657950154,-0.33271320161954215,-4.209113785893216,1.500032821956037,-0.9021837240124485,1.2243903174124906,-3.7866551983605294,1.2047684424309233,-6.719194071606333,1.371084842553712,-2.8967308242870127,1.7209292252688027,-2.07560877603702,-0.14669793872671943,-4.518331683017592,1.7807309900540056,-1.2467419482787576,1.4601992736215186,-3.001509426451771,1.3531880439319435,-5.885188926161936,1.546246793470212,-2.213680852057399,1.5392657650305237,-2.40914049520721,1.5745532280439096,-2.7578849385968245,1.5180278771658882,-2.715958658768697,1.7196001140931745,-1.0254237479462602,1.7218309463902157,-1.106815926367947,1.6671057756506127,-1.604866234341925,1.6971767048590434,0.4042829855454866,1.724586857227657,-0.03172339045113672,1.766074488064941,0.5507063124331742,1.7528204164514312,-0.2798370677272361,1.7798008875002518,-0.2160031626793619,1.782180895775695,-0.04576258879764994,1.7684852875294543,-0.037735189187699116,1.7406749843875704,-1.6081040675250438,1.8015222864553913,-0.4764753948976901,1.671447027385968,-1.0617123291155839,1.7714862959728044,-0.9501231893335305,1.7358511907853735,-1.007771658272913,2.0135059400367603,1.6000239846446327,1.9378672152633036,0.30616280182851513,2.017737268079073,1.3644933581210137,1.7356708556954226,-0.43318041965303133,1.7326077380794225,-0.2660673011585613,1.8259779119880557,-0.031146758657728785,-1.0932052578569558,-6.54030602352203,-1.086318045134877,-8.0,-0.4734958699305435,-8.0,0.9179940353692969,-6.360065502171182,1.0321888399320365,-7.041914151478915,0.6607296902259463,-5.562106809130486,-2.3965526150581677,1.2764113664884607,-1.8578193614522962,-2.99713798289492,-1.7042144872520828,1.3440328584585381,0.9963207629739966,-5.665425628245071,1.0203628873048376,-6.243401922708412,0.6426396413259389,-0.17852621401161572,0.7527432392879656,-8.0,0.29831805894899155,-8.0,1.0050327839930764,-6.573814174755489,1.1571243850258708,-5.374317218793031,1.2611001993648456,-5.0546594570582,1.1878583807678191,-5.542534438589271,1.4686492151248154,-6.0168023560705,1.1746163654196071,-5.338712759512543,1.4044220039777988,-5.240237753727148,1.428313775684368,-3.648806772510053,1.466135494021912,-3.30382024862121,1.4215256120510147,-4.034879001492074,-1.0955978715026338,-4.38316123808824,-0.9983221586172192,-8.0,-0.425097578354557,-6.221848749616356,0.9282181252253735,-6.408045444953265,1.033609868700092,-7.082231997552244,0.6131466818213407,-4.442691945511138,-2.743989977685096,1.4908015554728584,-2.0555336141982785,-2.6441442971279607,-2.0167535257971028,1.3757272779086236,0.9251730116852956,-5.399282967145537,0.9810986526387424,-5.819000105194649,0.54429247800612,-0.5662488462583494,0.726893309662738,-8.0,0.3516079647469366,-8.0,1.0062569567952238,-6.37851213541937,1.1998165366438691,-5.322881446899683,1.2766948122849386,-4.913070975951635,1.1988634197415802,-5.460936453252251,1.4700421179125691,-6.0194739706296145,1.1662753360938083,-5.428698874433731,1.3381575369980385,-5.563344477837646,1.449729947030651,-3.6992254445981767,1.4763325494184059,-3.36998026872847,1.3966667976490432,-4.218087446369883,-0.48732779534433934,-5.529743906542518,-0.6165996186275657,-7.361011840656318,0.02416655158355485,-7.390939450069913,1.0455796574128,-6.141252322876733,1.1423009643571163,-6.553074688757252,0.8972577739809515,-2.548434282049515,-0.6292310254553221,1.427972480426539,-0.26960871361197564,-1.5396665182754403,-0.42534314449395494,1.4334595508475076,1.0878611190865246,-4.094852808597245,1.204944518032405,-5.9373804161456585,0.9762127517977036,-0.19232139119182406,0.9662975670219728,-7.503070351926785,0.5636341983539537,-7.450996737974212,1.1920074309419242,-5.978603943258029,1.2352375687349428,-5.236796699629228,1.3537393636944342,-4.740129101892412,1.3128770084370396,-5.178833784001658,1.5907328715391391,-4.755933272208908,1.3274108257182613,-4.574372051130432,1.6017860411793527,-4.040115654146883,1.5144308856495499,-3.600342456722306,1.540536605610929,-3.310460688466438,1.583172296743725,-3.761124383791241
2_4,4.439178882672103,2.507275926831726,4.323836745980092,1.8016074671495168,4.651188576548537,-0.07093716019207187,5.290029549832437,-2.8385387991846196,5.330480271413316,-2.929317712151421,5.307973967579652,-2.3773832908672223,3.939051403834037,3.3907583816845586,3.9519779825300825,3.1795136210675787,4.229756334644938,3.105040777189895,5.376504533174277,-3.32828518309996,5.192804702320374,-1.2572957369287163,5.256088705454328,-3.034525644821635,4.88799574522822,0.8225416519093786,4.693413171094747,1.556997399775633,5.061085966637852,0.6535774993845334,5.540627673087103,-0.8292765828086843,5.475393398476873,-2.2396509645476392,5.485876621487285,-0.4826758147669589,5.29469230134497,5.014777889028844,4.977416847548886,2.524991654092495,5.508068228752145,4.878844012255647,5.622159525566353,2.4809846084143388,5.776885778812081,-1.2061236530600463,5.7669059137558,0.6518777160941598,4.792655457001498,4.223170777271555,4.576669495423842,3.7194301770939613,5.043060042993517,3.817768864213522,5.368193407561402,-0.09588063743095049,5.516722029451683,-2.0224736206110014,5.431238062278753,0.6762892373591451,4.559470058009383,-1.129209037823853,4.405378993216776,-0.42446990738189855,4.844438234536155,1.7533456811462003,5.4272798125947554,-0.5296617073673963,5.546790137759411,-1.9842998844161122,5.400847149969752,0.0840498117346642,5.120951719622347,3.6906534401154754,4.863511213879931,1.7520461815000405,5.3155299056580585,2.5640971907645285,5.540820479277598,0.7476044235241642,5.599901824042897,-1.5868032362894005,5.628468044082083,1.4685701861937235,5.40576747648349,3.473349500578649,5.09907937465023,3.019842519822606,5.552331377015278,3.640758520246682,5.659421355403405,1.41562063582112,5.697694474908377,-0.7934146491650599,5.725668135145257,2.2080202922768217,4.7747723445121295,3.864445813232807,4.587071231987331,3.78470566802738,5.023048746426097,3.646123255237668,5.424402609716275,-0.2407167959982846,5.46332686528157,-1.6579701335300647,5.469557816921068,0.6700850009577637,4.591865378635609,1.0499189618706042,4.356470252486828,1.3719291310818686,4.847373105904494,1.2737313419183696,5.361254413998265,-0.7352339345230271,5.456152316217358,-1.9082601573787152,5.496078665840081,0.031402512659463554,5.098522991786479,3.793464382768156,4.7807242227453415,2.4703788197196417,5.1532514743114906,3.873348976088136,5.6454076314693715,0.7799703691569301,5.517722700511744,-1.40157510753881,5.6245956289005585,1.6081205006607735,5.345885725914406,4.060313204521935,5.061139392861326,2.6382570167600337,5.479113549782934,3.9837159864966334,5.688146396703343,1.2277537789999644,5.759537487299309,-1.1231256543635244,5.8091667008193255,2.1844269279651405,4.927387136510262,2.688136238088881,4.7215939273521705,3.294038590249394,5.140176909374585,2.1843578649154622,5.6057774717982785,0.2045484880139804,5.513293450665042,-2.005537103727177,5.5673280431799945,1.1404278077772487,4.636009689433736,-0.9008061230410711,4.5643081419598985,-0.3525868545587423,5.014695442082706,0.5340371469069424,5.608471351987823,-0.1874137723016472,5.541318803697506,-1.8472487563885882,5.543503600243377,0.6062950775710544,5.187499100862577,2.7585982754524205,4.950198501633939,1.1392309582911029,5.337039470632975,2.8049464929244845,5.641256049582044,0.9671663427267871,5.681120606806626,-1.4372311848066743,5.701052557577943,1.8709402261940802,5.412763661133103,2.847686014822454,5.187799292723805,1.2946826860534453,5.589486647343664,3.2230319891095767,5.842412768587265,1.5542476923575037,5.872271166945784,-1.0278859660957098,5.827044758717965,2.3222361095870783,3.444711868432695,5.47901605095354,3.4149271743112717,5.320628307055602,3.8241351988052115,5.2787611220825035,4.698662168678152,-4.188294993326875,4.697138158134542,-2.0170224278738544,4.504697157740897,-2.0319046523949984,2.2812381669568715,4.849421613021574,2.5187072429948714,3.7794583538362123,2.414738706161722,4.517165146646668,4.608882078911893,-4.1537077425367865,4.516381091544824,0.04776627064417298,4.155636884762594,0.991544508360042,4.086180484073024,4.642687183247625,3.4796510130716323,3.760613772179315,4.394012392353523,4.532376992487932,5.117426756376034,-2.063418276152061,5.069932548071542,-1.8149654786865697,5.125838481856574,-1.5726654554493327,4.798124443210548,5.41854798489522,3.5466858950825983,5.175396340200859,4.894500162675656,5.716845002894075,5.46289389505813,3.86609279353923,5.225078621227318,0.12424583190577648,5.443656357443426,5.387536289340032,4.1003196359889,5.5363911289583605,3.751754769580691,5.3802694962085065,4.39600002773149,5.484207722965676,5.197779122592115,-1.0401291330568816,4.970772265075827,-1.1003058135895196,5.07971914902495,1.1777237546136803,3.2743689245967613,4.027518397093245,2.389876053942426,4.755513514927545,3.91965071210127,4.326210619478796,5.0500459797986705,-1.251670430407778,4.982096757202659,-0.7904154489504185,4.9026515711971665,1.2976979222690457,4.6373692404544595,4.96201620304296,3.7256582328598764,4.874129690953682,4.929635840942267,4.6806221731941955,5.298835097636977,0.158280757572029,5.2115904231105326,-1.797668760292009,5.312568586709066,0.94366803180082,5.09048366860626,4.93151316191949,3.8092890227943097,5.120832141399864,5.303248114031559,5.540419428654375,5.579953384675701,1.1734697967731114,5.455228175539891,-0.5192972680133658,5.6842223283986035,2.098313656737065,4.672065036770895,5.52903937983923,4.350844001292246,5.755051721650948,4.814071273594215,5.382581298424816,5.231795371205001,-0.019771477859644206,5.228694003971405,-0.6883794154509735,5.294051460731493,0.8962948617799189,4.154960341040839,4.680544704273619,3.6514415741602875,5.365675684415836,4.388640619095938,4.841422805712974,5.258540475568506,-0.2164582805979987,5.176084899250777,-0.6701768208481907,5.171873801538939,0.7086350080497424,4.81754169741888,5.298290953031975,4.051367882847727,4.924809227922852,5.050139059564407,5.068460542212874,5.488274012631488,0.6460361590155297,5.305644539952144,-0.9898852335184293,5.504544545642953,1.5563769901224664,5.165279368948982,5.286932265816615,4.184535320591266,4.851224212060103,5.434093806172161,5.739253134042539,5.685112186265824,1.691962369371962,5.540053120320366,-0.8639682575906624,5.719506893359525,2.4074941637981446,4.19896996969449,4.190466255693246,3.401739903723542,4.132933927759178,4.562354754500666,4.217386704489835,5.201840290227361,-1.1268355097574128,5.049061027161533,-1.4503871601195726,5.164927124346649,-0.4982938491397386,3.6942145346436246,-1.0186706032383155,2.7775034395960025,1.4909620320207255,4.153593958859324,1.3463534437642612,5.217751622795493,-1.725474955252148,5.043700611377352,0.12431958988013789,5.108806737388831,-1.1771268967882715,4.722525658346159,4.0702915739876415,3.72796100107188,3.898970928873768,4.983670887790307,2.8888183136526093,5.453316188928357,0.029704283623705686,5.261975981117877,-1.4729577967576946,5.488167101788779,0.8332896374157436,5.137224745217538,3.037426630483753,3.857692059081508,1.9948243041448783,5.323491019167003,3.4201292253273086,5.629445996739985,0.9267334405336238,5.434334466350375,-0.48986750844895316,5.742921828435581,1.6753871899226036,5.226087452893721,0.8657896201752323,5.213491472168516,0.9143838873424174,5.333320512010369,0.5807388079647678,6.063757253749641,3.2321947168442544,5.881494786293821,2.507713568499877,5.884493836755335,2.2504532718252355,5.289903530487047,3.180786723088947,5.4073386050140515,2.9793015187206153,5.451299370675616,3.3429090539077193,5.8862213522174995,4.025550890003332,5.888373420202974,3.930173139249308,5.927174504438764,3.610365990665084,5.353561773842973,2.754593096664218,5.381797180338871,1.6737624774663205,5.491808824197354,2.647014016829424,5.993333234667981,3.2178237667393406,5.95637289128503,3.1060428721619013,5.980077799520683,3.060515566863978,5.6796342827482995,4.422329783117796,5.655593512728687,3.2233521790967172,5.840189370508608,4.462624144130113,6.079209846982484,3.7331864225787093,6.054555178690998,3.927866451488492,6.10482465513291,3.9727331377776984,2.716854207407765,2.470671240898395,3.0097580909041506,-1.8367815515614032,3.2846147622167616,1.448683597406663,5.1189937651532995,-2.5716354714872818,5.269233688327606,-2.386560144602032,4.761731178207813,-0.42710335842531866,1.8555679069962359,5.062684031408175,2.255896604225695,0.2449191590266617,2.1382873562300007,5.210528912920866,5.173764300328605,-2.2707127743489997,5.286386122928275,-0.39503931964810857,4.612094317028129,2.320775843761166,4.182319971826872,-3.6034582359752596,4.126487170707383,-3.6621747876775848,4.513499975465068,-2.2683566855343997,5.393840575846082,-1.4379609989278026,5.5344346807646065,-1.520243134530701,5.328033775742496,-1.6307108875579948,4.882663820293026,-2.462214447603098,4.765572946541098,-2.0013981509728866,5.0200974893591646,-2.0535617245056477,5.768146145293194,0.21092812844717992,5.750767416597564,-0.14937116989990076,5.640869517497425,-0.42601577215483466,3.064818916280825,2.1031964986629315,3.2489766930806314,-1.0333870514933203,3.4153431275924313,0.9649438986673659,5.126662242678388,-1.9127052326340213,5.2326349416924876,-1.7968557998341674,4.680936138108134,-0.8040510124652668,2.5982342518375283,5.111213367585496,2.532239673541209,1.2382165265097407,2.39897398381844,4.987607362718864,5.107438418684304,-1.2240333825765524,5.095876479836914,0.36745542225207184,4.563799589051512,2.681510360259893,4.17079683510802,-3.2408169095662798,4.093816775643243,-2.864342090524224,4.543890998861555,-0.02881709349762352,5.494778111526816,-1.4163838757304086,5.503562979569505,-1.8185899785802457,5.35313123544641,-1.5746980905427272,4.888401727306887,-2.180714579501616,4.751782575208167,-1.769766829667594,4.961107568808139,-1.6055385651693506,5.748286262147572,0.20715709628850273,5.72322053547925,-0.25866518861170146,5.640998752601769,-0.22217741707437427,3.3696066744072035,1.816942623389009,3.4913168170325433,-2.639884819689767,3.782177663095174,-0.23284696133257726,5.387217265820519,-2.1303943025069834,5.418047094252094,-1.4620300930884846,5.140789977019475,-0.3212174895989923,3.2186501899970943,5.147261682215574,3.281205666685273,2.3087350503270256,3.278542659457652,5.1941191138736515,5.445274957043373,-0.9582209520304376,5.479223944775756,0.7170481115522942,5.091646245215544,3.28594433384231,4.462447551940399,-3.8549189443877876,4.288742022723874,-2.140568589794133,4.777874521836327,-2.173338081407529,5.613069116026669,-1.2826891418631219,5.746581816598266,-1.2699841566522685,5.464190187399587,-1.5092145712082252,5.097734377437934,-1.3890355861035701,4.985024951979821,-0.8120717487084462,5.308469121411961,-1.3351734931983377,5.824478277003624,0.49025656737532636,5.907404070570348,0.06523109655959296,5.861533392981795,0.2668711515770321
3_4,2.4066734496948383,2.1273470719652616,2.3835104537819025,1.495795674653764,2.447383279279412,1.8023335640707114,2.3637369193722995,0.2206251018580214,2.3794734418923684,0.42168770868642913,2.4175769550776884,0.5803014764649157,2.3405133692321907,1.6527050704734916,2.356382081162034,1.7104517798011465,2.397340996865833,1.7145318865172536,2.381262695256534,0.5755934496992384,2.3806317759793387,0.6021631865932899,2.408761480957225,0.7510461840876833,2.540891511984583,2.235554376643854,2.461189281487769,1.4341862865510595,2.5725058654236546,2.026380745833483,2.4364669103558882,0.9506739731254696,2.4733931438692127,0.8450024453641326,2.5029386852830084,1.2738615330509484,2.723260167820526,2.210573294413437,2.5375419464149656,1.5541202857838967,2.755867758656067,2.1143435475435104,2.5438393398025427,1.505343767434382,2.5396260951057017,0.7585885245697989,2.5925815380904025,1.2728660358980992,2.5169247083149773,2.279504211242824,2.444692006621664,1.6853454088545692,2.5300688869309216,2.1437820743663822,2.4462215705758488,1.2302046374726952,2.4366643577180724,1.030771118020888,2.4854313070250154,1.4994582832665735,2.4969002434414675,2.1150390003247472,2.423652615493281,1.419585719740531,2.5441725125734616,2.0149535193590014,2.4400972617637917,1.192558809410516,2.4478817684060785,0.9524928787269693,2.4831710661197843,1.4320486963916474,2.6180585685810227,2.319942452507449,2.500999665594827,1.6179672351986236,2.6369717593133903,2.180785701613231,2.472228348323294,1.4784353360410245,2.481974427058353,1.1976850240116108,2.546906624530358,1.6203272394051709,2.75520056894857,2.239948200892477,2.5672500117745995,1.5531993024884736,2.756167099121903,2.216858778862847,2.5558335995509096,1.4919064139339901,2.535855259149334,1.2756844174353712,2.612031580783774,1.6270540410643213,2.523690204362722,2.2832486976976476,2.440885877680993,1.7857181749534852,2.5328346746646115,2.135579675977215,2.4328508930767807,1.333595815912999,2.446040920852473,0.9668401063696339,2.483294208139451,1.4979891279641944,2.4975570589962857,2.1179580984632373,2.432512738051137,1.382908114121091,2.5348455353031993,2.0550793702602768,2.4334443259113847,1.140584491401609,2.4571849302364273,0.9757449046591675,2.4988221863782925,1.3655830751989357,2.6114409758021226,2.318829798314662,2.488200354344135,1.586160503372409,2.6173509303926865,2.182591561011955,2.4528320521129547,1.47110819053082,2.4884294258275657,1.2292986819143452,2.5293746388514697,1.5960742688296055,2.7439747193468382,2.2963524559345716,2.545895967810692,1.456567372478846,2.7428557781298064,2.233179061640735,2.5571830771584096,1.4869322214817347,2.5279844828681473,1.2134187208775642,2.6136512507873344,1.6801744302986341,2.554027506644316,2.296196136826835,2.4580239114208653,1.513154222925907,2.5935500294724214,2.1602518055438864,2.4516856396356737,1.4229699875110435,2.460968320995596,1.1967327167502537,2.5171478095531516,1.5919078038516845,2.538958273055489,2.2130738612776417,2.433090841281551,1.4997251004298309,2.573737281681317,2.11444189283738,2.445069290715472,1.435288629776664,2.458874736599227,1.0787436247531104,2.501734215169127,1.5355625495955747,2.6087847295836406,2.3271503508772255,2.5129797030687477,1.6693693806276,2.6595173183649083,2.203323681831483,2.4877612504344353,1.527787214877589,2.4880197766642373,1.2993375184792468,2.544473669541859,1.6693423876984448,2.779703672465677,2.344539756763351,2.5745797009334863,1.4090767904158954,2.7808547125470775,2.3026102083734505,2.546329795059019,1.672982856651872,2.568096752932019,1.4124669095169518,2.6410727549668658,1.7611868103146984,2.3401916284746,2.2891088641160855,2.1457231785297566,2.2152794444114012,2.319385749287922,2.25003236831685,2.2860647014288302,1.0302189981244476,2.3025192169273487,1.0572106498835003,2.289657083022829,1.5293209906294858,2.1073777802673113,2.3509044474596927,1.9081798551203146,2.378161605847492,2.158877538989447,2.41371426590776,2.28723725739981,0.9583821150332634,2.2734008082465964,1.0815685316118733,2.267312230135295,1.8238067549536796,2.4370677187233256,2.2590533744669434,2.2342803961723763,2.1146230416008125,2.43973522374908,2.016842056352721,2.374715934221227,0.9052078408033873,2.3724495422089054,0.7411573138221692,2.439270282504427,1.2680371565911561,2.527644773987799,2.502668154339425,2.263268814910376,2.2509681486189623,2.5618582980711744,2.5244548659395645,2.478707722803899,1.4641613022671458,2.473734274334984,1.0875427965858553,2.522174290135692,1.8030673388664895,2.3928805883856326,2.3804729774514333,2.267638579437262,2.285802617839252,2.446841805243936,2.1828211535085114,2.36287223123885,1.3317421702274328,2.389089352242278,1.1708437200732407,2.4194965212708643,1.5407922961217648,2.3393015298039606,2.133087750124883,2.1287783982454056,2.1493446265414935,2.399079768444251,2.103214618983269,2.363521053768162,1.2603977891487068,2.3611005728610617,1.1142186193015071,2.3906702144056657,1.5258039962185215,2.535861581331055,2.3348426077019178,2.2841808625152615,2.165594729226463,2.541136333151159,2.2344408917960976,2.4554316129049787,1.4577242314269345,2.4174026715454384,1.2080385751800506,2.470665005182002,1.6745203350561289,2.657846877867129,2.2590364222361425,2.305872004179293,2.0652547618171027,2.701959642444318,2.2377339838784547,2.5229843566810506,1.5200318417297987,2.481694663174674,1.3732383586069232,2.5862051782503523,1.6698054158122893,2.4897404133895167,2.5177654975142247,2.352770956155391,2.373087948596172,2.534649459714578,2.313006601640368,2.430037918896133,1.5866638872851244,2.436709240282442,1.3257596702394172,2.4864626220257513,1.7305834809935952,2.4543713078019773,2.348418838186862,2.2289066160701583,2.1680311779416104,2.506391119277704,2.3255392939300683,2.4411319783393313,1.5726691887635333,2.4304580880127857,1.208795773007952,2.463945185538342,1.731191978776847,2.6042759284402166,2.413169432226462,2.381221442632788,2.257097276586397,2.627489762176454,2.257690499183898,2.499088829372236,1.6524779419862659,2.432449782362147,1.3064057547124208,2.549305496795696,1.755192026419597,2.696752103443721,2.4275773695765035,2.360336554671012,2.210940846073201,2.709570064221394,2.369683599130683,2.566060151175202,1.6542067318105167,2.525389056467669,1.4005990220342828,2.595909656296616,1.8748861662609002,2.4044892111544067,2.246147503079246,2.265038622669658,1.9889473378488367,2.4583880673730585,2.0984170583299986,2.385163243317035,1.1757401350915595,2.372528292091896,1.0757224201821542,2.4299889085888364,1.4691760959531919,2.348342108660374,2.131762040859876,2.176580238452635,2.0156846728073594,2.408417501484846,2.0070745666803194,2.355345212342353,1.1187931788246197,2.373664648251595,0.9746941659240435,2.402565912046323,1.459433738924713,2.5141998836041615,2.3100396242459773,2.2853377710251115,1.9785911992162253,2.590567987516772,2.180225013850084,2.4422067226183155,1.4305799551300717,2.428641649247302,1.1388559265434517,2.487384348121428,1.6103431968062683,2.68124431680194,2.318962416748519,2.3195690219203198,1.8878498151037033,2.688595546797201,2.2309013722993325,2.522210746194842,1.5952769707806067,2.5074768693617235,1.3300122938345813,2.5944801992940048,1.721133678805433,2.6021796150965613,2.2783438826114417,2.6229991700943818,1.8559205972347859,2.6116049003206263,2.117209736640825,2.653413955244819,1.7472189773116809,2.673985553335142,1.6798624188251225,2.6404858961025455,1.7788764199478653,2.663093204313435,2.4251902141000983,2.689266997786867,2.0651099349867206,2.682048630533298,2.3496731483574322,2.679255441863532,1.9009484974856599,2.6822628494110328,1.8353721543929515,2.6880592433051627,1.9414759538021995,2.6708802385211774,2.3645712253876745,2.685422455895368,1.9264445619059445,2.7165064513400896,2.2363755784365957,2.6249947440795807,1.731538525850967,2.6395520054889157,1.7502707968216364,2.679376755123245,1.8064701574143875,2.857899854175586,2.581775427250486,2.80319641431295,2.098132733063072,2.8828659205736678,2.4973710299351586,2.651447231689967,1.7986175117576413,2.658414952955447,1.8870769576902164,2.70907778733955,1.9529549401066078,2.2608597538254083,2.046990083592888,2.255318972049608,1.6535063893869795,2.2648808796409434,2.0141087202511967,2.350504575695559,0.9913441108510391,2.378277797100251,0.8038733167267229,2.3134724700858245,1.3975484510461447,2.219879310435228,2.179259634160793,2.2439193609268457,1.9477965094850949,2.225728518434514,2.2581080182172544,2.3228757753138862,1.163179920736135,2.390700529119682,0.8172913679874516,2.28914709907314,1.6357437220440048,2.3948150949669516,2.186520760273615,2.349562850095202,1.6350209498891508,2.413870221575695,2.020036300531414,2.4081066502064603,1.0621512555472425,2.44862387535299,1.3878766999100904,2.438478663347875,1.3836148694691612,2.581491589064664,2.2247649505846887,2.505632861783373,1.6773840659995336,2.5945211920429663,2.1082329775162525,2.527188994796882,1.5264984232780598,2.559820476240154,1.519038535445282,2.5716146412949237,1.6313049099137031,2.2876101092082806,1.999202862835211,2.2792522767101926,1.7431062571254257,2.3001727728133243,2.01426576686992,2.3551597512694147,1.0747526769795552,2.3590341629712817,0.8740500521168639,2.321319158308361,1.4056356028211165,2.2211304529838083,2.223993028293302,2.2483422014875485,2.158375049992983,2.247070445398145,2.311689759912997,2.3421842435424507,1.2234751540290685,2.368032355109941,0.7954382191830405,2.3149739742145874,1.6331408515044392,2.3976822589710918,2.212523779201259,2.346591301518159,1.7063138574432974,2.4430508214384448,2.031160550985857,2.417159632098527,1.1992876354314885,2.449447535176415,1.3602365143739525,2.4257321964059986,1.4370857174694527,2.5750676326871496,2.2125590421342176,2.481906905610976,1.6311924385617769,2.572078788139578,2.1233092109051985,2.521547534066132,1.5316829796389113,2.5563438052612346,1.5011170959762592,2.5615547817241415,1.6043586722227705,2.2792792107758415,2.1466880240000843,2.255631816145815,1.5580631760931718,2.2871399482771624,1.9848866402298406,2.385146472226498,0.8822312735400377,2.3998547604857525,0.8834845582786747,2.369253921940154,1.346158802230498,2.274377808171168,2.187953072152089,2.299623489554039,1.6832078730422528,2.2710554770291265,2.243145593984439,2.3936876677622863,1.1273486651599636,2.412449075190948,0.7013794573147158,2.3594134918138554,1.5370492815728414,2.412305872793787,2.1948235766165993,2.368608112756399,1.6282885808882557,2.459967346249131,2.0442501305505307,2.453715010640678,1.1332678283832358,2.486006601303344,1.332946214557979,2.496642129328406,1.438024036762401,2.607183640400808,2.2110133352545627,2.547307693234481,1.662098068447974,2.6497325959439526,2.070145773913326,2.5475349108140914,1.4665831938723286,2.559763197558542,1.5029502299296311,2.5788040431528287,1.6623762857900557
4_4,2.599153363036567,2.1761378239224634,2.5239028729347273,1.8383444602659884,2.635878879157562,1.880066746142674,2.4996574414799855,0.9902649055913567,2.525372381893381,0.7553192050214358,2.5525466887642154,0.9773581145788505,2.524207164491297,2.011619268111259,2.4617399858868834,2.118604144091268,2.583144515477172,2.1063494425312888,2.498524129393674,0.9988928406113827,2.512919516588513,1.0251246816578865,2.561073886178154,1.1351190129127908,2.721374713532156,2.293350457205405,2.6482780642626964,1.6685192870420942,2.787800709359414,2.111005289351424,2.5911568596437307,1.324737108166584,2.6082752752351843,1.0679143933445618,2.6609053590349743,1.4251314862229034,2.9390563851052582,2.419250499484023,2.7724414403388526,1.9858013666307641,2.985261314855264,2.1593263397218703,2.6977945828906216,1.4478027686481014,2.6678974011991192,0.9076153858260686,2.764187230866046,1.243249877557066,2.7714210421973933,2.416686087124831,2.642187205786113,1.9279536964032988,2.8048221224033045,2.2499286236408214,2.5846213439580707,1.5279940307502433,2.6217085797329367,1.113960654894067,2.656297811469264,1.6584351139108653,2.7067191559261654,2.208247604735345,2.600047554916176,1.742591277525785,2.7880809342457322,2.166418367621327,2.5803257048657047,1.4687964064103534,2.6224980351410476,1.154340511585193,2.6835211469370965,1.5667379722911532,2.892524809350683,2.4670684222241266,2.7076457405599124,1.7012299744289743,2.8941533765940024,2.332424192156708,2.6731878072828787,1.6780902430914224,2.66049395573912,1.3384758580560412,2.7278132811708105,1.7881762384237296,3.0020521337651958,2.397482464181764,2.8184122520280357,1.8956232542169693,3.008221224436428,2.413925622969363,2.7042605960180137,1.645249033715752,2.7225229704142073,1.3969831033234812,2.8080461694271177,1.772166473875313,2.7790332010191903,2.38734553752532,2.6538521208906483,1.7382341322336932,2.793771134928192,2.2839216255419608,2.6126050695147405,1.441220816603037,2.5931107442351555,1.1814414677560054,2.638428985676593,1.6764777888028024,2.732937264780273,2.2188734596626003,2.610042616656537,1.762088995638116,2.761568080406566,2.181884506128351,2.5795378237029145,1.4408576725626707,2.5826269233627333,1.132381998007795,2.6358827715961977,1.5102102773835195,2.835577136242535,2.5053930081200395,2.709807230278047,1.7594747273100624,2.8835573010175373,2.386303005261865,2.6083697885764714,1.6564872573727243,2.6481562673532806,1.2667176610795075,2.7238224935238646,1.7807013487936252,3.0053473022994646,2.419362122856658,2.7949094039638362,1.8188292418849468,2.9946333797304323,2.3997418442859235,2.7010955016610763,1.556204801822023,2.715723474205151,1.2819624445464308,2.813995705135826,1.7782504737019942,2.807293859931176,2.4116266011300214,2.6626050492071265,1.7208179124245477,2.815358004549552,2.292245235782819,2.6246415635304206,1.6009218896434814,2.6346761213403878,1.3126596639924084,2.654731290748777,1.7519442513596395,2.7819735720515557,2.3116951420975287,2.6413321319572867,1.5564122740907294,2.800822261826342,2.2152346162785737,2.608912720948062,1.5749614381380532,2.626637591926042,1.279489569019573,2.6767848040982,1.686404118807895,2.88990641480453,2.4862344171589172,2.7473531430826754,1.8069255837242575,2.898969104066266,2.3956774639983087,2.6516488606604853,1.7212916759087291,2.643812667024364,1.359668525317199,2.7238927278708895,1.8269014182573706,3.0099059235027856,2.4989597874456138,2.8134213949777767,1.6704628413511289,2.981951626130262,2.435868389104203,2.7287213401279544,1.8196164535415638,2.7254647099796236,1.4735142649485802,2.81934269664947,1.889779354973878,2.4144614029482203,2.195308033352307,2.288296623730027,2.560444736123224,2.448066299710669,2.3576370569221363,2.417177318356544,1.1364621013563148,2.4209586085610364,1.099941464297091,2.4563482357808923,1.5018206747290126,2.2464155114480286,2.5550127733129817,2.0548015518886844,2.680070815669854,2.2438459549079384,2.649943059979986,2.4106350594825137,1.3109219267009766,2.405834693389274,1.3929200368643748,2.41484579398705,1.9042057970147581,2.630653389268844,2.3197784368156698,2.406351992066647,2.5389815146262618,2.673190309083568,2.055052778791322,2.5295307357520898,1.140901935402781,2.5066543572244835,1.120851232356511,2.5655593346447056,1.3994811809951222,2.7668523402785774,2.6247379988598887,2.354927824901455,2.3638187869738867,2.759285291817131,2.6906981647899557,2.6361773824573578,1.6937302115271482,2.616585490883296,1.2117002850759102,2.7300983406832366,1.8238727353774236,2.6610245738616176,2.557001514462529,2.410762962494149,2.4470116837174305,2.6817745761661156,2.306902488059436,2.5509245336925224,1.6518127761406272,2.5429930311302127,1.303259311453439,2.596027337082138,1.770490711649034,2.5676472328647217,2.36403746127361,2.306493902912657,2.3857680649922317,2.631663818382637,2.334469018257784,2.542739569198968,1.628581837089063,2.537403922209111,1.3306691538280397,2.5826666470476236,1.7050417105841715,2.7932556814169054,2.5571462753905907,2.458804944978097,2.5392467503995353,2.830485438501144,2.425934250124586,2.63440529765916,1.701687321328345,2.5955976106366974,1.347549129885551,2.6471557505503243,1.8245800495262068,2.9556884141279056,2.499460084377559,2.469083397221685,2.441055533471819,2.921927349655238,2.411391597585955,2.692620364023772,1.6583780577314111,2.6545753170378643,1.4024226528909955,2.759146003684355,1.8536097802147549,2.802049607168909,2.60292867510305,2.544548374839045,2.551491851126509,2.8182541892263537,2.4294724390376286,2.6090096301391585,1.7616883033491961,2.602367755144211,1.3938334139639268,2.680956676428326,1.859999348208853,2.711193187039477,2.5291820349484904,2.448669863292531,2.5179290217382024,2.7796775387705748,2.3920825256341502,2.6374224232378145,1.7589351955032007,2.605069481046941,1.3454126233323558,2.6732755926956844,1.8966300679354764,2.8727406040097905,2.5933335991058812,2.509906576582993,2.5065041555333925,2.8983030851419262,2.4480419120456576,2.6677948006176346,1.7946451436204078,2.627567279300271,1.4927416175946433,2.7140737138249866,1.9161686193984868,3.01950276971118,2.6859840420402494,2.548402964334884,2.534587171104913,3.039731625900321,2.579710546601912,2.746413722655181,1.863711167611458,2.714163588590888,1.4922824992624297,2.8149773974254697,1.9830416388703387,2.637741978525612,2.434615257035931,2.3664859345935585,2.287251301287504,2.7023059229159627,2.287019624207099,2.525051179765478,1.5282446501266673,2.5426317089201307,1.2450233353324849,2.634535383477655,1.6810573781232896,2.5395509233751525,2.1760494782858584,2.2709511897044132,2.2518202860556267,2.6505834435443183,2.190943188584226,2.531383719041934,1.4689156722907497,2.5218256103851764,1.19152680564295,2.594151993773819,1.663482418805612,2.766812144246033,2.4291269510659212,2.457930548533103,2.348833596092616,2.829406186340945,2.315957766896311,2.591693585531878,1.6047788447464015,2.6069265926050993,1.2601077514274646,2.696638854184934,1.7788204855224465,2.9886910480722833,2.4227318568039125,2.4738980676217266,2.2088087538298846,2.949299810790164,2.3674704284398045,2.699013305457807,1.7231812604591614,2.6425848857800727,1.3418894082929236,2.744704684447352,1.8583981324422751,2.8039626804109647,2.3539675013220704,2.821188193437617,2.0119841218094394,2.8314064439723365,2.222857540097459,2.7556532466118475,1.927592240912138,2.7837468496511413,1.8316046764484655,2.7621026209581254,1.9295296546049858,2.859337249222965,2.58028941192062,2.8859102783566954,2.2845272843652045,2.873851206172976,2.506762742613581,2.7572215146861008,2.0271630753807592,2.8158094503568276,2.0374813641440332,2.816654208359037,2.114087188013764,2.9246318687601454,2.4955906094431084,2.8939529909737414,2.1107133884096108,2.9209524365746633,2.3769601408382672,2.765959581880081,1.9304430501469108,2.7913924932934475,1.896884039983794,2.826153808532983,1.9753557797167014,3.052298347463757,2.8364185385266727,3.0125434813217438,2.3275301677427462,3.0515711972582613,2.715009230443589,2.8097821108693393,2.025996484054431,2.8232956739792567,2.0406628619170557,2.8613897719977626,2.142296898640334,2.324280126571505,1.9943462794205233,2.3056186626337594,1.9099014095067162,2.3578054402133524,1.9381706001986325,2.478438126701322,1.4006432208745252,2.497987675107856,1.1849370500281564,2.4393744777470556,1.7211060369116709,2.317320563310534,2.410426492616711,2.334060313810199,2.211367117607169,2.329864013225339,2.4089883494022173,2.485265005070492,1.4675366869860862,2.5275286393842515,1.180502533624507,2.4416896264158985,1.8378070899887147,2.5627288244020745,2.2688767530603524,2.4787107341444896,1.8088690122466518,2.639010066256186,2.0775648843584125,2.5593905637778627,1.4365909922791642,2.590840018138525,1.4758215352526027,2.628190806738114,1.5783495037818807,2.8182255796216706,2.258048488951887,2.712031272221829,1.8330554983965428,2.825326975430908,2.199748074191515,2.6964184645976728,1.7049575970266249,2.7053428392750907,1.6566628435518962,2.721937930273364,1.7266369703169553,2.371487601761381,2.303515865866371,2.34212222218932,1.9440801647683632,2.3751602977356168,2.185120555114485,2.5056923652375285,1.533904274774812,2.513973930094251,1.218921080438648,2.4667856684591585,1.786037249148554,2.3220953882432727,2.4614280075947628,2.3743119151690864,2.239614643103504,2.3273872551897736,2.3711370236796676,2.4652348031744427,1.584606903263312,2.512544584167054,1.1803031851665085,2.4395245077652272,1.8942867012049003,2.5573056099221136,2.2594174358421024,2.487966793743926,1.8565264368559231,2.637683341698678,2.1297602298604534,2.5619386923413523,1.423852643479511,2.5848985073831474,1.5149801572912287,2.612403080776733,1.5790888855962102,2.798539243025812,2.26041526181243,2.7081494570236315,1.8838081065908807,2.7883239977228294,2.180235436168095,2.6702257129811118,1.6663387502582683,2.701159138117326,1.6321065375352597,2.733626427924062,1.7406812611477487,2.353276206637822,2.1725410876560973,2.3721977690839546,1.9099375770872227,2.415755504804463,2.1440108110679637,2.5053896165950573,1.4036343454152953,2.5354270903369156,1.2465124994388557,2.514202054707955,1.6662143389866277,2.4183963438542793,2.366455356946202,2.42961814096679,2.212711134483502,2.396012408446075,2.306905093723076,2.523444209053494,1.5074867804126757,2.555226622077571,1.221510459121277,2.5214644525003282,1.890881242329102,2.6023961523300008,2.2084153959899187,2.547245743191056,1.8382444837356056,2.684951246334708,2.088818999552962,2.5701318483935975,1.3578975018333186,2.6383000148350964,1.5552245782266312,2.6321791259535225,1.5984468456545244,2.880605280729451,2.314300509972244,2.7853201386878963,1.9522330194610038,2.894367503917057,2.21356890456259,2.6807349784626986,1.6277974654528444,2.691107208310948,1.6560392234195611,2.759834322990743,1.7359106040620724
5_4,-1.905208314052497,-8.0,-1.9239786704706225,-8.0,-1.3301940529054637,-8.0,1.0845840155275492,-8.0,1.0240140336762442,-8.0,0.733229714687008,-8.0,0.3688069666031957,-6.063938883390011,0.3117769207390555,-8.0,0.7612266356350239,-8.0,1.2732425070624351,-8.0,1.228298850146669,-8.0,1.160474097559094,-8.0,-0.21739476358679494,-8.0,-0.2716126019645529,-8.0,0.18390001949457196,-8.0,1.0584894861768706,-8.0,0.8177243069549299,-8.0,0.8642303986502522,-8.0,0.5025871562264334,-8.0,0.6578056702570702,-8.0,0.4963340015240864,-8.0,0.8924381900450384,-8.0,0.9083624561517428,-8.0,0.8832211254000295,-8.0,-3.2959348055162505,-8.0,-2.7199549578475217,-8.0,-2.7672159456504555,-8.0,-0.509269941267429,-8.0,-0.40016869100208097,-8.0,-8.0,-8.0,-0.5625695007857008,-8.0,-0.5817369117816531,-8.0,-0.14893154416368823,-8.0,0.3427683808546306,-8.0,0.31567218566393507,-8.0,-0.21476178886094818,-8.0,-1.0611201723814307,-8.0,-1.1022967865820947,-8.0,-0.8368431714179962,-8.0,0.20206168934512153,-8.0,-0.5514645561144772,-8.0,-0.3170523486300784,-8.0,0.2078251329412027,-8.0,0.2218772764546747,-8.0,0.3692305552921013,-8.0,0.15545275764528257,-8.0,-0.2647180613045818,-8.0,-0.27545354460791377,-8.0,-8.0,-8.0,-8.0,-8.0,-8.0,-8.0,-0.9325373874212487,-8.0,-8.0,-8.0,-8.0,-8.0,-1.3047740971315118,-8.0,-1.100806802798033,-8.0,-0.8073927018332241,-8.0,-0.21454692123163083,-8.0,-0.11464693641212337,-8.0,-0.49963720695229114,-8.0,-1.706282443622107,-8.0,-1.8689330908384592,-8.0,-1.2947869299382633,-8.0,-0.06747395403113397,-8.0,-0.15489607338108313,-8.0,-1.868226681865633,-8.0,-0.9895834168114802,-8.0,-0.4347871924829883,-8.0,-0.5925700564197453,-8.0,0.03078671264700737,-8.0,-0.5359328164840121,-8.0,-8.0,-8.0,-0.8593999382333232,-8.0,-0.7465372193408047,-8.0,-0.28005126770693134,-8.0,0.33531897349314604,-8.0,0.3431359579199331,-8.0,0.4011881045790794,-8.0,0.4868534701474414,-8.0,0.4766531118901799,-8.0,0.7486456404262052,-8.0,0.7322066883236489,-8.0,0.5851589966454914,-8.0,0.5854912732677526,-8.0,0.011318209726812987,-8.0,-0.04395329232509689,-8.0,0.34883901678921586,-8.0,0.6533133832061339,-8.0,0.5440206637742334,-8.0,0.33386039913326854,-8.0,0.9384609523604602,-8.0,0.8995292106305737,-8.0,1.0438012401860333,-8.0,0.686656622474335,-8.0,0.7190693874734465,-8.0,0.6692053270954382,-8.0,-8.0,1.4048590130828125,-8.0,1.0865490458540934,-8.0,1.5895056763267976,-0.6974475499537474,-8.0,-8.0,-8.0,-8.0,-8.0,-6.1791420105603,1.591488576340142,-7.196884445109973,-8.0,-8.0,1.1336378375628047,0.4479013334372302,-8.0,0.07624134515929529,-8.0,-1.5520031120437716,-8.0,-7.219322725566632,1.0689655172400898,-8.0,0.7334527629550821,-5.864438038869212,1.0093148319228757,0.17094758415371705,-8.0,-0.3485884510437209,-8.0,-8.0,-8.0,-8.0,-8.0,-8.0,-8.0,-8.0,0.8024182801987989,-0.9526660476575497,-8.0,-8.0,-8.0,-8.0,-8.0,-8.0,0.8369010388177459,-8.0,1.2877147538331708,-8.0,1.5585782879352772,-8.0,-8.0,-8.0,-8.0,-8.0,-8.0,-8.0,-8.0,-8.0,-8.0,-8.0,-8.0,-8.0,-8.0,-8.0,-8.0,-8.0,-8.0,-8.0,0.7679355215761087,-8.0,1.0358502793074322,-8.0,1.115654109916269,-8.0,-8.0,-8.0,-8.0,-8.0,-8.0,-8.0,-8.0,-8.0,-8.0,-8.0,1.3437058191532525,-8.0,-8.0,-8.0,-8.0,-8.0,-8.0,-8.0,1.302829517585226,-8.0,1.7961983032479436,-8.0,1.3279283561994368,-8.0,-8.0,-8.0,-8.0,-8.0,-8.0,-8.0,-8.0,-8.0,1.1048157965483572,-8.0,1.3651418636137436,-8.0,-8.0,-8.0,-8.0,-8.0,-8.0,-8.0,-8.0,-8.0,1.4467194712111846,-8.0,1.1291900309080325,-8.0,-8.0,-8.0,-8.0,-8.0,-8.0,-8.0,1.211486176422344,-8.0,-8.0,-8.0,1.3896192028164867,-8.0,-8.0,-8.0,-8.0,-8.0,-8.0,-8.0,0.7679355215761087,-8.0,-8.0,-8.0,1.0175835286121182,-8.0,-8.0,-8.0,-8.0,-8.0,-8.0,-3.7601523042880074,-8.0,-4.076057940071627,-8.0,-2.518548592531305,-8.0,-0.30388270720438654,-8.0,-0.7300927916214233,-8.0,-1.4830385325261388,-8.0,-4.204675192029321,-8.0,-5.103666722657262,-8.0,-3.66719103288354,1.123762553267925,-1.6975736192890238,-8.0,-8.0,-8.0,-8.0,-8.0,-1.7250142637224244,-8.0,-2.4755240568426564,-8.0,-1.421926405067067,-8.0,-1.479804803481022,-8.0,-8.0,-8.0,-8.0,-8.0,1.6299104781026559,-4.4548605708955655,1.5588954343926151,-8.0,1.6631402648358053,-4.411463874320322,2.178737031387315,-0.15034795101923365,2.12588770674431,-8.0,2.030653361381377,-1.8007703915670383,1.9456747890834494,-1.0081771530099997,1.9927737281887812,-3.222037201920491,1.9910089019480652,-0.8897296436642786,2.174991469633995,0.9609919736779948,2.162101874729876,0.7035525061439056,2.12254404385851,0.15416982681681807,1.7202710480391235,-3.378014585958776,1.674829967312209,-2.257319454885787,1.8392023206504582,-2.928892758066629,2.0358887586803407,-8.0,1.982293181779615,-8.0,1.9697440435661673,-8.0,1.920394102451102,-8.0,1.8208053675279852,-8.0,1.812710815354128,-8.0,1.9068790576884498,0.49176784332527573,1.8424781614776544,-8.0,1.8377440852880405,-8.0,-2.0097753334888395,-8.0,-1.9881839661457958,-8.0,-2.3281695326157896,-8.0,1.7300507708800037,-8.0,1.5166689447949226,-8.0,1.165980839955331,-3.053492125272098,0.6441912225424149,2.154876937567523,0.2731564295871596,-8.0,0.5818574785145225,1.942794449679269,1.832909188359353,-2.060753527533554,1.69730444578602,-8.0,1.5414463149398585,0.6439811615168727,-0.6629202807046862,-8.0,-0.26371001664595434,-8.0,-0.3766341705274003,-8.0,1.4911720902515093,-8.0,1.5070103059634992,-8.0,1.3150776805581432,-7.546681659952962,1.2038975235513865,-8.0,1.180205941563969,-8.0,1.3654714100233531,-7.361011840656318,1.584728646677421,-8.0,1.4461908794372969,-8.0,1.4587498655922424,-7.718966632752273,-2.7265234877119755,-8.0,-2.768929065317308,-8.0,-3.0247171869469573,-8.0,1.6454019319298836,-4.644453661919379,1.4561827171988422,-8.0,0.91696091191813,-3.512193367852916,1.1547399964304337,2.1650527420036383,-0.44159404821557086,-8.0,0.006515104078833996,2.107106157315273,1.8165316468515642,-1.4696046891467744,1.5999829691169012,-8.0,1.503940125317801,1.1894148067877772,-1.333564632639726,-8.0,-1.1011241139427643,-8.0,-1.2761155232773043,-8.0,1.4975219575755019,-8.0,1.38861068337309,-8.0,1.072293874883149,-7.166534139829308,0.8771871421074346,-8.0,0.7012967530547933,-8.0,0.8746006176760905,-8.0,1.489711350071941,-8.0,1.436576980783636,-8.0,1.2862301401459182,-6.961976259954842,-0.06393294065084962,-4.424815042678228,0.13037535155196497,-8.0,-0.011165967379171625,-8.0,1.8922343161992206,-2.8089908127947183,1.8276932663267307,-8.0,1.6735515644198702,-1.4856337712236596,1.6019045003537697,2.156757035716262,1.5336463915073548,-6.171404543628298,1.6298835148908508,1.8819518007742706,2.0437756791149355,0.41068708339340454,1.9304428119524897,-8.0,1.9217245641052265,0.6291913699659786,0.6181030989378857,-8.0,0.8071342662657661,-8.0,0.9288078039179493,-8.0,1.7836975409188929,-8.0,1.7288319087934474,-8.0,1.6292983376596024,-5.824024568250487,1.7083102737908828,-3.804217512255619,1.685324055932558,-4.634837858176958,1.6586001771174899,-3.4400474953119478,1.6648693247453883,-8.0,1.6618330837106021,-8.0,1.7209788692453352,-5.078922483639951
6_4,2.5515450103183492,2.0736204557903446,2.588973378259147,1.9566396496109537,2.562405875214932,2.066754989417755,2.5860421613935607,2.144078142054833,2.6148651131853384,2.147902699500171,2.6001655395747014,1.79068643642924,2.5223010217809865,2.005121405662023,2.563267392448096,1.8458666221245237,2.5539064370570923,1.955403849238329,2.601679678145381,2.0468503573912433,2.612539798980941,2.0927411371713682,2.598320981427846,1.7374030170005677,2.611184898131876,2.0520011190288923,2.6235436780890264,2.0589318728134325,2.6216157282220673,2.0326449066533794,2.633315209714096,2.1772071208869774,2.6550688304802383,2.179697285126459,2.7023924179931393,2.111817977541384,3.0534799719808015,2.398314078394056,2.8287294733282464,2.045595216565618,3.375470274632204,2.5211086137079053,2.6604227210823495,2.3357837774824173,2.7270104282982053,2.2759191183469736,2.8622956561001907,2.2567982695437108,2.6103875595803845,2.3442830815368794,2.599093039556276,2.3101327382148797,2.589355518740494,2.344873943654042,2.6042293126367917,2.2558857950213547,2.6160366088007656,2.1555213690548296,2.6146130845732034,2.1878530425738902,2.609474091279684,2.0117145574318878,2.6029191356909,1.7882856226163053,2.618318950117202,2.0962017019166885,2.60754884469947,2.2754080542086914,2.619989680101332,2.310305726526785,2.6273285744602037,2.1149930127461696,2.6322688846895055,2.39662275236354,2.6106542410559856,2.066028832008558,2.6601817544105932,2.3321354745334246,2.612642795672665,2.311281516884077,2.6171212819435876,2.278147883860959,2.635591100754037,2.3296758080884543,2.8490161994485055,2.40113996975088,2.706825021167707,2.1379916236455356,2.853546730354546,2.555515945680711,2.6432580252979787,2.3492044453163214,2.685450005673585,2.323471498768903,2.797274112809114,2.3702292547559645,2.598051622807066,2.37440772691247,2.590210276531564,2.330556524503072,2.590947354715623,2.496109769069915,2.604874409608082,2.1800569892572943,2.6159159937008574,2.095765670915217,2.6074083165706017,2.3227664283415974,2.601052074725346,2.073422020842373,2.596947362290107,1.922354137211541,2.605901675755906,2.0131314624440177,2.6003107540025248,2.248854178420597,2.6098897561746033,2.266454696615168,2.6266863300485777,2.2281928112970326,2.6207982983928604,2.3425155821123367,2.615974562718556,2.2275585399084084,2.6558511403787626,2.5921721857566684,2.6079702252338084,2.3169252758018493,2.609130466576979,2.2353703655467134,2.650624762186785,2.3036352963922795,2.8398893670604544,2.4756044809025557,2.6720793748542544,2.1976790290759505,2.8423302559013517,2.449854539977422,2.6509641617525026,2.3452848517828633,2.6721043606751502,2.3087157905013895,2.777340119675876,2.431499338820569,2.6646075221055114,2.3305700722025606,2.626821133489861,1.961988872577251,2.6320574152356877,2.3085011189822167,2.6200394712678134,2.3260567518795954,2.631826394410474,2.2516574038326893,2.6373774909948717,2.24678164768711,2.6631847195827856,2.0476241057525795,2.609768238117168,1.7945028323057386,2.6552995367677994,2.0531788132127335,2.661997781780019,2.1156928840534848,2.6155952172761774,2.2643175974090823,2.6980037631166147,2.3012272774059648,2.639013105362168,2.360645613299709,2.629168812984496,2.059675447047163,2.7146145286142773,2.3538886660224327,2.7241599056708172,2.3089789088503196,2.7219233072661595,2.338734262158311,2.7347602396627133,2.32267705757747,3.6272241854281724,2.4996933296487085,2.8525888906142476,1.9726250692891159,3.4533732418923835,2.437330997897675,2.7247694325075047,2.3382518187028904,2.762375781761867,2.4809877156861826,2.9586961331711934,2.3829654434770786,2.3146805864187767,2.3440139649182297,2.298285197769658,2.524675454256157,2.382349520638121,2.5849905396356845,2.527332799794382,2.0185390743267684,2.4701986995504828,1.9796923284390817,2.3443932273747996,1.7978242474774158,1.9005334101764246,2.524398592958855,1.879205441535518,2.3334458255770003,1.968153797348728,2.5000189565341295,2.3857033217922234,1.9049877602894125,2.430745850760609,1.9563445939010995,2.370571022640994,2.065146852589228,2.403723904272728,2.3839892875302864,2.3276318761370995,2.4214235432753894,2.5271207375606255,2.233044409429637,2.5578505638500784,2.0632499861550224,2.5595725228528585,1.9692605369339244,2.581889573112285,1.9432907604016307,2.647938737212233,2.6385599986710853,2.437539153749137,2.371576763051079,2.627216034705899,2.8308242746401544,2.620302897598112,2.31504282132196,2.6060332423850525,2.0185777494925654,2.627285622474379,2.4251435103041246,2.5041933602021347,2.610836296755558,2.3807880727990804,2.60853842047521,2.448574291398825,2.6079733877148534,2.5878251884204033,2.1741416715663884,2.591997281633729,2.0585297055084184,2.578526019297872,2.281392567077637,2.340075889336689,2.1833880707721147,2.285008676579773,2.3522635055887218,2.443572413096292,2.3297122212081747,2.561578590806211,2.051205987962171,2.569742202593099,2.1462820719324345,2.5697202907715333,2.304882046168537,2.555200450269422,2.5431255088585236,2.3659950788902,2.413763835576091,2.5838154377251565,2.5610498125279113,2.5983143242860596,2.2369854080370284,2.597430760335009,2.133200455481375,2.6403788164814177,2.247536174735622,2.6451919387720664,2.5968158522060416,2.531895929381278,2.330528852099942,2.6638370341418374,2.5967849753967096,2.6375778904184135,2.335163881398152,2.6374860800127222,2.340240752627348,2.659010214330525,2.4078853179311848,2.6062365784981267,2.750903828406226,2.589567596249859,2.601858402268927,2.6007314012068807,2.8089766804455567,2.6001048824405637,2.252076818203148,2.6130040969187793,2.2095556905693816,2.6108861846434706,2.337639776109933,2.5503702073160874,2.499090688573758,2.4064611158953984,2.2674589866846544,2.6019687669042635,2.5518735468178457,2.596064894747982,2.338750207385379,2.618588020577986,2.1591156320962854,2.62762227085221,2.3393824722207452,2.6715377539760494,2.6029128371760555,2.576164961241527,2.574053690440562,2.651616702165921,2.628400885418676,2.627006730610891,2.2619741439336276,2.617866673103912,2.14998853426308,2.6526566627896035,2.2928174353973283,2.726727125989419,2.621510081774966,2.5734973597425417,2.5693275707666787,2.7734322191916068,2.7179973997012774,2.630966188630315,2.369199661627736,2.657777345573093,2.2084330698950243,2.720217233463124,2.5469420746901372,2.4956188201349785,2.3994521634271453,2.32975775669417,2.3874622930432574,2.56021966547481,2.364511878933184,2.5855105078810263,2.0746207054909767,2.581068638958319,2.0790658339106445,2.6010651200234025,2.3142378871732663,2.356237806624393,2.096766171418116,2.200333788699677,2.1325736676556954,2.493429374596012,1.9854214187982182,2.5308521384122833,2.0902143667132034,2.604973842299728,1.9352262668456606,2.592376822408256,2.0553138910991855,2.588832600305115,2.43960965761112,2.3402590380952986,2.3397422928933915,2.6004529135815866,2.4612685308334585,2.588952159196815,2.2830390417166897,2.6058421791267232,1.9728594325011009,2.6284270773932183,2.2976927735648336,2.6896479265266557,2.3474179685368664,2.383824084457115,2.2889791024897903,2.768452549150598,2.35545664967565,2.6210233848189537,2.3229689810458587,2.6907563619330133,2.2034036083475237,2.7172860751033965,2.3380663817686496,2.6468224650467986,1.8673220913700141,2.7491280133325913,1.6984184731318166,2.670587973847297,1.7512557428450588,4.393346897122937,2.27294574800154,4.225650282908146,2.2005927665488296,4.020685942603631,2.0376017999628955,3.7558477948734534,2.4915324931599057,3.7310708443752247,2.1724724049321664,3.794717741845349,2.4993517775118037,4.425310535996539,2.343435408525348,4.377824607641923,2.314072545960197,4.514324369069404,2.3327241947260604,3.2768148428934243,2.3446375002222783,2.8527490496121755,1.9330428006798608,3.148619513593498,2.338320455751631,4.063409113076982,2.296588362531916,4.048087998757542,2.3261216152827022,3.8703137599778947,2.330433995472774,4.310849222971588,2.9318509375834068,4.2728907290848115,2.3306589761058616,4.219785846678452,2.750317454719369,4.306989327960552,2.459458850432206,3.8042770090141858,2.354690760155089,4.1738229091888055,2.5932338387065292,1.7949011186028039,1.703985016491518,1.7839494590644376,1.916468290860201,1.886668260338285,1.9231008591114112,2.387180408153781,1.7636266885682332,2.445802264140582,1.4392102090066243,2.3241000151131663,1.8541501431144083,1.678551945696331,2.5344735805635885,1.778311951744018,1.9667999328540926,1.6944880343738962,2.51144485976177,2.39663652206879,1.8719768334668665,2.533311209176393,1.7771650525037541,2.3360407214402024,2.019042856480286,2.3381729693038755,1.2354285701677696,2.272893708536059,1.4010440034027716,2.3605809228296475,1.3996202389639631,2.5903378602988485,1.9704323792765117,2.600544495938419,1.8794717232386169,2.5799803749115715,1.7113439458172104,2.650704462239208,1.2782931238263961,2.608190365589538,1.3806497912486209,2.6293599846564115,1.3695672091594695,3.13155784165343,2.2696718934915614,2.7657024398273724,2.016767819178344,2.6926321167685736,1.8103501772647541,1.9122384514275634,1.911286580297563,1.8339312229723455,1.9353941289810008,1.9546366003191058,1.7469681036220113,2.427412960937938,1.825048809284263,2.4237994972591443,1.6369268361751332,2.3339408240827173,1.8892859462879161,1.6281886560627683,3.099141037466443,1.6686996050361185,2.1467893514826093,1.6642460121206726,3.1135912421262923,2.3468783893432823,1.8746839387105447,2.478021476646382,1.7786249583345028,2.327448264911523,2.063333912342601,2.3445157274361486,1.7668690172712636,2.278386740044167,1.5897630471374653,2.366075809926814,1.67905615880165,2.5586628418183492,2.11055007305085,2.588545645971699,1.7974663658908971,2.5597153115260065,1.6536980292371346,2.634192047137297,1.1071812436702788,2.587416306864024,1.6432592480774688,2.6127256751163186,1.0183455266484975,2.8186497360904683,2.1402199834525435,2.8382731991081243,2.0437670837909234,2.7340672757776905,1.8290038158853437,2.0398671223222857,1.586204551694351,2.064573222165577,1.495478327711106,2.197663383577451,1.3816159757295752,2.769446224852012,1.819348180456929,2.786916565396748,1.8311245691592513,2.444168875644251,1.7932748459585155,2.1882129047798378,3.158938909781729,2.1913759803003123,2.3176361894625845,2.251046499748973,2.3732858148110374,2.78941189031936,1.8778060685640912,2.6685381871367233,1.8384938064842349,2.571153352562897,2.047271082100214,2.4841866443169827,1.2311844973043597,2.3615857184412423,1.4210607619196545,2.563884597046514,1.0966363103531005,2.784048945288333,2.094084016100521,2.620727513995965,1.8642457759017799,2.606770750545924,1.905104111177317,3.548712353504201,1.429248828278409,2.9045320285059426,1.363864934128295,3.6402394573144683,1.4890696568145738,3.006965402534652,2.31473655350902,3.504527934500619,2.0804004140576744,2.932639575213712,2.08261873842857
7_4,2.3857466288406046,1.4628419094554779,2.3319112577921874,1.3959941214740466,2.3483771486712377,1.2067552135655444,2.297972373500708,1.8046175713809072,2.3612738535070554,1.4276734202709311,2.3203847683399377,1.4435786260379966,2.355305941724054,1.4714021420857477,2.3022160453534033,1.5136841903582212,2.2159046830112974,1.558083751789353,2.2758794421279065,1.8058082453001005,2.3203054272220403,1.7059284614087982,2.3398579203450036,1.3857011404133586,2.5727836667539203,1.7652090291023892,2.470792654648046,1.2722653873638459,2.510067178228172,1.6115214648045937,2.382203415117667,1.8925264309862937,2.3878158898602977,1.8428341860551178,2.3664103969262706,1.5829077835724057,2.7116757151727886,2.132962616592923,2.653460954563156,1.6243582063717836,2.737672565362977,2.0675312394512897,2.467077553338265,2.0083102476520542,2.4452453209456393,1.8889573694484265,2.514771155756063,2.086051255567932,2.531044109476975,2.045232052895618,2.5025604395032826,1.714220111510742,2.4949120745925617,1.7698842791424059,2.363640213120556,1.9940357985542132,2.360725825661587,1.9594716221803197,2.395971815558383,1.7873218326917744,2.5460270615271963,1.5589880720188836,2.4610046401846604,1.5094108241980169,2.5100298189414554,1.4264770215269782,2.3886637678528455,1.88476798826213,2.3850588006772417,1.8874818889064349,2.3839632607270644,1.7951078498168653,2.646883504784153,2.207655315310308,2.5572351604573815,1.6518155497924905,2.590769061824354,2.0877778596261307,2.4110732944837716,2.044663083253586,2.4271334561300133,2.0410195229262023,2.4716064478572526,1.996431808831565,2.7717089138348636,2.3234535523132394,2.6601374903034776,1.44067382934038,2.6938786080124744,2.1475953933363323,2.448049121373685,2.048387041319724,2.4722782419558267,2.004643560614176,2.5158000324136305,2.0770135664511105,2.498990039474865,2.0546799955468944,2.4679519799254317,1.8060790088618806,2.49026301954193,1.856440957059491,2.323307726105669,2.007398269624015,2.367352004232985,1.9339894997986264,2.373705607761356,1.8191530019241087,2.508709818591751,1.619549321154959,2.441011716777182,1.5303889105765398,2.46557178620342,1.4128566156768425,2.2960496620067086,1.9554048059507207,2.3604372215923357,1.8917866679279411,2.4094664532913233,1.773343000348513,2.6072668803033365,2.214794047388637,2.550250988693304,1.658553825161285,2.583557115683963,2.021791838574975,2.4169906643740213,1.9996610089463072,2.3835362201268127,1.9658274967185532,2.453183908576892,1.9801385106512264,2.690925411044983,2.221601608907249,2.6711395793296684,1.6280299827230211,2.6831680261981665,2.0647473405871946,2.428571905790963,2.084866860058649,2.446783587712071,2.0628998924975157,2.5340397737939466,2.0837412686864147,2.632754546801987,2.133819469998606,2.4933832536838567,1.6252775161105277,2.540211311681379,1.8689333631235558,2.3820879396215675,2.0050750065918033,2.421527254456316,1.9701572802923837,2.424868159091575,1.906202699859144,2.5764124036558522,1.8228404098714879,2.565211058666868,1.3879397251523513,2.5878975342500503,1.6091917238001796,2.372312008301476,2.0671181196497366,2.3864688560348064,1.9058196097300357,2.42559248737775,1.8692515157565648,2.6855343990766882,2.203069654026203,2.6229522772482006,1.6109877703448579,2.6595212027305486,2.0057627749161364,2.441677909783057,2.051869494017016,2.4348932643573646,2.053696767178711,2.4668629375905597,2.020983036092894,2.7853047428406965,2.3808945259405814,2.670357359867519,1.5239628538751762,2.7415684434028487,2.1947040335356713,2.484360707553669,2.0529058171565606,2.489014375110023,2.1120010664695714,2.522652631052075,2.169646342315743,1.8245869184988264,1.9817802438151761,1.6544425136118655,2.149386937696301,1.7833593679527642,2.003565511153986,2.1663194783330932,1.7733585275824448,2.2110801934773807,1.6361087612525733,1.958916997610853,1.586479052463296,1.433622864810864,1.9952361132973586,1.471293901457249,2.2292488867411806,1.3892161543298958,2.2701018955249004,2.1246949355438445,1.6677862198475857,2.191430148016109,1.5998640931914665,1.8862345660209705,1.729621657474491,2.221769285409577,1.7827720302829877,1.6859636204005302,1.9557867984065234,2.215248451552936,1.7949675021509623,2.2739831487703848,1.7959051759652307,2.3283168333796116,1.5570575228269459,2.2644043146387465,1.5399605205418372,2.5162484559006337,2.298266545094872,1.879083054088639,2.118774843529717,2.472408212009001,2.3594472879838295,2.4059707283700944,2.034331847408003,2.37443183324444,1.8172765006950635,2.4219801688275626,1.7442383769718592,2.1344327854415335,2.124910724403536,1.710026599524154,2.147437850476337,2.1882556534649504,2.110548990071207,2.2697578286581064,1.8757417400773895,2.258920776534726,1.6728530626335918,2.2429765866354776,1.6282971752663387,2.0953703214547525,1.5381661227753622,1.5174890565929486,1.875807786742395,2.0182688891097573,1.733757660240594,2.3135827726425546,1.8478450647112905,2.2493293673303185,1.6462294725455051,2.277493691048327,1.649008660084659,2.4007883147225,1.9952363487454303,1.9396066566185886,1.8313805338994762,2.352326606487034,1.9209614553041816,2.323946813846437,1.9277645377342307,2.369148516365807,1.573381916346908,2.394014647600467,1.8469016322333596,2.600845750297306,2.065787723715917,2.0096068992287983,1.948304146681339,2.567712851089546,2.248086734908003,2.4084612963850454,2.0292342330299844,2.3080285580161948,1.8120212513288396,2.4782658082238775,1.9914078302121856,2.302055819172856,2.14648397349844,2.0345322434526327,2.1117446325321736,2.3155287300092047,2.060245553295151,2.367389405382386,2.039762892819314,2.3640745658902853,1.6781627836819617,2.2944758192133485,1.7732079244699002,2.276773414792524,1.9426216882105152,1.8098285006976593,2.0970313660908264,2.217521831176885,1.911563994549368,2.3621175165274235,1.9432352208716495,2.3559863896615196,1.63220484902736,2.365382016253308,1.8869502156344773,2.337341632790117,2.149828577723636,1.9961755649216684,2.238541556530217,2.404923140332474,2.2198644996423575,2.4030952118025413,2.0140429296291122,2.4179605444358607,1.7485905225133604,2.3969049277540138,1.9394859171374483,2.6426660912420834,2.27398327896935,2.1593228189340046,2.1135391403009747,2.6076200874797806,2.4001802893891724,2.455832567960311,2.119734767075543,2.4084986505010733,1.921916981671349,2.4931233648316726,2.0857111293507464,2.186348663839109,1.7710198094472036,1.6661714983145282,1.9592127592261501,2.2808399671221653,1.66837390548373,2.2782222203842784,1.9228417187478308,2.312652465668632,1.571925178364911,2.3010422094508343,1.5716622824820816,2.205242336611013,1.5041886760178753,1.5159705703059576,1.794622543620838,2.243193774991641,1.5941063647310056,2.2988852952634633,1.8883960682631642,2.2797527791080228,1.5646886670503568,2.2814224097027602,1.5620834592627186,2.446822994351924,2.032686213121813,1.780119182006124,1.9639823575947786,2.37028049085988,1.915775403757572,2.4022864721900348,1.9957974372687548,2.3903820246740155,1.5637783843322697,2.4051390208541843,1.7866538609072133,2.6361626130381413,1.9823572557698474,2.020005664636839,1.9660335989508115,2.5947309691277867,1.8691572808184318,2.3825511295382324,1.9947587836564662,2.397325498988376,1.9436116508518464,2.485660400025991,1.9622014226833964,2.32197564676602,1.4469475566741938,2.3660320566952633,1.424706266302299,2.3669576785632773,1.3432050109251688,2.4354293425909472,1.8522852409685981,2.4743869187529484,1.8962522682512013,2.445324881742377,1.5051676309861288,2.457208934648136,2.0478711622141317,2.4316221584664532,1.8021527814034228,2.4337497271286272,1.9518742902216426,2.4309297846715174,1.9465746563019615,2.5078983596293263,1.9540706599815139,2.524988486584975,1.9584122318305581,2.5208688044635754,2.0332770850520343,2.5018060725127196,1.4858302738124953,2.5305328278415704,1.8014858246053573,2.4570119190701853,1.9336934725315467,2.48890612659334,1.9804781076070437,2.467795000936646,1.7963399273868317,2.706823546542574,2.5818075508750327,2.634746898158077,1.9521722806014832,2.72530743211431,2.463167569868293,2.499981821249477,2.0857071330426655,2.5302572375836485,2.1147880189621153,2.53249424654295,2.2296402454700557,1.4471571037882582,1.3025876087224544,1.2379784584723472,1.615529256269741,1.4903189051853465,1.6127985088703374,2.124069814707416,1.5122582999847967,2.1546001250852,1.3356864814203393,1.8885533883785057,1.4332775329273395,1.082372297185514,1.9672083621025274,1.15151460885686,1.9064895728742977,1.1299383458639922,2.0436358824905847,2.1230035043467677,1.5631396811929636,2.1678593044725645,1.2559864254091788,1.849134119481629,1.6042894623642396,2.166415444377828,1.0750212452336405,1.8078230568398868,1.2427602427008833,2.1819463585919405,1.2238443728970878,2.220156670749395,1.688851706521759,2.3253105344479494,1.2259318130236445,2.261310322938902,1.2744383232983802,2.4154336863385932,1.201442400530595,2.2823908060333142,1.3033242702004852,2.3354704811564413,1.2868049980545548,2.4117690146405066,1.9087321778618729,2.416143169148906,1.413096735010876,2.330148872966406,1.4578283307369084,1.406014052175004,1.6328984067711894,1.3800281475135108,1.719928156411105,1.4833230833390927,1.6834997828399056,2.1296963409128624,1.5659849158326968,2.1845490200812563,1.3419420074168742,1.88671341827897,1.3350223522988116,1.1344034941288865,2.042537628941677,1.1113728106520027,1.9096343140170606,1.1410602516224226,2.2054392195269124,2.093569514946042,1.4880156458653664,2.161795667330248,1.2642490671003015,1.8612655656576766,1.7128858715997335,2.146933384524951,1.1622004819875407,1.841789678489099,1.593758229550632,2.1561958749856163,1.0550722624560394,2.222727053014736,1.6938636696303815,2.299058778182426,1.1018930603373043,2.215946193989379,1.3581746771231094,2.439632481096447,1.3360586448716647,2.208668592939339,1.452317007051579,2.3104645555317274,1.434573896412174,2.3415913416816,1.8136305482094668,2.4507646771126925,1.5027498462204791,2.3559524425716445,1.394733923164819,1.6193569553902405,1.534777186079257,1.4863969132068044,1.5133400450080667,1.7522365977640517,1.2380787619729923,2.1577505922214857,1.5055342600558685,2.238640507063901,1.322300728276926,2.0448452010680254,1.3743808709061758,1.455022090396241,1.9722288688775276,1.493660344557616,1.7387345256822906,1.5955264729865013,1.89736280791539,2.189718004365173,1.6029281647077969,2.269163554796328,1.420890644960654,2.0858176632362917,1.5310910826922988,2.2487659776736804,1.0880829048919436,1.9495901196688086,1.3932405007572441,2.2808664431919308,1.1301276969695218,2.2826132990710803,1.63724472694577,2.3465522947415307,1.263406928915616,2.326877912745132,1.3350045297338449,2.5913278319824515,1.1793008294048046,2.34214077484108,1.3912358298300944,2.4871525290348555,1.3482259250639654,2.419567239137848,1.8702405142468075,2.433517145805811,1.3896919756660795,2.42982288313471,1.559201806921035
8_4,3.5058480501244547,1.4349663115491433,3.3277342961948984,1.711680450531331,3.701753841449413,1.4158873924788817,3.507934200405763,1.423283562937233,3.5205709403194003,1.3857896438649193,3.574664671387639,1.421805204515471,3.207400957499771,2.250922325635587,3.0933384707995017,2.5260340712451756,3.336657174298171,2.4186873007760368,3.486258037860264,1.4463593300728061,3.5550245842359813,1.44723045873853,3.5941644286990844,1.4466554033706691,4.112101839700974,1.8029874101509185,3.738813086194752,1.4432036922465992,4.248170977078714,1.843230362456281,3.8441982239376267,1.4625740953361803,3.855006576346108,1.423881876502134,4.060160738633987,1.431615042204306,4.781626533806793,3.8486149648768913,4.177521270973615,1.960704853545001,4.819209007853445,3.7565389395792015,4.1211982229785695,1.8723627858865173,4.073474208501392,1.4191022249355822,4.341857222145548,1.7822372539372784,4.086619594774879,2.721407960906499,3.772063948578118,1.7293494421666364,4.289726310895331,2.3985548302676847,3.7780889185465534,1.539062508553116,3.7972104194143648,1.4209297755421135,3.90994833242625,1.5562970708748987,4.068750705297014,1.435324142614859,3.754445738769368,1.4691508906667152,4.170828064014419,1.4792615185500362,3.778610406476176,1.5452900264158995,3.7358529749652982,1.4262069437277924,4.011183827126516,1.4759249023170076,4.4535182837825245,2.965057107078433,3.992336260358936,1.451199860462214,4.462015032228889,2.8786718174620667,3.895175459227511,1.5963722810728662,3.8831438194014507,1.4205955294582697,4.111695001482642,1.745860348302537,4.902923652871428,2.798250007401886,4.252928211678324,1.9062403996131179,4.849603302448629,3.1979059636853693,4.1970469600930045,1.8359274362706335,4.105585028798759,1.4733121668945734,4.330989514519133,2.113069100481763,4.142577040083386,2.5469749549338667,3.7328735862306286,1.8803332173821499,4.2620372114698135,2.5124348819625073,3.7412125273377095,1.5402040314106795,3.8266316654766657,1.4181252591496485,3.8832432907046472,1.561016715221297,4.040354329706141,1.4486024117098306,3.7074785035667075,1.8338289299970532,4.157349957061664,1.4540493044648968,3.7525121752605037,1.4909838242297557,3.761721354669118,1.413506293788707,3.9207908874941,1.4844957421529912,4.437222610868181,3.029326357917638,3.9980388497914494,1.422719448881633,4.517211495333331,2.7496191015864127,3.919425160999394,1.6660984734430413,3.9475049257270207,1.4341778188818188,4.217081476310088,1.7777696095764415,4.795412931926168,2.872824689184675,4.261988835618545,1.9395688242643836,4.822052439658526,3.1127777715929903,4.127561391511727,1.7763182910024902,4.24230711730554,1.4551399091383979,4.341775653467932,2.044183019360883,4.219851353401206,2.641855714948253,3.771540623616955,1.8871593395965682,4.311792975250309,2.6003960355979934,3.76842773305361,1.6557636737557018,3.8040452885532665,1.4263485193957408,4.088915948054572,1.711663403232889,4.2196967835961035,1.459389775425647,3.8211874749101113,1.8530294616592022,4.328927249591593,1.6562921809424833,3.784233773899371,1.5665061372977636,3.8574144262438685,1.4257665323622737,3.948208830320123,1.5637776326453576,4.472764954125806,3.026378261607944,4.023816498662879,1.4547101557634707,4.574839061867497,2.8563659055661854,3.9917634344226913,1.7096146651665398,3.9768459173583373,1.4455685551234272,4.251267541280078,1.955202633542964,4.876061982114416,2.9651316965798435,4.24394131321296,1.940814289616063,4.90653392076762,3.141507753671626,4.185637980796293,1.914894192188918,4.255070702491254,1.4479909989346047,4.418696911768889,2.15694947441802,2.397176279181486,2.3623890787306396,2.088928211472517,2.9260993037160077,2.59209769047985,2.2702782812026476,3.129371424111661,1.404861719565612,3.1565666860037633,1.4392539698818936,2.9692720805949953,1.4492860498209916,1.9195531892993023,3.7412543165050045,1.9270086359433352,3.178850730581204,1.828116536407902,3.4636537353724415,3.019461851654087,1.4813116219136935,3.041926217344486,1.6176903875293387,2.793317791626438,2.1306204853239836,3.3930705113460897,1.9601772870060759,2.211818410338441,2.07160618454842,3.7452787820798608,2.9324373159294352,3.4608742587970798,1.4273376303236285,3.4884545715941067,1.3902741876052824,3.693191004787193,1.4088144012002275,4.302180177473936,4.380231096373014,2.5548307783999427,3.7899990844067553,4.359615341201181,4.641265187553249,3.9512222215679467,1.8718693073525057,3.894232335680617,1.4458400169528984,4.193981699816696,2.431761641215093,3.3193175399489716,3.398826263366517,2.256073777672594,3.527164518863811,3.603549178400626,3.676920815501868,3.426855464102432,1.4343137990432102,3.4442400152764345,1.4160811999295433,3.695801636991176,1.443960584855251,2.7429996676696646,2.0662316627529704,1.709698198416772,2.4827427650037714,3.1826409048547863,1.446034285088146,3.5064518918310297,1.4437896245344273,3.4274214802450023,1.4346279101842352,3.5898449873303844,1.44337511792413,4.111566271017536,3.65215928050842,2.4971116342191526,2.8642452766540343,4.243856747827325,2.5024232207715102,3.6548309583740335,1.5212028206635875,3.7070478626302625,1.453158391745641,3.9129360777379336,1.7057628588107208,4.628733391770686,3.0600999944910363,2.652041721411705,3.0395806848427815,4.620768129832769,3.515464227241231,4.174359868533162,1.784258549218112,4.076259789379349,1.421690919205512,4.344208009352163,2.0488977240013515,4.033208650478316,4.179909825507836,2.8205137056233376,4.058775456993937,4.213707085217808,3.0722741401187688,3.8455803821030297,1.723743656372395,3.8298745854080485,1.403268920705071,4.005935417088541,1.6154661175926042,3.5490002910494556,2.1909093352259363,2.36884382107355,2.8335541623692757,3.952185580132953,2.4025945929245807,3.869490947052704,1.5802719278242414,3.727279021216473,1.4234919752161765,3.987666662413378,1.5804518263539793,4.3996953174297895,3.954245927671566,3.0652999356639397,3.2201805425038983,4.553991623190117,3.238965970602307,4.008788843540674,1.7150148208262501,4.02058038456951,1.4323256305273542,4.1815118033297525,1.9845459597227129,4.901001046012688,3.575234959883616,2.813152653853967,3.9189017130629478,4.827530899539141,3.6184523172258842,4.178767887202158,1.9401958783984685,4.166609810851155,1.4576460312165274,4.4064982910963675,2.29163233132919,3.4214179628615424,2.194712929731702,2.263069711380025,2.3872161749180236,3.7876345136441043,1.4933698376885576,3.5081455174639316,1.4410862874785462,3.5024406669047172,1.713902635783873,3.6911524723910474,1.4390422739225657,3.0459465063699427,1.5630782391008347,1.9448152942130656,1.91057328097727,3.555455867091345,1.4376098704597273,3.4927969649618857,1.4378360789190892,3.500288043434507,1.4148544907328466,3.62606025859259,1.4231173778042263,4.088487907085828,2.3561776615909182,2.4157609302775858,1.7062307125463525,4.22356973883887,2.375257655959855,3.7953055107655467,1.5525494269267066,3.72003192564634,1.404122192110916,3.9249164502845,1.663823448323216,4.594764111489208,2.1766175951670483,2.5826977319539144,1.9756823896722802,4.62595005659667,2.233127897751793,4.120636557419038,1.6855438341567035,3.9732406266525007,1.4325096319375685,4.323622012097304,1.9206974246709112,4.185889248530839,1.5370760045356076,4.2438653417532946,1.5450155251657296,4.251223611145511,1.5123698188837602,4.448438396993952,2.0281731257009556,4.554124745674329,1.9757797817820366,4.341179891228896,1.8527312672512983,4.500251631590549,3.192398982445293,4.431022843772584,2.491161478354497,4.578575360846635,3.0608635774217134,4.509856661407569,2.2284520098414236,4.456454325865364,2.2857776694862277,4.471429260705553,2.269755042408051,4.588027326519574,2.7290530733397818,4.521082691157796,1.8399153424461463,4.684357899801647,2.4300504016808127,4.428814550962518,2.1010536451316857,4.411037145665883,2.12411919232045,4.43093584719785,2.076662411034539,5.011594448743125,4.458568222483757,4.902731995630445,2.699998106332563,4.994310478117844,4.124883675114753,4.517204606458488,2.358377533829746,4.546425096192704,2.4326427101766788,4.631146949553559,2.569618997676035,1.7648854961269103,1.8686876554985332,1.6963929402809776,1.4212556509541554,2.1670063979651992,1.857115015653588,3.28067162167287,1.4161319312717275,3.3896562603824227,1.3806216984125848,2.902044628598096,1.903095889198964,1.5099188913279793,3.650104328707218,1.6413938806311494,2.17068027422253,1.6105703647079719,3.8443808291299835,3.238148900333739,1.3782714735295902,3.389845845740463,1.3394433138613464,2.8484958901615576,2.233993090178266,3.2631256117992526,1.390358119552464,2.723578874489938,1.3923447223942016,3.560586873874102,1.4064708417009657,3.643605044558917,1.4290577950610988,3.756724913817613,1.4266787759758208,3.762980724276582,1.4302874887858543,4.116320168903967,1.8882920484495194,3.760276368546969,1.6054168969777713,3.9857975866194506,1.7066972061887964,3.9655089402290336,1.4829345253010258,4.104861550779788,1.4610591227809044,4.198345101238921,1.4509718528653914,1.79850291470068,1.8401062560120784,1.7833822404132642,1.4067459698799125,2.136757485918096,1.671153593816753,3.2204042715156307,1.3941465682768657,3.295534133895535,1.3741909673469723,2.906846354049039,1.9001355906893513,1.8597901266388432,3.87542479708541,1.9450078381965612,2.1874698200378964,1.7346844396604537,3.8293059491376047,3.259341217003137,1.4009119176639926,3.35409595715823,1.4191552315759426,2.853223529373187,2.36069504289988,3.2039038275598073,1.3986693737490954,2.7464496650223196,1.5035574430573004,3.5800677288543477,1.4074159704115083,3.661184812316743,1.449315571252989,3.7442698031576773,1.4267234829526023,3.7219954973065907,1.4028636411372064,4.04229117556184,1.4158446146229957,3.659221666080459,1.866154226990179,3.8441734238437535,1.8849755729234274,4.027424412037413,1.52023596558281,4.111496715959318,1.471958789080803,4.010045726094682,1.4321771569967923,2.154526123227002,1.886152241514406,2.065104972088519,1.4154577941845126,2.5402906995574783,1.8651334100172094,3.4494802133793794,1.6594340106081118,3.4847987880419242,1.361463909321061,3.263438984748871,1.8625584374083357,2.2886214957001854,3.9389124894996557,2.4031610658198046,2.47084910431724,2.282610681727245,3.938890770508392,3.5172502167756328,1.0668341101257544,3.556375429317697,1.365051561219512,3.369110911674359,2.193016441113183,3.516165208182069,1.4194558145276375,2.9128616054732372,1.4506149786902014,3.8568427393746734,1.4062202489351843,3.780269801922938,1.5055389044679715,3.8768206079249365,1.4157987261364287,3.8204329774206847,1.4138070387370287,4.390861795841363,1.7391304035420685,3.8893214286260607,1.9013993141665966,4.360603040088067,1.89045157293441,4.108022356164533,1.5864455705960245,4.150345287795007,1.4922537987502134,4.249416930370951,1.49260802120032
9_4,3.9985745000106787,1.462014094492545,3.617064236116339,1.4463316102419455,4.079578893477291,1.4500821889707058,3.85273181369996,1.6595999195827003,3.8184510738699555,1.4633324457023635,3.932173450429723,1.4582122052332678,3.4579598187834604,2.1348374371265066,3.218669047284066,1.9813549869083447,3.54646707260775,2.090641032908745,3.7109008304048263,1.6075826419451589,3.6876299004288557,1.4869757007539783,3.8084717693842314,1.4536735544348331,4.606545332061927,1.513265603632161,4.128930433322649,1.4524824217024437,4.663577439698992,1.5808443959060898,3.999581215066842,2.069056173015295,4.04257628623012,1.865751317795095,4.239716497081447,1.580776837007983,5.006916156732522,3.279849858087451,4.274049226528643,2.0609822172345815,4.916864044494161,2.3503980956384383,4.374651329738103,2.1628140977113945,4.278208978568736,1.8330941598436912,4.437978016747669,2.2745510706654457,4.745947967512805,2.90995240316972,4.112763284282553,1.4644052086753494,4.664440932145966,2.756319129246412,4.141008292785284,2.287445141543063,4.137409572373721,2.0351060039761038,4.26465524790001,2.310752547397956,4.576099409400073,1.4689610983390564,4.067150223701822,1.4608299635203852,4.66359682973091,1.4783150899970612,4.107530477026403,2.3253309116628396,4.1396323903741585,1.793631361182495,4.227885717705462,2.2379809598249714,4.903511249020764,3.5095114181117064,4.331529619939732,1.4415082904526115,4.888905762994899,3.357050793480172,4.249031288231063,2.3566174274546463,4.238709199961304,1.9265552048848198,4.3957179499273105,2.4848737261398957,5.131956262715164,3.283603923919338,4.384955962421218,1.4626355873327892,5.021391416220337,3.4037330718904513,4.498025015085547,2.434618712118323,4.346543199206171,2.088923684200366,4.556078698633128,2.612362039201523,4.555298187044627,3.0423910032939276,4.100931708277766,1.4645229963861508,4.718871988135342,2.697193200419086,4.12604081911951,2.3518263898866976,4.241211169416914,1.938322844391405,4.217846005491881,2.302067320401901,4.55970042582009,1.843377849245963,4.024482929832654,1.4602388062137168,4.4707745337658995,1.5301506965347036,4.008680022085962,2.2843307781560385,3.984913636732599,2.0235348466098415,4.264816512748463,2.1936577264622623,4.745186780424596,3.4177500975285047,4.286864583253458,1.4479051830026106,4.827257709789521,3.3987906526225995,4.306602757470643,2.3814435359179806,4.131963655021896,1.994275634874667,4.4165708980482705,2.5747416512621637,5.1113072823021115,3.300789627612857,4.514942428616631,2.064700096619188,4.993309437701693,3.4742378064430928,4.429405947899039,2.5295404704932962,4.537416524046937,2.0803002604250507,4.581122469370253,2.8213958159956443,4.735946750211357,3.033011064783842,4.193726373464935,1.4522779883791586,4.774061086501933,3.285283869070124,4.278870110297655,2.2730482830123058,4.2682831540636625,1.9472841262069946,4.354110582518366,2.5113118416187037,4.597038342295304,1.4994567232369709,4.0482819577151,2.0520221934222813,4.729019641688483,2.0584725930058285,4.126799127397535,2.264775567772316,4.038188207584874,1.8959787977099802,4.354647491587321,2.477809376009495,4.991722706020545,3.729587784350017,4.393769120919705,1.451229215142248,4.9253447248090545,3.4525883380012705,4.299957873808822,2.4450760270494425,4.238113244953088,2.1511010407817,4.4606602990615976,2.6326008804650565,5.132507806748557,3.3488487782654444,4.343745954983497,1.4895615062548662,5.050933174999273,3.858663354097453,4.509241150715909,2.752454310479312,4.415336872551274,2.120133308470632,4.5341226819222085,2.903232999600515,2.491564503186907,1.4316845377196634,1.7338935840894234,1.7326843406146888,2.7398467381317357,1.4542715941681923,3.408884580687932,1.458732375968838,3.34457451940476,1.4679242770847,3.3048370626691876,1.4642734860482434,1.4709719229003408,3.2046158187243647,1.9802027565402005,2.7932688110964348,1.7165921825748403,3.0719891224340237,3.3865812923685796,1.4496858568742557,3.4063471444055153,1.46712580493458,2.82721131743613,2.104141421399123,3.8596096261547204,1.4649961354800665,2.275788822569896,1.7484732253762059,4.076070729003129,1.462875913385626,3.819507113117595,1.5766017033598072,3.764598113835068,1.460757363120958,3.9127502861889307,1.4578707320793403,4.4783077162054825,3.7409956577768577,2.3479222622500524,2.121682916731343,4.447898477205617,4.267291275905399,4.184115736808774,1.9346007640627778,4.144760741210756,1.6138853984037265,4.405864121262794,2.302568624141588,3.7897081005550506,1.5200194062228856,2.1630605456288827,1.7924883978010115,3.9367146435282545,1.6806384476745737,3.8292505215156236,2.113745710157515,3.7768784064478997,1.9181848328418716,3.952516379562493,1.9676338156718527,3.0310057575814904,1.448824198962692,2.019709917517656,1.9232182058595797,3.7580823647698027,1.460425416350135,3.9173900419562995,1.9646174196448638,3.7664283323407006,1.8810286242398635,3.872426031320465,1.737729022802766,4.5321670949917054,2.7081509541536812,2.3364236195529173,1.6131810775013065,4.52753669445645,2.830590644472026,4.076506711075589,2.3511825416293703,3.963858461164994,1.4792239127885067,4.316359760217454,2.3034827162538227,4.8069298949940595,2.277367227451709,2.479296198908174,1.8402809933034192,4.9054296128891695,2.5353883191890256,4.293980523913372,2.530569509480102,4.278620009742584,1.845590087626442,4.474035706255514,2.40372485808215,4.390698326730864,2.615533988073716,2.664329139484882,1.6699991685769866,4.373170680884279,2.0225813250549765,4.073660105833386,2.2274934150045484,4.12595253062481,1.5943022293983902,4.24489001667828,2.3146751991141548,3.8267384390737798,1.5563451724575101,2.22337780799039,1.8883855728312071,4.2279426460890495,1.545556643761041,4.061399048426737,2.3265095503539466,4.104136192819223,2.1059732582031407,4.253464163409278,2.3224762215590973,4.719880773909644,3.3072934940021432,2.7394405126373327,1.4784941513898189,4.803975757349421,3.2390670198836937,4.329312877185853,2.4682952662161037,4.257437007739504,1.9401729650682251,4.407549650211494,2.5097664786834266,4.996862434368964,3.3830529611823823,2.510990505381872,1.9244466119310744,5.008993153043001,3.7467745971885056,4.486480398291843,2.630059427308894,4.429093167903925,1.7488280699893635,4.566934186952337,2.7742432203946636,3.788620663480437,1.4690216819686224,2.064847973788158,1.4890258395265459,4.168470621144384,1.533235597817112,3.8635447615384737,2.021607308029273,3.7989883741625614,1.4674240072860778,4.127465446217223,2.1287992473553916,3.3278549009468317,1.4560275697871767,1.6432259793655963,1.7595617795524612,3.811245318931921,1.4639549227031468,3.864465864832081,1.9467374177059598,3.8209660375525005,1.5854262234930356,4.015382174937697,1.8394110468644032,4.636553533736796,2.6472766767727016,2.2742669766674153,1.4973891646450352,4.671867117073908,2.74653133709778,4.133262222730467,2.2523334327254396,4.003840347943394,1.5658450884950985,4.249611710966231,2.193726165238508,4.951188378241717,2.2087210698204682,2.321956112611477,2.0046874119901053,4.877204683459728,2.360249057527753,4.351486310632529,2.4325120539676224,4.261892011703863,1.5282769297384928,4.44647726808848,2.5007747876610966,4.452117765795113,1.5111180599655,4.345065084623949,1.5482992516606062,4.268018417094059,1.4747093870822416,4.266878743797504,1.997181856396486,4.2825981016078885,2.1209891428918306,4.176795746318852,1.7937941393521708,4.529679466007791,3.4725515765653707,4.488812508329476,2.630366470556271,4.530087275930162,3.3366116793402507,4.244635363904668,2.2538199450456666,4.255392107241263,2.498340445802568,4.292838776020384,2.4342449526684904,4.798530153224867,3.24516737520764,4.614126166907397,1.8364044311119752,4.747510334819415,2.6630627863599976,4.219939874558423,2.2342695802542876,4.398231092143449,2.2521105300644764,4.443112171832858,2.287913277158809,5.07834389026366,4.612074963154432,4.8325448542171205,2.930059259977391,5.039908560967717,4.462277707668172,4.473882412405817,2.5956965447959703,4.492723214033073,2.625527058836106,4.618989867927361,2.8476949814456898,1.8534732364919786,1.552476471248907,1.74179525614152,1.459247854430911,2.2842744010414924,1.4592162489611018,3.2098638492110374,1.4388096798178613,3.485868513980994,1.4565607179060094,3.0433564540210547,1.511662475701744,1.4741360990620742,2.7464038860558904,1.5181771385574692,1.9453094749478643,1.541778441375724,2.758478741471979,3.2647293868520655,1.4663833008525526,3.4536134285205113,1.4529753148955142,2.9056440425193153,2.061737283590706,3.7074383823082755,1.4502189705739323,2.839517072108013,1.4376525573436814,4.026110063187424,1.4541827516070633,3.8040116129666877,1.5235268565945894,3.8602349498132815,1.4666146850993536,3.920527123702201,1.454072297314753,4.346806871902244,1.4631173724398079,3.745188185295456,1.726405558164594,3.931475228167417,1.4518055985672689,4.125404372770907,1.8304270823086823,4.135712747856933,1.6551235055623437,4.1347121108426945,1.4832949636738104,1.9210250038343157,1.8938207788642671,1.835124594163941,1.4373371336114726,2.2402916533147934,1.4636452175928987,3.299829432481193,1.4569525426283678,3.4463753981573095,1.444370716451116,3.06920766525828,1.6091308818565018,1.4525346931428023,2.862057692019213,1.493942215012895,2.1171815458194403,1.5201332598843171,2.9132131839562696,3.3068809211415457,1.455923284267224,3.4067533737711346,1.4580797317942085,2.796948642407539,2.0000517947203766,3.6474215438185333,1.4187361067150401,2.931636297745076,1.4575251986055857,3.9731415574646958,1.4551361884711131,3.7499531195545543,1.524502660986737,3.8329978669603766,1.4557788747474223,3.8254467031674255,1.4591244125819938,4.403153522574408,1.4503964032671353,3.6956594851288838,1.4683522345012774,3.915599635897298,1.445023143600019,4.167932802776424,1.8279126640723864,4.2980135396340255,1.6136090467755175,4.014879626591886,1.5187174835151338,2.3218392577891236,1.4989313532840296,2.0199910922978606,1.4575353642875124,2.6862002179293913,1.459269994035329,3.3881420697376394,1.4724745822100478,3.5478021439149554,1.462594634266125,3.2865925996902785,1.4972673892356494,1.7187753582154774,2.4775203327028756,1.8637650157805956,2.005783319444298,2.063116010328895,2.828095509608437,3.3310979136112078,1.465332754332609,3.4535392752784073,1.5374841966872173,3.2144454059581262,1.6807832438595456,3.9013093729577903,1.4271832768753856,2.969285725042595,1.4553548342232943,4.117465403463179,1.4523442895970944,3.72425849729557,1.516084325861761,3.8509347195047785,1.515360241888562,3.9672853739184513,1.4919810305119574,4.492060687277348,1.4413659204379592,3.8080495394716305,1.6605567667530023,4.344875915520414,1.7405515423450941,4.249465358085417,1.8684290769581746,4.190839622626868,1.6752988896998802,4.308009590494797,1.496707483760545
10_4,5.8909802555558235,5.449883962062089,5.931305874704205,4.655622278623318,5.801501678541825,4.738695398817756,5.651067645723943,5.382211631800233,5.705337054172151,5.256284458719651,5.682456334467367,4.747354227672276,5.9989642465590265,5.096213408054018,5.972426211383877,4.788374039780854,5.761078999947265,4.7106399462718995,5.715658676741257,5.283655327896067,5.585915936517123,5.1915461303218615,5.71771586081074,4.822813750102315,6.027828584918019,5.676078373133579,6.057834259096737,4.707504782778901,6.019291298921934,5.180860052213162,5.723189560914586,5.408100752368012,5.767330169292917,5.3185921184628455,5.72980858152447,5.056525783509291,6.230659133717095,5.8642180769687,6.0986599976405955,4.89226295125584,6.046255329643518,5.3307387291024355,5.772410588187088,5.457497015899556,5.832890480665414,5.415234876291538,5.846311332550623,5.382831222421777,6.0733324697244875,5.752517760845078,6.0489590534462945,4.640952574543329,5.9446230503530355,5.3325581791302135,5.75890766747364,5.439731137099571,5.763164510039063,5.421761662278075,5.7436950994578915,5.263075786208541,6.073746248063513,5.714378263093342,6.09238421078752,4.785300860252397,5.97256013332144,5.0830715942333144,5.781607141786246,5.365509623549355,5.713864213942895,5.3616567008285845,5.7370271670977955,5.193594134138347,6.181910620582034,5.817089190832987,6.1542398606316,4.646050782190681,6.032190905450182,5.5247983790452375,5.698441998728819,5.341335060427959,5.741870063071317,5.443028760554485,5.696154483240443,5.422701129233471,6.255902319795754,5.99944940542396,6.169317109547411,4.762051691267519,6.063063136045284,5.678533530907849,5.830790901043162,5.515109226235449,5.871414724676501,5.451442236109166,5.870792679147688,5.398218987240369,6.028019290481578,5.728354227461681,6.036964396923686,5.017914279922123,5.828818732300692,5.283397063723405,5.727292248319478,5.377348913475629,5.642551692020651,5.437653768701521,5.704327626654046,5.203073245048301,6.073775765601487,5.66921084990352,6.12204527672619,4.7073875918837755,5.945673380298361,5.056556412831913,5.688642311265692,5.460039871500993,5.798025060411751,5.229486164218318,5.709011077052223,5.012261898675447,6.123999747723588,5.835442816553321,6.043363556378794,4.520540281089383,6.007039950474437,5.476093238663279,5.79491995751192,5.509929189275652,5.774329820688254,5.338838871520573,5.805369789434932,5.315467617083224,6.210065771595344,5.948268049701043,6.140966532637396,5.241859555674613,6.083943139291928,5.647041727107992,5.7778414562321325,5.4840592967035136,5.795367415555865,5.355512351428323,5.8990982667063845,5.464641548917864,6.13875242187931,5.891414628365191,6.029058536215186,4.790524380934877,6.018713454366125,5.463848960645169,5.677285763790375,5.473247998054622,5.6778715536426185,5.396030836337448,5.797739855969304,5.2163895564189025,6.123049218102954,5.873256698176644,6.091414247159666,4.9194919829325965,6.042247915861486,5.2569437089049,5.760025309290101,5.394775916481681,5.725008903118822,5.439239841888862,5.8094710971573695,5.301816517311661,6.125271257851204,5.923331371330362,6.072338729131195,4.895085478750769,6.053384838576438,5.528323269215173,5.748401700377917,5.348528239993461,5.8044584385711655,5.379027102625885,5.768815464560047,5.472100116212905,6.232410971104312,6.124578543071034,6.198124936309131,5.069230007509186,6.127698544466059,5.656003700684228,5.83497201746509,5.4901021027093435,5.799048655416338,5.309647592354712,5.801434975540643,5.411548422790014,5.361725019863346,4.646692002369816,5.22674467103311,4.55802216820098,5.136371428619483,4.482562763026461,5.614065280065672,5.229158052427131,5.625188820649814,4.440070800605056,5.394731639482555,4.707460039749281,5.343650384304729,5.0392450790106835,4.970376532963482,5.192221642444512,4.82936688103727,4.992296201012714,5.500388697248017,5.241085023688944,5.633518968240561,5.143658657616729,5.158413615926541,4.660864291405759,5.661528400473328,5.1297839290603795,5.477803469547119,4.528322566277532,5.644474438570122,4.6827501665639195,5.604949284898578,5.365386587766452,5.5750518363501325,5.019254772756356,5.664834765959694,4.5336469992295045,6.054449112126016,5.5961342802082195,5.7837302808912545,4.990186194204277,5.7697359325431155,5.657435662012465,5.718545829283224,5.487721711390655,5.776529330408115,4.803390598580328,5.76071625562423,5.20628502784283,5.680926841055668,5.22228799351968,5.418364837844027,4.809891278449289,5.4397751977611675,4.884993003249126,5.7416017312463,5.341460395444129,5.638090797249181,5.121776574661697,5.670623388158156,4.9309666809986625,5.593968789747903,5.169662701365578,5.330794032700664,4.821183340033222,5.547257643404529,4.806372985581516,5.618636241167425,5.367616487437064,5.722833885374212,4.841692291023204,5.660890898403687,4.821642374861505,5.778103328035261,5.474925419073315,5.743421592046476,4.739637967704108,5.834910623416648,5.276310953656853,5.740536011010691,5.417112686587622,5.748645703751018,4.489792846638855,5.690926065009761,5.208638798113957,6.108259076690838,5.602332717208509,5.738917669692005,4.791012826416468,5.955344733991271,5.358407775629761,5.73018205508595,5.5262091015478,5.773589680521222,5.3199667364007555,5.842368588523912,5.336117935826859,5.761156711744209,5.410430802965195,5.440870839506168,4.761002831270994,5.590140087275157,5.172157222402446,5.715182824496648,5.3820686905086905,5.636250778596625,4.963298065413377,5.67714173540383,5.082458573582482,5.674902093786459,5.250137882879862,5.373415123010508,4.989254743883471,5.587936119960617,4.7408924491918585,5.648905557618432,5.303793462352445,5.672136523074134,5.27142895188831,5.705950396612181,5.111214176126259,5.9192276103775825,5.542849762133269,5.574794551032474,4.475426303941701,5.810947088901916,5.3153015181673755,5.796062255577618,5.35706218318907,5.719804501676217,5.233402586020007,5.721930231202449,5.325120328064037,6.066781678807998,5.617620284439408,5.74819340583852,5.002593143232756,6.004360864143016,5.473756113918454,5.818592923139543,5.4613830292316745,5.783760853358081,5.184453284113799,5.854507297023143,5.437705974700719,5.823531947797712,5.278820409234125,5.466850816686234,4.444087369219887,5.686409615966569,4.986674835920973,5.646971542786091,5.418020925532848,5.667296136104328,4.774003148315391,5.683704863980875,4.9785100524668,5.831905979719556,5.098552193383131,5.5202301023881475,4.763232373678992,5.589641281286906,4.556814109886289,5.704436808002554,5.322176021899117,5.6529214205650495,5.026198531900845,5.686194966652394,4.682085556855356,5.921014431099627,5.530427589436412,5.632110292653632,4.58451650411009,5.806131206878013,5.255386234756767,5.744222511949588,5.390963599315818,5.713668382527872,5.31117373335231,5.728483734027605,5.1967601507539385,6.185421399793865,5.679338823740465,5.786675693216154,4.723028049148769,5.974549922994369,5.328118009784201,5.738377476176361,5.437345344476875,5.761749353453839,5.13710936201493,5.84736416618459,5.319419745877189,5.759972752571533,5.340231290527485,5.7005684332259605,4.258192039814052,5.6766322632785675,4.816518093279718,5.696570302553291,5.191553867652473,5.747173944841659,5.07448503859668,5.690336429050521,4.841496049827936,5.784329263962625,5.587537959029504,5.767020561480232,4.879119829981191,5.738694863340318,5.382758202637352,5.680008375454084,5.280741071160468,5.70701288817163,5.18675783590049,5.651701428951113,5.218205396852256,5.959799654251673,5.603131246833456,5.8719589765673215,4.661778963525765,5.8023952878119545,5.3715536249325995,5.6939738755756855,5.266328887071701,5.6874274148687185,5.00257985565334,5.771475532571836,5.193664437634643,6.069332997158546,5.94305327376929,6.032519234058768,5.082900620847409,6.018802573605567,5.790289152536536,5.868540073617004,5.49620980959114,5.777748945906696,5.25460507488373,5.885256839517264,5.570928435514361,5.405116765640519,4.34270397682701,5.107520209060739,4.0744309020132725,5.29664334304431,4.004883196777853,5.457504855947067,5.073791178526615,5.486502488444255,3.927928723566053,5.265400440776124,4.447008000739022,5.2365081739815,4.917750268018197,4.993444829276545,4.6032402974744215,4.892002681006433,5.0109203414385215,5.494164543162477,5.082984703682595,5.568610331186534,4.467619696485864,5.211384271575684,4.452894625815224,5.770454271624754,5.172539940655751,5.527798190318075,4.091993596165212,5.727880436692041,4.6347868987253795,5.635648817897238,5.159520663560529,5.650903564280282,4.233444428204307,5.69576711120046,4.481970398425675,6.010179302761628,4.735828922201135,5.792119655605539,4.446272199406002,5.801092064672053,4.4204028184288955,5.7142313110299465,5.35398740291972,5.729908685947627,4.569337059454832,5.692895889761897,4.7011726171165185,5.314426809866017,4.261935420334976,5.054824716419118,4.277001440404192,5.081654373364292,4.0448755115342285,5.436501912200221,5.025247745349092,5.472915294083281,4.122922360108132,5.295602572887847,4.32042767899568,5.014969749603423,4.986731660127368,4.803820321477277,4.637412595201859,4.740038049533955,5.1038953801955005,5.526333458452402,5.039415354219561,5.489819042939214,4.4932840300882235,5.212943396036068,4.4045938329220995,5.678876701211615,5.093220555652944,5.519313811288566,3.948834316803854,5.637418035634555,4.5354590070366445,5.636340166347577,5.178306941756546,5.612572706468167,4.308902510906944,5.585694502448896,4.567113760010385,5.8989419582505835,4.6163485081457685,5.717994035481166,4.253640938088053,5.693061533356221,4.232247657525337,5.669981981066155,5.365444475910893,5.795418429714271,4.5423056162112285,5.549088283708181,4.827591037739034,5.513122560755038,4.582304967809764,5.238055492113439,4.310344941900133,5.440978864886721,4.187687279283631,5.594270749211525,5.109733795318397,5.589328236499329,4.319696961610563,5.488762093854797,4.437365433061264,5.465892254406219,4.607545362304156,5.141183447845516,4.84582542629937,5.178926154385876,4.77170440534916,5.532922392710264,5.0762500564813635,5.553037246189755,4.6416156099653705,5.454221218470245,4.557847415236839,5.809977513209005,5.316732098976651,5.598931904025862,4.29698117530882,5.789839967706338,4.827105107550196,5.629205481625174,5.240748938609822,5.586901933229457,4.939457268290249,5.658401915227182,4.725799020551437,6.03907272243709,5.146155189660396,5.838765799245117,4.340540581052521,5.935065879734393,4.6956607157955705,5.715286532085199,5.322911997462878,5.806592783874965,4.8755681061135565,5.789742612926011,4.886145639549135
11_4,2.4571527700951195,2.5526069234651736,2.5022622081122976,2.4841752850160312,2.4707331584303414,2.386653443197066,2.3404754825665948,2.4478142650166674,2.3534241091609394,2.430256914266603,2.4029329704408386,2.2052877041545176,2.4844938939201566,2.464596591459959,2.5106421878762837,2.4265394820693422,2.430766900926383,2.2298730335721775,2.3931699670430597,2.4567384817762656,2.385344726981731,2.409889245717538,2.3419030289584137,2.149464146003065,2.5455938242181766,2.540512443145511,2.5569101968824066,2.596327489467011,2.518628559503846,2.494981746746823,2.4327311958586484,2.4515332240996637,2.3955318229475098,2.440714730196417,2.4275596151761776,2.3634709714057354,2.6321290461444717,2.6499014147068176,2.5947901845299604,2.5489502999623648,2.605245561247802,2.505002586740898,2.4118579377107525,2.4228694450965573,2.437379160347633,2.449542653260032,2.4387837939620245,2.42022402980735,2.530023330944989,2.5100797752818504,2.557337375845392,2.6110803816007726,2.530499047261618,2.5058930196204248,2.3900517028992723,2.4319285464002194,2.4036001418732598,2.414238592235231,2.4058055015996707,2.3794667117330297,2.5267245427486205,2.484480505261005,2.5287085578427173,2.4620422718573174,2.472666855509358,2.4157632733664927,2.420368971675202,2.425942535566823,2.426635623773403,2.416072052761815,2.3947517507696388,2.341906603718185,2.5734098143513475,2.569309257070099,2.5239830404554375,2.5412195451026904,2.5524640785151913,2.5846564833832564,2.3923686847653944,2.409421848746305,2.4165481266972884,2.4493834066699054,2.3840444096159352,2.4631004871063924,2.5869187964201927,2.471457949598775,2.603131941230263,2.580786253269575,2.6025968256121064,2.588415241366411,2.432983029706295,2.497651819000628,2.453184025144867,2.4256926713359195,2.4234623340144097,2.4645305752262967,2.5196388082164725,2.5443626919726268,2.5302122057077687,2.5394562212504432,2.5056683822017236,2.5509276845377387,2.4067158021098343,2.452931385523566,2.3829950672987223,2.4288865374827706,2.4204548982474026,2.373638525842907,2.539134949462173,2.485495656669437,2.5274030917733,2.5278307516494114,2.4919153019871083,2.4294236304990973,2.4056670270268348,2.438065262129792,2.3780274884474397,2.3817328535019207,2.3894774391913094,2.3696421000111902,2.5572400105969786,2.5882362313945686,2.540542715249539,2.5812186914771695,2.5207094229665765,2.5756276762785593,2.388396030710761,2.433721668785948,2.434349526757851,2.462427135145266,2.3869138757633572,2.4084313502245576,2.6220462517276673,2.609575885685826,2.632011186105707,2.598145021131409,2.5795318610249818,2.6086653219511344,2.4167492591167994,2.4286058255216183,2.406365763064087,2.433798720066218,2.4491193406951495,2.509261398025556,2.5397486882776303,2.6000519451794806,2.5218609286955687,2.52872219865355,2.496430481596196,2.5523804173161455,2.423667822402623,2.3849685778966343,2.383471948399303,2.44363139086043,2.418590190003552,2.4252142299602215,2.5373245223767413,2.4880474492501814,2.5607762534771896,2.5946426695286267,2.522257065148756,2.456045849925534,2.424441567340498,2.4559292811782987,2.406172506396185,2.435708052326615,2.443626700656611,2.389848295441125,2.5840586272280492,2.576785246288226,2.5238729663822013,2.492906826329855,2.5684817621141263,2.5514280957422466,2.4241627341505785,2.436932019172047,2.3937115815349643,2.418112426903643,2.400870276682994,2.4508912597520607,2.6024325251160882,2.609990743217239,2.599864296620843,2.6113614824027187,2.5766368758061637,2.6098696331967344,2.4269831663086037,2.445859732742096,2.3955343855943876,2.431709339792755,2.4344568792136116,2.4648287318194124,2.418539913549366,2.5429053073932026,2.399327424615369,2.374969694283928,2.434932978086523,2.403471557039249,2.341228346513359,2.4217267042864457,2.3445406706401064,2.3991404198344393,2.350192526963791,2.12258686345922,2.281774875028817,2.404562945421103,2.3424371902273924,2.426141777301369,2.2731138693490345,2.275390886994247,2.3542372107271987,2.404127323395641,2.3409199867273265,2.337824188626382,2.1862397514944507,2.1390810697504943,2.5085221163134013,2.5754436812874117,2.4897671098733225,2.4793854101265485,2.510228473753869,2.4549363511388655,2.36014183707649,2.388948256692921,2.332396162814143,2.425270688026044,2.391619301386485,2.2259537170498858,2.5664229629512985,2.59717291701792,2.4758177837392057,2.511167978144053,2.5263500048552476,2.6251580791826745,2.359065821098875,2.427495673174649,2.368130033708553,2.422603785400646,2.4070455696452733,2.495048243526137,2.439721225401733,2.641226048294292,2.511838147659719,2.537053047175619,2.517582842344613,2.5408750661712998,2.4042196438404297,2.407892052120729,2.38075514962199,2.3791652248925064,2.373477404432293,2.316464044220077,2.469662967792037,2.430808047971754,2.489183075371741,2.4654796495414697,2.4251285478127187,2.3709306010760343,2.3558805392303213,2.4672844349533176,2.3830951183264197,2.4597459678016556,2.3275175215821435,2.3114721155822893,2.5634171408292077,2.626662258305844,2.5263322278474085,2.5467562987275496,2.5216645513601588,2.5743724076959578,2.403705832993041,2.4001566714498526,2.380141375107659,2.4179633645381813,2.3847389930443192,2.3484408353799635,2.55644639047479,2.574799755188702,2.5559792877212857,2.557409140444115,2.5918238179766506,2.573952077840138,2.416587821310124,2.4275064225798886,2.44970888490759,2.4558450046802704,2.430254656814747,2.4050035536506558,2.4939543627739686,2.657355828581425,2.5397900277290515,2.6103827142830953,2.568017395988469,2.622281248262507,2.390689554641813,2.411739524031301,2.401963953243401,2.4786351932602475,2.4122965402801713,2.4577897947286798,2.5224213889651512,2.540417083146295,2.541925111526832,2.529877848955177,2.5202547605190873,2.5558271036210636,2.3884694050322555,2.427100025563842,2.3701678071912826,2.4375437152764783,2.4306540418417972,2.398459244363407,2.567757454012021,2.594953297937947,2.5281688318073687,2.63018264830402,2.543547042720706,2.552921805644662,2.425845027689024,2.4355148594253992,2.414498915924902,2.4492768321686484,2.448461160833513,2.517180567685077,2.607476801092733,2.59533211343691,2.5135997854731515,2.6436431434306247,2.5982697109219566,2.6369443177958045,2.420335741675094,2.4885989501736563,2.4273894080645477,2.4785816180802875,2.4553978696308203,2.476720693152129,2.5431174802571297,2.5535701624161353,2.4846486208035716,2.574240400541701,2.463561932675208,2.475465232715311,2.3888769738566737,2.4055659803655765,2.3764905375285537,2.4344277325927073,2.4326855878466604,2.3502467073796827,2.458799586031564,2.426185227294581,2.380231360555522,2.426236488478088,2.442184182155389,2.3059412200619165,2.3656147725169587,2.4186576338305685,2.395412624603516,2.409886061340137,2.36299063280163,2.2401443664638148,2.537884782705527,2.5640179889111834,2.5351653006656436,2.582579894499915,2.49570534140223,2.5017132486682447,2.3607870757174942,2.4255511525411397,2.381447271890881,2.4450241023042256,2.395485731306786,2.437931013205011,2.5663287375365584,2.5545303095542082,2.555101256544189,2.534761962888007,2.60701475637822,2.485046278171473,2.391652099221093,2.4541753702795446,2.405524923987077,2.4389180277950597,2.4282935046154597,2.350166242941061,2.457994999553931,2.4394903857196386,2.446883181200111,2.2794826771471817,2.4143068005107264,2.2655646861644922,2.325580662223373,2.425527967678966,2.4038094946101194,2.3452991524886975,2.340930857745704,2.237241316649418,2.451839094521669,2.5035955344350094,2.4804076730035254,2.476377200358346,2.459719599498264,2.406255222504053,2.3702571554689706,2.4596183009663677,2.3852207051386687,2.418317931346359,2.3963272981677832,2.445180552188234,2.5396129539900048,2.5181664704647706,2.494412648846891,2.427655832266432,2.501343332835487,2.4644890036581155,2.385160002534315,2.4654791548132122,2.400098797420491,2.458913222776702,2.3808921427405316,2.405219418824293,2.5925441108858713,2.6100042456842556,2.557217398343884,2.557120125119227,2.532422297626494,2.6144337391921098,2.398825596545176,2.4153459082733066,2.377217916932662,2.450174238026139,2.4437670080788774,2.4859647703142267,2.317879917497395,2.374591936233972,2.2412114836295607,2.067128147986991,2.2968014258748477,2.179010125359469,2.2934781012158143,2.3974381609743816,2.297523185168289,2.0225719377867097,2.258814027079511,2.13047531802272,2.268923879001069,2.2400140073631767,2.280195942885189,2.1431412806278427,2.1633727074547333,2.082554030482638,2.3594846050217906,2.3167245130384315,2.3334255890966147,2.1370649753688635,2.2416446598192064,2.084090560675503,2.4256314104192493,2.3933274251613645,2.3563362169048037,2.2382457345235403,2.4570282475408733,2.2814393935719193,2.3496196162521072,2.4096189417589158,2.336242746408071,2.2377091364959942,2.3679382350087157,2.1206862323675373,2.5202589787992924,2.5168071611735994,2.5038618302159192,2.1670434716866156,2.4981246543950277,2.170581925957369,2.4232993190850833,2.4112614170646123,2.349921096611328,2.441797031164685,2.3800974860415223,2.0913976133178585,2.3559058725123747,2.333770411030085,2.257443611116873,2.2687849389766113,2.283347684735608,2.1838216255043075,2.3383810766299824,2.3774815218113607,2.3312368656688975,2.035205364589592,2.2440092335630797,1.9958382474330534,2.2734482247530665,2.2228395981047333,2.281184437760209,2.196825328396217,2.0812162883828758,2.1101537528480203,2.325299490286868,2.3516493200391264,2.2946956242637566,2.149231316504749,2.1600834512404496,2.06089102318385,2.428596423271413,2.430215633153573,2.3995076097777344,2.2486159390415486,2.4390923140892307,2.3313356484289294,2.3437601121581095,2.3982210377791255,2.3962660827014512,2.255669770895232,2.369115632400107,2.1898661359125637,2.4883658116856813,2.497884419606031,2.479346633740338,2.299466269884558,2.471323598574695,2.1000963466401172,2.3901545063492295,2.5032304383028254,2.3727542569576237,2.426520665874458,2.3235217908968098,2.1723532579566163,2.3121372479126805,2.352909992110394,2.3108293879598856,2.113130484517406,2.3147936393212567,2.162345176757991,2.320454690190328,2.3486398880578583,2.334390828969961,2.1383000435053527,2.3512975964159817,2.1442224301310833,2.329452700202115,2.244036306142365,2.312634212888083,2.170451405650501,2.318343592217699,2.160012009400771,2.348559592468258,2.34786714525115,2.2954569211222347,2.208518126304249,2.3108843193599475,2.1235781754980616,2.4508369457033337,2.4246095976659467,2.479856459595271,2.255567103359512,2.427855882107255,2.3634702957848286,2.3610202082849803,2.3600733447601607,2.3696376386816285,2.3395735261788584,2.372355588923415,2.251414209716425,2.5321544485594596,2.4775547805112987,2.494683015333414,2.356418457814384,2.547654056211326,2.241755185254169,2.423082297226152,2.4007040675250586,2.384970667184362,2.360953826205386,2.411119954204062,2.2135424463874918
12_4,7.113587185223638,2.8775725790048847,7.039280736933994,1.6496598736804118,7.303890787765665,0.9354847682663893,7.541318836941316,2.918184011434452,7.576909093853585,2.896906202651539,7.523800567819421,1.7167658014534297,6.95747197150746,5.973081382820728,6.815178201717731,5.8007380061810645,7.150704099525192,5.852457010348308,7.522870704700205,2.0975210477682356,7.614903917968293,1.1481235347545924,7.527050666495983,0.7663807767499766,7.603386255289758,3.8372902600819057,7.347851405998126,1.0372284336021111,7.698006081603205,3.421785516225624,7.671889687022543,3.9924076234564962,7.674972272388437,3.340267217369678,7.719906660631155,3.736298604975449,8.042177261464484,7.34015294409211,7.727665021418907,3.2907739256101523,8.07240441045843,6.825849083654285,7.846304500877161,5.039480679876167,7.7924261329882665,3.983951718694859,7.9167702608680495,4.556523700135495,7.53187861657791,5.802739891918373,7.255175833097177,5.899569453712095,7.616937482403866,5.591871510802174,7.610772906043617,4.910404510332864,7.664585324447775,4.045214457325656,7.68420538517306,4.714499729027465,7.549674011408754,2.1944720236374953,7.340839725593424,1.3100515752958837,7.67254073487631,3.0808079177996626,7.615614540739454,4.710240279342311,7.653327760952148,3.4991411640995143,7.672876375756788,4.412797328374266,7.752004422544291,6.430701717401023,7.517423039769763,4.283397654703353,7.827711184429046,6.401494738138944,7.72341752171757,5.167833870914095,7.687999578727839,4.1840606722873215,7.774947622371493,5.188750085825444,8.061432729862622,6.4042581250431345,7.863516804207706,1.4564421239960312,8.111395191657317,6.680495253256669,7.803212668082659,5.440507026917913,7.814388794474971,4.693271362573638,7.876108597209919,5.722723522457036,7.539662376325781,6.296867483714306,7.336365573167228,6.211047931844732,7.5981490193697185,6.046444509601523,7.578642776134857,4.771786745091142,7.618776438089487,4.084214531466435,7.646046474665902,4.5680629741725065,7.450935641843147,2.1780070693705804,7.32250385732551,1.1847704636704204,7.611965102824806,2.680229531719418,7.555010004536732,4.54588131695545,7.583715907156929,3.0773174930555705,7.608242277838149,4.3316150470407875,7.756134258754732,6.554570493810626,7.505532513527564,5.68472368805424,7.830639659185407,6.2994492413253065,7.692712329130497,5.295229591593473,7.666079552581175,4.255554579538758,7.683937116541941,5.439250528288583,8.032575046141343,6.595488630035557,7.786054374255982,2.1464368899955555,8.046692727632117,6.6890814782197925,7.79987291265881,5.502199407707563,7.827471040675447,4.177124805070004,7.876806837488039,5.742030683425403,7.6380507392127726,6.149220182498104,7.4316481509126655,3.6973412674445183,7.762987441386475,6.008206518736729,7.601800804563335,5.020717036113696,7.638148628730656,4.4544004969115605,7.738562476002421,5.017028220209494,7.663801013657414,2.6186436571990335,7.383347427880251,3.854059296118434,7.765689241919709,4.117833402145328,7.642077581024126,4.760141576476695,7.7189817439836945,3.9039782961112497,7.753802962836726,4.603592365052695,7.851407360603749,6.537214413332718,7.595009922276344,1.467410471044741,7.888243070077978,6.51966848351241,7.7470619559393095,5.34788554790054,7.737181258429482,4.628261773951338,7.834607742482433,5.437830052694047,8.134787649804128,6.573153581023386,7.813525557196308,2.3669687161544526,8.100613337102441,6.731454829025609,7.848867516204227,5.597926422389242,7.869097791884867,4.6903587729601375,7.939572680839041,5.821077083587411,5.918386545931714,7.167799291080772,5.496115220631103,7.037527000446649,6.105415669466522,6.627681053652291,7.1896344346714285,1.2506531852779377,7.117133779223389,0.8594974729633743,6.898258356480535,1.3044423088552188,3.254968785721319,7.503131478822153,3.239220494486108,7.102476782140932,4.140099682060421,7.215951545545599,7.126003154489484,0.8787744752823167,7.059740586332189,1.6081191859342479,6.560669862857109,3.7449571533972676,6.993257970683068,4.640080697329705,5.8040883486954735,6.747000765369147,7.2610564171240615,3.9566878236651966,7.456173916666999,3.006898777440578,7.444314608572452,0.7801870310343461,7.427661620843765,2.2556529032051578,7.717646393233851,7.460940167185829,6.077921903043482,6.7729337364166415,7.80594882389419,7.933502143160196,7.729021900786324,5.1826050513239235,7.653108261002201,1.8587972027609923,7.818270268233991,5.088402481473913,6.82634120686191,6.825012627507741,5.732098432595304,7.221518981499156,7.172196499015762,5.901152430108557,7.362756474785614,3.8391387559933685,7.408237810440391,1.4880409700760673,7.400705466312464,3.3679573029742,6.429077350475893,6.636382593483692,4.283180425925684,5.908889419501064,6.902567791922639,5.786002159930414,7.395826591846599,4.095649206832973,7.41739129167801,1.9418670585328222,7.366632042638039,3.5518598170791345,7.499384872806545,6.678841028798554,6.127602222989969,6.577061186219636,7.606030037924913,6.203992912741883,7.59761205016433,4.880289746657167,7.50606727123331,1.8057310046668869,7.624775399564183,4.785873758913294,7.857725671508244,6.829920070792747,6.200588788860365,6.888534112634382,7.905957890418258,7.278967590519792,7.776125693641694,5.217388112221887,7.684085321661471,2.7482050651287278,7.825026996281844,5.7727167515938715,7.423950642378097,7.326369646229106,6.5998172693966195,7.214815859350577,7.554238161354332,7.186586798400235,7.574302375304607,4.528379866575748,7.579597820342781,3.233586690797004,7.623295336920234,4.450518236321227,7.085697138536441,6.586561478573984,5.693119206517373,6.416999409526878,7.379833305816696,6.630158536624233,7.59426971726922,4.717367343825014,7.559225636052403,2.583126509154155,7.5501872150433424,4.33844799904021,7.681579745958329,7.212816607145218,6.680720466371773,7.0196980402212334,7.807577389641581,6.7989916061621,7.657000847416786,5.2708438268220466,7.66385558009079,2.8386294809672616,7.771945485708182,5.242144220262607,8.041322961196547,7.4095475757805,6.874559237553327,7.262285219202645,8.043849430990251,7.54693249762429,7.772474595202398,5.600385081590728,7.752040647494156,3.557275605527775,7.9080764592661525,6.013792529934901,7.000884730973064,6.448579150541017,5.713045954968871,5.612480196199255,7.279615846384977,3.536534074767824,7.398898369390226,4.088909976248484,7.448400733790898,1.1353826892370718,7.464693911682364,3.53865170350727,6.607659161730873,0.9442251675138374,4.566319491794982,3.2588842447404707,7.114549629400352,1.0910645156678995,7.407902458022304,3.6704689371798964,7.416308322649754,1.7698737289675501,7.499395987649896,3.0649266347666098,7.509279135266182,6.089914627786116,5.997291972992223,5.284553405887434,7.6917195024376905,6.098918394604879,7.577997229865108,4.985196012634777,7.576984809948103,1.7581329847238285,7.685878076793428,4.8140634967527225,7.922344428900866,5.950641217319098,6.271177954239108,5.101438274907729,7.994814613471286,5.361966701512774,7.774218112471742,5.265942588424566,7.730334487750534,3.267819122789069,7.88758879194386,5.1019497738513735,7.7078963512235354,4.032185012039503,7.745956336260021,3.508511860574419,7.767766148480043,3.679791016171043,7.879043045739011,5.313314337904652,7.91086127864257,5.303119849780544,7.858816344585048,4.785285987556773,7.895058003788561,6.643757382888831,7.890326108029434,6.088419979043501,7.906074610846659,6.706506619734401,7.892721787135178,5.8777453588635975,7.961400505553341,5.9138062080310325,7.974026930850211,5.9753633411699525,7.938678516038755,6.3049106393562715,7.920587360222545,4.683606331456732,7.961710396200585,5.888524062013231,7.922277727478546,5.431575784045332,7.993026617677487,5.516115848177927,7.944094657256883,5.338245707395743,8.213661152516382,7.791223958305919,8.126257159796753,6.345857132855876,8.265784113002843,7.646372084025211,7.988804255092042,6.161437782704612,8.035059107741885,6.0697018943479515,8.049854608922137,6.416346766510166,5.159278458629591,1.2015159333297099,5.079492659675686,1.0560112637958903,5.6815175029802285,0.7270900958568045,7.286225207761363,1.5761054597725508,7.318644384236628,0.8164493167008363,6.83034154911116,2.457111752239789,3.8487136849286725,7.4696834150893965,4.325766928594544,3.0703198820146205,4.48651917157496,7.306757320298775,7.272485102702394,2.133818362062023,7.359753100817231,1.2084582147109733,6.889526722953726,6.0874793200572155,6.964272079153464,0.3295679127899752,6.544609998466966,0.41774622400287365,7.193697538784857,1.0816539041273772,7.484395238094702,3.422654755086578,7.5311865128925755,2.5906162780202333,7.521810951748548,2.265240485206514,7.729786228565506,0.8801452046534886,7.398746195092955,0.9335425835357153,7.679456288271064,1.1976359940187913,7.722781247958497,4.419259576042441,7.8231360179967195,4.256113067258942,7.804497139970057,3.4055348548731943,5.043504880903517,2.6528937050952153,5.144280461533798,1.3311490666777113,5.743997977183515,1.3167497851184586,7.204085400465812,1.215077420899397,7.335740308406229,1.1027122940351006,6.815744662488665,2.10074692803786,3.446596737749814,7.362918761147528,4.099042209646298,3.61371801263603,4.075943761633993,7.390585094582881,7.226355874990559,2.173484798356178,7.328865207802757,1.0933815595997223,6.785488524729066,5.946448939467563,6.9106919577491475,0.7195548924604735,6.529857117389404,0.28019885253818944,7.171199052795554,0.778566300293361,7.497132193686359,3.427532463308079,7.583226518179133,2.71295262841281,7.489472944121769,1.9186656190162978,7.637805708028665,1.0405359710273545,7.352197896896459,1.1559175439078517,7.654531759696747,1.1025636335663391,7.835311672954935,4.360401514350142,7.787280846995535,4.265212670773359,7.750589699442069,3.305280436781327,5.657232495808947,2.028436740036414,5.616271203814364,0.9907800569185456,6.200693310674701,0.28297927572027387,7.364630213497648,2.2148393674154323,7.495153795199279,1.116059071345919,7.2681384909226185,2.5846917651824026,5.779586660630422,7.413370937156054,5.938757720640595,5.261028332076326,5.863798661898124,7.39619769528351,7.483341631448858,4.7614693893605295,7.515348655437957,1.8287634525971526,7.245331461018795,5.965980939753844,7.098677030852819,-0.046143893541764694,6.769129591678161,0.3091798071281795,7.436570842274634,0.748482024083956,7.616746647867964,3.638311531429298,7.6822801174694515,3.379143470154388,7.613933918020581,2.4196616455191235,7.7855003178414215,1.5407898408125151,7.628336898602518,2.2021604343338645,7.9305560102386545,1.9275599057311004,7.772898746462764,4.540336710910123,7.822857809962706,4.369413600584763,7.911340025092503,3.638948463782563
13_4,2.909857227947544,2.0985722877649575,2.8464401708745894,1.026098349062327,2.9158639905891492,0.9161481700195873,2.968642294915069,1.4474122900362552,2.9640064914141573,1.5496531576104695,2.9910723737215905,1.1949880874158183,2.806364107441139,2.2611931889992807,2.7734745197507866,2.131386697720676,2.849277602113748,2.5158271439259097,2.945369019315856,1.5303674837245562,2.975055436490523,1.4566447868875487,2.944555969103806,1.3801752074378173,3.0465611793357543,1.6735009449333285,2.9688977950714013,0.48157869364793404,3.076512500931806,1.5012878796898046,3.0299364441830594,1.966659766825568,3.029225929612672,1.644457939559681,3.0397380568954913,1.6960849154876165,3.2259334283855896,2.770950587435444,3.1001050793286455,1.4086787648468766,3.2409900594072965,2.490891395769954,3.094648242637419,2.191879363984013,3.0974387995673087,1.9167954612065174,3.1264837908694765,2.1788531185656703,3.0258279471596987,2.4344536861273234,2.976178908854523,2.468198708699936,3.089970052987342,2.5174776784731216,3.0337571167451007,2.2016448275483533,3.0415726158620418,1.9415796636956018,3.047417367321039,2.1505612740754474,3.065329231679261,1.3752793691323772,2.9464078810232324,1.2894080976774398,3.074139697459723,1.3878392184438813,3.0267812851082536,2.1463330241468603,3.029943906774535,1.8199965499677961,3.066760445995549,2.0295551390789286,3.124202005657677,2.6804891999973903,3.0226733887795483,1.4496077990046852,3.1412382958038325,2.6077232227829596,3.073842679406132,2.2848029450687757,3.0455548335127034,2.1162848272942356,3.1083375611565636,2.3334796100176773,3.2523886739623746,2.616952733800464,3.1284138814361646,1.4721617922303796,3.247668535011703,2.64745950797579,3.1224696897138355,2.3575445221002407,3.0969417953992564,2.1996890644461735,3.15009387360407,2.4561949093444477,3.0497856650749045,2.6293991971155717,2.9616797377552357,2.054353379443724,3.0406490655703795,2.4435656594444235,3.0267006167260186,2.146418302234629,3.0255585484716883,1.9806241847518378,3.0621168935875653,2.1345573847451074,3.022921315925849,1.1401309419785284,2.973688260368221,1.0562990066873923,3.06066460959515,1.3323111655314355,2.994679996875548,2.1867483224707382,3.009789052204833,1.8387169778123555,3.050854617269312,2.0470400947363783,3.1099943258048994,2.705752554116864,3.0125399078651345,1.119520382641944,3.1243224391689672,2.631958923834613,3.059971943087715,2.3114732655651014,3.0554397769634867,2.0693114149036034,3.1093935640165724,2.329849520571724,3.2193702296047317,2.6756491054694584,3.110884585003774,1.2345586553056422,3.237527638520275,2.7095844935384363,3.107805136066928,2.40332603380096,3.1170192843071196,2.103236761765264,3.136439055196378,2.4532286458775565,3.089496289001208,2.4884055109301277,2.9918032658161455,2.2713200029313887,3.1156567621287485,2.5127509420753933,3.0169069429399737,2.294004672707553,3.0494807725160893,1.9677755874510432,3.041804423902074,2.2646056289868146,3.0893937308726143,1.5433299066814368,3.00452567579289,1.5324385445147142,3.1175302777726013,1.8172623242229964,3.0454861364029204,2.259081690970166,3.0483518236798712,2.045258004205801,3.0859171565003356,2.185645904066737,3.1444438536194457,2.733401607037543,3.0689866425882397,0.8997117477986845,3.173673326832894,2.7104617223653915,3.0845111269141365,2.3846574015970265,3.064274075733394,2.012968464613937,3.1021363511405027,2.383327094277069,3.273073022883713,2.735622398470844,3.1278264941799163,1.4467436484056497,3.264728575779663,2.7760785918909368,3.095543517480287,2.449611834385679,3.1169186692644715,2.183076850131844,3.162449495816943,2.521218346814654,2.3382905860949044,2.7732527495241865,2.2598353588067774,2.604750898870388,2.5135538677720044,2.4643144092977565,2.840932337266063,1.3143483117061354,2.8458712564991173,1.0225849036999914,2.768754083917573,1.2364256740376756,1.460531964346461,2.934509935386089,1.668946810585163,2.764038423880159,1.6459103241650603,2.795929258727453,2.819250177910443,1.4199063732096908,2.8192546179581166,1.2875478183181903,2.6717126290452216,2.155535748523858,2.8240124280240826,2.651863297997134,2.216661695298154,2.425683290007135,2.877902986694041,1.8918996055016206,2.9506586249789555,1.4885087136117074,2.9406578494505617,1.2934040725534848,2.9511828491769294,1.086825732092451,3.099621867286523,2.9763475778756328,2.3873926016504807,2.455839979868848,3.115175609524035,3.1012540122770336,3.04690372373138,2.0277650841016746,3.044823016918854,1.5765111651751322,3.078337057176915,2.3887076514632186,2.792566982899863,2.7285475992488037,2.314168050259314,2.762336533618922,2.8562125516991426,2.5274332219560627,2.9058040074725913,2.0331619406361474,2.9321690496379196,1.3764649208430433,2.9589341273180665,1.6882879894695078,2.5853976651409516,2.2024949067884547,1.7896005256522727,2.105598811774724,2.7576561584311863,2.277502174796935,2.946581937253004,2.009686812951654,2.926293019119632,1.607542125138022,2.934693893970075,1.6696870095052394,3.002324588697103,2.5988804633067697,2.475905274355124,2.7206615342792837,3.021194598570927,2.4233816611729977,3.0091830635451893,2.1419199035862317,2.9933756412798798,1.2769041093258124,3.039185713170277,2.165380504099837,3.168116644296727,2.730168788066352,2.49897407230283,2.5136675148258236,3.1661964233836155,2.5563135219687716,3.0716272728588883,2.4166508655656203,3.0749380571289366,1.747026064067984,3.098783718232,2.390270317533223,2.9670584656165433,2.7065761712217946,2.6597451480357717,2.7812008131887707,2.9984291356650203,2.6361917933774253,3.0222333231742233,2.2276648700532085,2.981366622373795,1.6622610382345726,2.99959620680228,1.939018740164323,2.866192861896079,2.755402623771734,2.282048241001069,2.5561308050903877,2.9401479016245116,2.409065708375215,3.019619232776269,2.1833180955139357,2.994331482159257,1.673694194968597,2.997511568192555,1.9685183196960012,3.0633354025901567,2.678008621202314,2.6404597346155017,2.772861436375276,3.1099016895400036,2.651508051490665,3.0507019613065687,2.2949322504981287,3.0319151011735697,1.6233520004565065,3.0751744530482092,2.250984622867953,3.201950021675481,2.8009977953034757,2.618767529744805,2.5437986036391527,3.217793016973828,2.903696386465484,3.1005544167652745,2.4954617958077523,3.07767821657556,1.9291577669964854,3.154246414659957,2.5077154492876983,2.851259783158288,1.9882839394410754,2.190393497489121,2.2395110069260697,2.9223521813340105,2.343394691987235,2.972372593750635,2.0862504613868804,2.9296636387837567,1.152482178743867,2.9594583111577424,1.6786605757785975,2.721347016312639,0.3671840921730047,1.930433022754198,1.7087863442020823,2.8422201211729594,0.4902390253672347,2.9346380337350806,1.9809345403261114,2.926979140305152,1.3513670632964685,2.972951637714023,1.567546810702082,3.0273643922691162,2.6634562454575708,2.3610320038228463,2.0391755636535103,3.0790465654368617,2.34404680409396,3.009150487117619,2.16439308820355,2.996203262055266,1.268271509032107,3.059533211213179,2.155197769634246,3.1760950419771277,2.031843661660378,2.4327311710154063,1.8206912770570312,3.186472875504722,2.2027626153145667,3.0823298713311456,2.3349102363353085,3.0671202010152516,1.5925263315073945,3.113150342033081,2.318360561241724,3.0662697459477912,1.52602864470219,3.0657536715561347,1.3747541622929897,3.061012451913012,1.3655698627892727,3.1362147101911115,2.121615957470743,3.1404027243095762,2.207081976264719,3.134620498347414,1.9534418364102881,3.111230303438473,2.634923566187756,3.1248480110544214,2.372421547048424,3.1387149858912897,2.638546554633844,3.133298638148804,2.336674809890339,3.146625014099684,2.4189928632974573,3.1509824426036994,2.3656613682246594,3.162976409121593,2.4965828920628743,3.121486576890535,1.8303392825156253,3.1470481714134757,2.3437983515731142,3.0849832784045375,2.182158192664086,3.1109666238921636,2.2756737782218344,3.149894019621664,2.177438199908105,3.272370876483236,3.1279538377565133,3.208186712814273,2.501086423321451,3.2928459881691214,3.0528030225298037,3.1612763697033937,2.5132477747622937,3.1591713192190016,2.5154610941913216,3.167664952892447,2.6350907909501977,2.0220201849880683,1.1463631276629818,1.9428391363885475,0.6883448043991456,2.2389980193501593,0.44355645223039314,2.828489911468307,1.6409254460838938,2.883773939313618,0.8430297595878609,2.6994819274081174,1.543811367848728,1.5521572260160956,2.949564076601448,1.8148086829129977,1.813844671507142,1.715823063551282,2.900749397340495,2.8821211947756415,1.9461037548909617,2.8967707454443663,1.216888722004433,2.683024524020762,2.341191125517205,2.771353724744146,-0.00779631741135306,2.56316786284754,0.4437389818716682,2.887198753549042,0.9128911955108895,2.9651434921471926,1.3491476358035843,2.9919958763960928,1.286120487050001,2.963606035380807,1.0620097339330834,3.048307939633492,0.8472518597473481,2.9043345806971517,1.2286438158948467,2.998797970332698,0.9821365605367742,3.0666363463793047,1.9100996286375642,3.0740596551139254,1.733749477546276,3.045926279888731,1.5720893265693674,1.9762468466685796,1.537191165607482,1.9469027398007261,1.334348935291928,2.2031954078205698,0.9382091322592824,2.8503099557352565,1.7975729338790551,2.895684860400447,1.096769916940675,2.6962398643550447,1.670812448624086,1.7202039428276086,2.939968939967861,1.7201264202389261,1.7607378574357138,1.7270632036791576,2.916842837420983,2.840117860821803,1.8875614602147135,2.880731748054952,1.3242459449373964,2.617631868267624,2.4608111270234216,2.7581471687011185,0.2166823918279522,2.5749987827284073,0.341685907385205,2.8681826239259007,1.106377672799228,2.9727755921491186,1.4300960298612968,2.963030874428376,1.3699202296930817,2.975025366578347,1.0452457736096827,3.0228225158609203,0.7289170977892533,2.901764066688754,0.9763255230869536,2.9824115011932215,1.1712984377828475,3.075883350203908,1.90508323760623,3.0928071310990735,1.7745864859829272,3.074611563438979,1.478136693983464,2.2676260340616294,1.4840893203006988,2.168154042812988,0.8726853182433391,2.4876156959108133,0.7260577196145686,2.924592932030779,1.8691973505649735,2.9113374847979334,1.3858308930518162,2.812910684800731,2.0182564994804473,2.321245430848698,2.9540063980371625,2.4374471451458257,2.179459377325661,2.36474241607454,2.978026127197133,2.910949934086126,2.1293748792249834,2.951798917568373,1.6162246414090997,2.8379034487542025,2.3243722097682236,2.8681377745034173,0.25787468346727355,2.6532072968322615,0.3036917690614005,2.9734103580213413,0.49795505341051727,2.983914655166106,1.5341325697007027,3.0283689780306537,1.4287725366931487,3.0016150081517803,1.148650963991946,3.1464198618871784,1.1874323839443224,2.9780166360512794,1.503960885539957,3.1218767844585384,1.2666856264524358,3.0674689830442783,1.8999726239684382,3.0897709317594515,1.817849269240651,3.102650736155102,1.6520780040902976
14_4,1.1663598506584159,0.004213133938488238,1.103738400857114,-2.271962580737731,1.116210749788547,-1.8932746985087119,1.1005089110188604,-1.4857223555731018,1.1358492051113076,-1.3811328516175563,1.0911679953856317,-1.8195343864666407,1.0512156560996215,-0.40260672667791764,0.943566606041464,-1.011966440216723,1.03099160423379,-0.3271289769301281,1.1296169390086745,-1.5809064125868426,1.155312853330623,-1.4684136926562774,1.1073317753276612,-1.77108435844561,1.3668887495937345,-1.0827606017492284,1.2927477083502517,-2.2803478349199957,1.3351765050491105,-1.1992538428274064,1.1756306818922935,-1.230133552759773,1.162621502864272,-1.206030470179529,1.2309621475194639,-1.2208911874700452,1.52047902393103,0.97109944965302,1.4634908186822495,-0.8107491841794872,1.4618957363424263,0.9315118709681671,1.2675813714792674,-0.5101315914869153,1.2500434896216714,-1.019452325258001,1.347755599080377,-0.5744623853666839,1.3452142193311225,0.22649942690217642,1.2884445981695287,-0.164103200027636,1.2631943959369483,0.04923295723836929,1.1733057858682452,-0.35325217254252295,1.187446802894842,-0.6688851607475602,1.2488178852138512,-0.6276652367233513,1.3209119600300325,-1.3975135118885853,1.2218663997463213,-1.7657819094774372,1.2965172536763667,-1.3141765518768649,1.1977922648306318,-0.3704616945255614,1.1940030578737668,-0.9827860609841674,1.1972900518274467,-0.7945941723137807,1.377703876537984,0.7107660868172638,1.3545311109368063,-2.002355276314622,1.4080123113423888,0.6497997861316901,1.2523632389882065,-0.06734815422674358,1.227102642801107,-0.8413256262305187,1.2699317215276873,-0.06068220877506453,1.5866823484893295,0.8892478440593434,1.4595612208510396,-1.032793604094206,1.499965292121497,0.8842687283408102,1.3014271872253365,0.25663664718551266,1.2856047237136603,-0.3221866337468034,1.3493278734136138,0.47373300829668485,1.2918679741791301,0.3681604202482851,1.2376589224513697,0.04597813694577049,1.2987695549817757,0.23046053373376246,1.1278148478650474,-0.30012004369159107,1.1438424654583348,-0.7602842669288915,1.2228203183083102,-0.6983814559132331,1.2874821810371215,-1.370354658279847,1.2398406538524196,-1.8653992920716382,1.3219338444270987,-1.27191405080897,1.1664128931661415,-0.48392530486553387,1.1687684121502766,-0.7806597192878995,1.1733986100881146,-0.7879395139418758,1.3470813749258495,0.7925767533683853,1.3610589381749298,-0.5507898244425833,1.3819103826631076,0.7912953970815698,1.188039164694551,-0.13130468786795654,1.2249757364763862,-0.6763827679649288,1.2972204048841374,0.01970571909879415,1.5659374880505355,0.9488442231351817,1.4426555995825048,-1.7924841885684357,1.516186494988001,0.8145150786233767,1.3160796574743425,0.23516451535635155,1.2737814423034104,-0.32554545542488333,1.2813729681317345,0.385135739705619,1.3871774247489468,0.29477960916726376,1.322486263865599,-2.045473460770757,1.358424721684978,0.22016205947164838,1.220821823834662,-0.29071712073675066,1.2130385280282614,-0.6415160031475212,1.2689352552109507,-0.21085336653906078,1.4171188806696722,-1.086896454328676,1.287580906504508,-0.9992265494562664,1.3381170283912387,-0.8450812750291018,1.1991739699131188,-0.2782941146315373,1.2051874245179315,-0.8485824369874503,1.2811208903590743,-0.5490642507686172,1.4618421948251357,0.8634516440160468,1.401773188508253,-1.8652242482632642,1.4333904369117672,0.8138276453120967,1.2090924280778177,0.04606067650399693,1.2466004133470268,-0.43027199762301616,1.2840549748621817,0.2610601494242351,1.603400610184499,1.04455074833104,1.4844538899940325,-1.1969514464378337,1.5767391620224362,0.8998731083671766,1.2677997888998616,0.258581441361169,1.3040648949045865,-0.3224523140443115,1.329638329291422,0.5595866493764957,-0.008548887148465889,0.722603984592172,-0.4232081827048355,0.8328519449447834,0.1947904117120048,0.445976961763936,0.8532505264173955,-1.690472281738948,1.0000138588931748,-1.9828654088124429,0.6339041587618797,-1.957180107203772,-1.6228954357331182,0.9551256103694963,-1.5336493961717679,0.69387472927589,-1.30953289755429,0.8753077435382556,0.9025983486946703,-1.6681474924216027,0.8995982170942436,-1.5998809078463598,0.5984098326566841,-0.7576961509091612,0.9170352623767254,0.2987335420977842,-0.12129251905519649,0.29486524390907354,0.9418734861081637,-0.26031950216283056,1.0839068942935415,-1.4307552987500567,1.004387485110257,-1.754001354765843,1.0858957344384352,-1.6863904327284829,1.3403109313203752,1.1058205940004153,0.2754521653946023,0.2515543698336012,1.3241877625847542,1.213008154455317,1.2197136727689555,-0.8315237989012239,1.215646363282123,-1.2963756293665,1.243711035065719,0.22653480209808846,0.8888363177944124,0.7963727323061905,-0.016245657885164085,0.8547078308341302,1.0451147569926147,0.8559725878493049,1.0700314245146887,-0.7720211844855096,1.1265338474589675,-1.6030133065620775,1.0685274733765278,-1.2044902444664602,0.5456851302316142,-0.5356777318957507,-0.975421787973482,0.13055487830485776,0.893941021395982,0.29967906317152243,1.0958852394116734,-0.7803506710397541,1.028659199354341,-1.301604452796648,1.0095508720640236,-1.3732133354228917,1.2090930595364004,0.6240633069412143,0.37073055250747894,0.6461958112070061,1.238369595726333,0.5629318612332352,1.1503662002547124,-0.29220200517888667,1.0984342864129901,-1.6252481255906222,1.1988424097354935,-0.5770552741253321,1.3787461261472376,0.9520534093100964,0.5891593630757761,0.8601618363495788,1.3601146921199834,0.49998688580020806,1.2540338242055413,0.15531309569348056,1.2121844960180044,-0.8720869565924144,1.272145906891051,0.15212868944616978,1.1202088560872507,0.9937357950418829,0.5279147430243496,1.1494075156797907,1.1482353532627554,0.7398820451299327,1.1635234489237976,-0.21873036241714505,1.1915655429515295,-1.3379414518094281,1.1183653644831093,-0.918707448802271,1.0157819135958426,0.059569412695078844,0.1495801342314241,0.07512924262754074,1.105347468946334,0.6680894080892997,1.1559846888118246,-0.32529278181518856,1.0896356562667797,-0.9297112380008105,1.1872897177271702,-0.8935435536867394,1.3210896791150353,0.7583185772653102,0.7077187537720081,0.6584093185062185,1.2741173833438615,0.7691146852460524,1.1687565536248756,0.038072129134175625,1.1865581310951763,-1.397964665355429,1.2324825641342203,-0.2522201465656681,1.4701887785996701,0.9794500822853469,0.6740864268172542,0.7140132111459411,1.4794772362869246,1.1267789644012753,1.2822868732972361,0.40490907858825886,1.2712164133867883,-1.035544835131732,1.3474578794232561,0.42400031341313893,0.9706890266692693,0.07865472850952057,-0.15239180246462872,0.3767321444955149,1.0659693864425135,-1.0177870221981176,1.0966038444214479,-0.8124464697367884,1.0514049118819149,-1.8726415003087402,1.0801894107108738,-1.188088369799756,0.8615489999425979,-2.173871646257462,-0.7585946488174937,-1.5875059342257858,0.9145151480472141,-2.086674871385736,1.0598165155466983,-0.8013703396081127,1.0689311422132044,-1.4991927181080527,1.1334813212618142,-1.3856832821899143,1.2527440299119652,0.10948733313990253,0.2608668933029145,0.28084198544173145,1.234529673620847,0.3982912189457833,1.1500165700660117,-0.2234313620686122,1.151351216407722,-1.7832076542303694,1.156859771209154,-0.5725846842399939,1.4627413809648602,-0.1810544167556599,0.5160294229915529,-1.382151161963694,1.461967591069094,0.07092679671038839,1.256483313163532,0.026538856753932607,1.240311267387649,-1.3477317586294852,1.2802121321264204,-0.040969765801978815,1.1924657114010606,-1.2989193041496658,1.2478232671178622,-1.6414062607139022,1.1957293299438783,-1.536012178020566,1.2367300896949684,-0.6043205442848929,1.2423261425883505,-0.35808477471564415,1.252817275795123,-0.9819800733250764,1.2300195141288535,0.5994523536231561,1.275525485968562,0.06594083452426384,1.276521764612543,0.5618488681512448,1.2563683332267601,-0.12186494788128192,1.2740197987864077,-0.0842811211276059,1.2756813920487693,-0.052571086725521375,1.3074116605443091,0.3811584288464822,1.3246128540283066,-0.9841327252412416,1.3786720533668397,0.10302433854485173,1.2668283636706759,-0.4142875077284239,1.260616647372634,-0.31148150713287365,1.2892265586495522,-0.3965972193987758,1.523163675429334,1.3330834180515765,1.441673590111227,0.3786595128277896,1.4963073927756039,1.3097757128822662,1.291110881145509,0.3927869069637302,1.3316720656175536,0.25345874655682515,1.3746362114555213,0.5850589249189396,-0.6163077159789146,-2.52702865002641,-0.754676274847089,-2.49061289468542,-0.28136901039859663,-2.6376253017091034,0.8927612423640905,-1.856654827335941,0.9523931963586036,-2.0108992243324484,0.6462377934670971,-1.6081549626752496,-1.4298482898610823,0.7038568396259608,-1.2137143187995723,-1.727630446347456,-1.2064284773636873,0.8712968654233373,0.8892718532305638,-1.788592108837438,0.9204344578129028,-1.8631749151775108,0.6218687008208121,0.09073081728320694,0.8841498038080102,-2.0842243988219473,0.4670720326131631,-2.6427448983933077,1.0306006601907753,-2.249508857704632,1.0679478007275613,-1.5932358826933861,1.1203661315923237,-1.832022153859296,1.0892845761834828,-1.9036335686307622,1.2297436162962434,-2.068692635373878,1.06633048876282,-2.001641419621584,1.156574760534656,-2.1163471883740637,1.2301692921971967,-1.1367123593179795,1.2053278287212863,-1.2382360860829422,1.1801767563250223,-1.6591588865165923,-0.7029884701490914,-1.651007666392066,-0.7567139443222393,-2.52335695678407,-0.3046846653688232,-2.373305334363677,0.799078205620085,-1.8214239937430787,0.8916961985448039,-2.0893454196285584,0.6065018508173792,-1.7430771512231367,-1.5904751557798658,0.8624736755016091,-1.3251121808115187,-1.2013317949822022,-1.3122364654117193,0.9117619562236655,0.8438351391008102,-1.8169930694788456,0.9070641361431453,-1.8933594429076908,0.5343047532507212,0.017786748838186643,0.8387098241674773,-2.205689809992109,0.4553507369314286,-2.595222591428981,0.9662272316990967,-2.264503770391639,1.0740389046327596,-1.5788410868703446,1.1164101846195225,-1.6182002446112846,1.0805113213464157,-1.8957525542514477,1.2283643579008947,-2.0718128051712785,0.9860578026823473,-2.041403806279413,1.0725377309624624,-2.1125561117264318,1.2329570960655438,-1.1894819412204394,1.250436663183517,-1.2769945449237226,1.2170958410395176,-1.7799432520032645,-0.2042754382164703,-2.0927986482633956,-0.36892754276013767,-2.436583844110876,0.2144437825851897,-2.5236194215574788,0.8990912079031878,-1.627507825888806,0.9977020116572286,-1.9761658108811258,0.8733721858288115,-1.7241082204948248,-0.260733856157319,0.8200463532047174,0.10084858746248916,-0.5575830780509778,-0.08978469877381438,0.8591917977877477,0.9619697729239268,-1.1692334616075568,0.9794355572818508,-1.8217690603178809,0.858515851558493,-0.04941453221025701,1.022423546060377,-1.9852724688740366,0.6516158376311879,-2.3527029044585057,1.1184058913130517,-2.0870964341369174,1.1308000887106697,-1.5856830209764134,1.1129554498681358,-1.6915624637756466,1.1361167649839166,-1.8018475539540801,1.3772761131843831,-1.845546859831764,1.1165704555832043,-1.6873324035795823,1.2808991831981205,-1.771037451519708,1.2706503547480432,-1.1337426140869193,1.244007601749532,-1.1657808668562393,1.2653611713400903,-1.3767349620594822
15_4,2.516840656715576,2.394953443414196,2.520584022382166,2.3526018692862243,2.5546503437936856,2.3315114003927717,2.6220631219702213,2.4593254145794927,2.639670947625721,2.414144006749181,2.6018603757563468,2.291206827057151,2.501062732631842,2.4015192916885537,2.489894441122361,2.2371650520660196,2.5119646398817785,2.26871489193622,2.6473628781472707,2.442014130293403,2.640987938118129,2.3919415366203576,2.613032155070096,2.3244353197602874,2.6138353994108265,2.4241616006438838,2.5801599706826526,2.3481793433221965,2.647412529466487,2.4199175224344094,2.677498585776847,2.4928404467065226,2.6818200569982262,2.444690518758465,2.6471375359030476,2.37611553367833,2.8111298659697277,2.476261173721545,2.6881741177864424,2.2781997142359725,2.8170012309353325,2.3666211896971223,2.72386205889334,2.5262660250667777,2.7261683304208755,2.4864949993352323,2.7575014650159972,2.4853118434408135,2.608877120161904,2.4829743679545024,2.5775802803323313,2.357070970327617,2.6234653209001593,2.465158070543862,2.6619099200167717,2.5356446741404306,2.649713236979144,2.4579473042512983,2.676890255838263,2.4822354356642045,2.6133272390876945,2.3918914832928415,2.552370570225403,2.341202661296232,2.6617274963607414,2.395524179344335,2.6619381096301704,2.4866453975347436,2.6666447416601224,2.5218092931861174,2.6747110367494376,2.420749570951028,2.704617839232028,2.494110177888499,2.6040909421200986,2.2970815454934153,2.7108933837009905,2.4873429819682844,2.6802536015770246,2.5368091799457404,2.6812175535597804,2.519781820017153,2.6814427298873977,2.503253943905724,2.7985130189622294,2.502899218766695,2.6715793156859804,2.2876212516589423,2.840080081980227,2.5212543149056144,2.7077505437222804,2.5425541273029046,2.6911972292543274,2.518753832314372,2.743627326492555,2.556745784181336,2.61066429871103,2.4776844705739656,2.550303486886633,2.331781065532084,2.635286414416566,2.465416162187238,2.6426562778039178,2.4881001467037276,2.674401756439111,2.451295629931818,2.653896922863845,2.4828377201798166,2.6221326565760226,2.4100436431068752,2.5495550126628808,2.3362345790209034,2.6398909650551863,2.407974169743576,2.6407421469775665,2.463394391934322,2.6427230775250723,2.4879113416903964,2.6526954762682244,2.4466787403267416,2.6667068386330275,2.502265829887244,2.603161172640285,2.332002263317156,2.6835074376357997,2.499864973070775,2.6706405095951733,2.5091777634725085,2.665521528221794,2.524038153208118,2.6878202934373863,2.504648598879769,2.8007370315536955,2.5010762818131447,2.6927552164701414,2.2678546904895263,2.807622744859546,2.5190415975444065,2.7293044482575106,2.523935408755212,2.692333254886409,2.5212023977776226,2.74476162919393,2.5510606887054648,2.6372703725242737,2.4657792799770695,2.5817670069841485,2.322159516133128,2.6521832174676327,2.4624532753074075,2.6599592265162686,2.5262023863745444,2.6748560537793833,2.4948396788435083,2.6757948353942673,2.4796777961732235,2.651896981918292,2.408084894643595,2.584976643619522,2.327312025994709,2.6788442328507585,2.424644907945584,2.648428546671422,2.489526720326003,2.6609713109242916,2.506483364897719,2.7061814728201883,2.4676103064815007,2.7212696687645583,2.4997289767591724,2.6020226573862177,2.3666349458899196,2.731862207751326,2.471843878182715,2.681573641445618,2.5188850189658,2.7024756418200604,2.510306769321042,2.7152780895109085,2.5152608559042466,2.833872464268903,2.509291567961675,2.7143076329054807,2.311507287456776,2.8612013181905906,2.556534125720689,2.722039398323067,2.560837420422956,2.7146211520809294,2.520715863746316,2.727705020734622,2.5714700140929345,2.45533724861961,2.511249633691459,2.430651469771403,2.2414591928321426,2.4305165185950592,2.3698027128932893,2.5666147685011054,2.415823369541602,2.5440825040929838,2.253631421131862,2.5247906537489593,2.308955275705428,2.377288185139578,2.458260971736525,2.3771175273902996,2.5007082951797432,2.3603901320538423,2.5323584271157027,2.5471199908249047,2.402275363670457,2.5608936465968073,2.270070034890981,2.4742005704007086,2.438196360743887,2.517888557082738,2.4803702443852127,2.44248967712549,2.2264613628670262,2.5417995879552864,2.4580404778162466,2.632072280099865,2.4034844498792545,2.611587268649569,2.3412783895404843,2.6053527688212297,2.3608441068069594,2.662586036994022,2.4985720889545973,2.463733320005175,2.287178266293325,2.6729527640396302,2.647717903138494,2.6912427095858775,2.5299961757126326,2.6608280709018226,2.4473677739853397,2.686574982719582,2.474159727399536,2.511275045670884,2.535720166661048,2.4518911968599792,2.3980054337404364,2.5306371309180764,2.4893948616130053,2.6056002532123106,2.469247420835421,2.6061587024673405,2.3460810603732862,2.60398391913678,2.4618869880186462,2.462196257976074,2.4380639169404175,2.4125805592879868,2.2651209699879056,2.507448607599262,2.3969327256631963,2.587613985682217,2.4679502797178015,2.6165813631815023,2.380601823753324,2.586760337167217,2.451546586676853,2.593181089312774,2.5020239696433526,2.455442063373704,2.237284882019005,2.6200994894320293,2.484446004061275,2.617967678468709,2.474566890617578,2.6401773981478702,2.3404672753760103,2.6743189034505845,2.479544469959184,2.7296151493000735,2.5025574568666062,2.481663444219048,2.250995144384146,2.7574678997421,2.498974837893727,2.7016964602446465,2.4804406578945533,2.661018795599573,2.291547469008529,2.701726931132173,2.5455571034522584,2.560271616410769,2.5371962940300516,2.5165945718553187,2.397831769447446,2.614261624524122,2.5393398656572264,2.655530695234991,2.4969685628798675,2.6777013121302784,2.2956627441393724,2.6263221360389863,2.479833076346076,2.5547124747724617,2.5197396933972556,2.4771572603208414,2.3964348890266565,2.560813101303794,2.491544174859581,2.633334910666566,2.5130889481127388,2.6509091214787577,2.2604161370602758,2.6218350438457243,2.4290544075002773,2.644595318911607,2.639542047303699,2.532786861888256,2.4197001912720046,2.6747637516613465,2.5449900279513065,2.6811417615128925,2.4836374946651705,2.6776361985167263,2.445167146207438,2.699322754720463,2.5024620765335737,2.777916020872143,2.6231836237537878,2.5166157720711744,2.3663634033511523,2.8005096096216335,2.5899374490088376,2.6943279890578955,2.5629218802344083,2.690572444888168,2.439541460405744,2.756582689313451,2.5581580395372048,2.531035194269705,2.4512333346846336,2.4327801997433642,2.1575528837293936,2.5311945207422557,2.4875538541346005,2.6193261828840324,2.448918057734994,2.606380139727592,2.167921344121109,2.576087686116031,2.3819632637776946,2.491758446857926,2.3804428915974305,2.409849606968607,2.195872770470263,2.5043339462105654,2.3921743890288165,2.6065906313946585,2.4294647538673426,2.601033539474131,2.303203715136423,2.6243499986346515,2.363184542302445,2.6190509595739466,2.479461958501458,2.4493979833009627,2.201384894920832,2.6352433069895778,2.4998775581158243,2.6531343781204373,2.511266758549166,2.6401511171510887,2.266257973218778,2.6536142882353158,2.4905650033315037,2.731340110550732,2.471823338856649,2.4491637524695964,2.1339645664531,2.7626827261465827,2.460828203433842,2.6897616969912375,2.525743008804149,2.6878167995078597,2.4212134324286154,2.7241672106571326,2.5193063776583706,2.63486121380753,2.44520866733286,2.6702647009604092,2.301656216304989,2.6729718561743554,2.429450299105112,2.8445541868071227,2.534462638789092,2.8055257896361048,2.577304925299402,2.77890912683154,2.462481154771726,2.724394125373065,2.542371663776302,2.7273271162522477,2.498577053735061,2.731239736276464,2.5763502071534297,2.7963610721384766,2.625538658473852,2.834205071416348,2.6466148602654846,2.8257331884358674,2.6019150768739725,2.738078066553663,2.50371041944207,2.716133688648617,2.3431694747698306,2.762005658201424,2.4716226052995127,2.7747045789457343,2.583940847020415,2.810670636420266,2.549868687724784,2.792349726274661,2.5345533835351945,2.8782962045816975,2.665613854452453,2.8313948695771214,2.5087479711292935,2.87622203452427,2.673834787072018,2.7687328201009103,2.640400313472753,2.799507585735777,2.5807068502514974,2.7908206750404108,2.633947933002644,2.3461269946347576,2.4384544268369472,2.3713907321426495,2.2008257982572026,2.3811855586604462,2.3689124971008386,2.591497270523161,2.410602672958299,2.604996159691324,2.301451243000277,2.501875141157585,2.321554255225766,2.3566399208936737,2.4873233139758364,2.3516430584034267,2.366690594603698,2.35002181406346,2.4745330239632337,2.6139546310125166,2.4550858085019382,2.6117478349787446,2.317326508532143,2.4876524391545956,2.45434830990144,2.4944333005792307,2.3987663682998654,2.4307769962956556,2.204465356124935,2.5282296997161966,2.381631781999727,2.6227177099399643,2.4634989849645805,2.660368108748314,2.3743067474661697,2.601003868467007,2.359633153826892,2.6121710010184755,2.396860116129993,2.549845307496518,2.2055484737516258,2.624513700120409,2.3851665709203083,2.695559145215817,2.5274649555439166,2.6944310353248935,2.397126629741985,2.683552662312475,2.3926221001986567,2.407851405218489,2.4585955113299782,2.3734198660130783,2.2607280101824965,2.408323630246321,2.384742721594303,2.606817133922941,2.4449164776599397,2.602758775076304,2.3697448698449,2.508065302294423,2.3754907451459992,2.385857573575855,2.5497954639841174,2.3704884592045548,2.3620438550117844,2.3602743971367044,2.5037359563850092,2.607139155399654,2.436140692091224,2.6033039395497433,2.3444644462433946,2.4676098126635218,2.399221196616718,2.4910982194319686,2.4350225745079856,2.4549160602992384,2.162348342953986,2.520779944507532,2.3670863093741987,2.632021800580019,2.4704655694034785,2.6481852704088062,2.369224700977046,2.604748920253104,2.3387070700793404,2.621642890419837,2.382891164002357,2.5655815318795234,2.1875490389069565,2.637051054463279,2.379816699379113,2.7231623931501057,2.494752221753113,2.7291890087348616,2.4260021580840103,2.6785624105468595,2.3644176559434817,2.3916740847171334,2.416582738376377,2.3897963193784593,2.2285236421796104,2.4039158082542658,2.3696659471216925,2.6362495531403707,2.4350095024717655,2.6461336282795207,2.3120783931743003,2.558779992130097,2.3430281564354978,2.4129667956048397,2.564273433403667,2.4319263134818954,2.3378845083671402,2.4121997277974567,2.5146100456748974,2.6416395836400417,2.4909291435405634,2.657784336728818,2.394473972216963,2.5781575592353625,2.422566463770055,2.5242606261833584,2.3622093925944987,2.4499136557010495,2.1771009557686414,2.5666952274250168,2.3564598117836963,2.6711828433766804,2.4884111533343876,2.6774960783320845,2.352469694676489,2.6595505602180816,2.382018089624805,2.6872879444891185,2.4005363751462307,2.5963669188537764,2.2509142032762446,2.704815771508137,2.3889385515498875,2.7190320991841754,2.5319260309527603,2.7496799249676416,2.396680230318149,2.726537869900424,2.416686595324446
16_4,1.47348002127683,1.4653112947465654,1.4959414672628366,1.4772841287873382,1.4620937949484736,1.441394034608924,1.3477420922257337,1.2879146490015356,1.3695252495275283,1.2453776111988646,1.392628296439177,1.2665373636113697,1.4883878505176429,1.4492544994216177,1.4754742140140085,1.4917784273014625,1.4488148954407918,1.3221668335682808,1.3908269520099996,1.288256213278203,1.367623670430958,1.2658977457643015,1.4080922377983411,1.2586834903011879,1.468889305411364,1.472261330585522,1.4585488519008998,1.4700989287266297,1.4759359804062586,1.4426193313667632,1.367332988666341,1.3156522430698125,1.3832684368249848,1.300843535069048,1.3905854780151834,1.2865462432730608,1.4744342800439973,1.4693103558746272,1.4620290333086599,1.5035974646643102,1.4468473031147446,1.1946765948009008,1.3926599998910218,1.2640808985739964,1.3781866945138705,1.28638686061853,1.3722055362233956,1.2251276887377878,1.448384824593691,1.4907917635778456,1.4738213622425704,1.4613219209222545,1.458650044409942,1.4494228053963645,1.389786520559767,1.2870758368781403,1.3783123947110258,1.2974918258783708,1.3943298050644508,1.295697265213479,1.4706554986455982,1.4636142140746295,1.4866656660359236,1.469484827703997,1.4518000516352394,1.4348249688483605,1.4024073427877264,1.2668062455481843,1.3872287779536367,1.300597463539031,1.4047525522450173,1.3047053198503396,1.4887067368040527,1.4830847655732788,1.4859993735413284,1.4538422954117634,1.4841743754954067,1.4203102999861383,1.3885809771614195,1.281672097247679,1.4120628575687104,1.2968623428268498,1.3892607008562499,1.3112227542891606,1.4809379655684602,1.4571103301533537,1.4904121369085244,1.4606545590934845,1.4817546610568189,1.4558231448630723,1.3917742938624273,1.310447760923034,1.416216865021005,1.3057869269852342,1.4091549498383595,1.3386821623441658,1.485318296085209,1.4669388309518732,1.4633866889529716,1.4691951408581847,1.4645243003356578,1.4440545656921646,1.3869790185828,1.2841216160277795,1.4020512744985014,1.2971617716625419,1.4050000779116012,1.2434009088057416,1.4831471677804182,1.485342793301608,1.4629758811853302,1.4539115577889425,1.4723754035575736,1.4456171919252643,1.4019754270592666,1.266876691608136,1.4095983729008352,1.307022425770776,1.366070891376437,1.2858208100451207,1.4525260966927127,1.4343129006372157,1.4717461507170015,1.4539688790226675,1.4424718394168516,1.3768376669620257,1.3957962091307403,1.3126780653988872,1.3920061300128563,1.3135983705498313,1.4014195438618138,1.2869806083866624,1.492559521198649,1.4817197206312474,1.4578136921345561,1.4638825509201852,1.4694356395286619,1.4233670210957343,1.3665738810910528,1.2482031718714646,1.4142681943161755,1.294498382673048,1.4142658695299744,1.3093724693447233,1.4461833423293602,1.4945564877675817,1.47654803944081,1.4837627430248408,1.44960330769078,1.4267455243899294,1.3895223747054684,1.2790676662932086,1.39723211065776,1.275541390881855,1.4030599836263367,1.3007235128822061,1.4812711053266976,1.4844464328545055,1.4750129038646975,1.4539478377111221,1.4774302674329622,1.4455432201888943,1.4078023393388681,1.30668891931596,1.3810025858641857,1.2893788274757563,1.4014800191833363,1.3183679510058415,1.46778020183141,1.4775655814422752,1.471988466371478,1.4657421100725545,1.4585012328318887,1.4231282531363165,1.3963319831715029,1.2365537824985742,1.4007300198251622,1.2886307114972082,1.4159952145097463,1.291235037457094,1.4514555196582712,1.4739758239475391,1.4629319502664122,1.4544350341627303,1.4793029174905867,1.4470505515150693,1.4241738153982455,1.2868050521867462,1.3934615854143453,1.3020357021287117,1.4095162860558952,1.3382063490284521,1.4733373244178487,1.4265862641494174,1.4585940203377146,1.1737024604822406,1.4274731970018752,1.1079984389819868,1.3556135382359973,1.249083290631112,1.3601624554425813,1.207628383958506,1.3420776297461396,1.1254065716419202,1.4425670002061366,1.3328526766651456,1.448179851447107,1.1423331350800014,1.4557246950349885,1.2193279125685443,1.3837719407024958,1.2021058338750696,1.3548886247728817,1.2221277329099396,1.3555855873580607,1.2210496001362972,1.476336138264947,1.4704951724105442,1.4591533497763396,1.3891181360004776,1.4343145191601,1.366255016403006,1.3484483019974574,1.2598809804689337,1.3420943426415701,1.2372365834024526,1.363184142129437,1.1900116060882941,1.460950673681813,1.4856158262743424,1.4842476788939973,1.4578109825867664,1.478224525369901,1.3982236616387917,1.3773986989971283,1.2653957796618305,1.3853224247560334,1.2584291021841556,1.3974130204540949,1.252196261336492,1.47674714893161,1.4635402018420614,1.471797500203101,1.349742081147167,1.4643896457739822,1.3471156523859822,1.3512018552820142,1.2958477211945378,1.3867850166409101,1.2424535276166901,1.3624499407299435,1.2502168157447267,1.475017397658575,1.4720302237599379,1.4775961399088162,1.3225822720149294,1.4442510686827525,1.3335774792068409,1.3820590516305107,1.2209128264755191,1.379332571399644,1.2334851187623883,1.3824832361768615,1.2779488743985996,1.4494813177498715,1.4499050262849982,1.4471880242693913,1.3499859917465986,1.4770439522951897,1.4032463568833367,1.3753982978888468,1.2582018690058352,1.3982219076816689,1.2353012849096379,1.3974895362520996,1.2944425319096082,1.4761585873938785,1.4797374086688264,1.4595347383234674,1.4214860318231874,1.4626216847546092,1.360454545952768,1.3751041346768538,1.2700516520243266,1.391819545305461,1.2598346559150415,1.3987705819260396,1.2824165640122904,1.48557875537519,1.3877025482259988,1.4691201802919636,1.3497801590681286,1.4535209980834805,1.3721166253951855,1.372911126313606,1.25989978209535,1.354252707933781,1.2407109796491802,1.3873344445816163,1.2302431034600676,1.4575243969404514,1.4371986791769344,1.4506695658371056,1.322779005445284,1.4559486485441209,1.3609645197257896,1.3792249220445674,1.2660398220805857,1.3813002864937642,1.2284021458416547,1.3960982034634273,1.2804396964656917,1.48014484940242,1.4930843423390054,1.4586906234377963,1.4414857967335792,1.4537252887928598,1.414556779208278,1.3639964237247988,1.2856516679736045,1.4231704999795616,1.2238549827803564,1.4277027974917536,1.2941864767823292,1.4660957064489377,1.4345104396718524,1.480479715278708,1.4159380515029583,1.4570279344285606,1.3941728835736389,1.384093350966908,1.2705457296187719,1.416650009682451,1.2890753883228514,1.3915564683595492,1.33297734451406,1.4648551630188111,1.4489203156534223,1.461960414801671,1.395361486014239,1.4302022686680653,1.3896399714302021,1.3677984655452025,1.191329463215677,1.3784401224326028,1.229103571867629,1.4062107362514682,1.265926701673777,1.4807251949236797,1.4543097960770424,1.4446630894929973,1.4347297421506495,1.4489284515394862,1.3900180999512846,1.362653519387038,1.2050432145726477,1.368187001616438,1.2448403277761926,1.38831926461328,1.302044169387326,1.4611222028032795,1.4773579733315143,1.4555655794596867,1.4122456934093595,1.4665893134728212,1.4006941156837254,1.3833870368120846,1.2781222734810103,1.4044412962347497,1.2527810174560583,1.3774862731750896,1.2925396404900886,1.4599251871881793,1.4768132550101725,1.4823448955885796,1.4419658678874576,1.445275047516057,1.4551831110704792,1.3794993368476836,1.284246966570239,1.371235320789961,1.2656401310647616,1.4255856095697559,1.3125712678629833,1.456360436046156,1.412944009158318,1.4163274401460388,1.2364415936667845,1.4459764056973523,1.3531858988603616,1.3064621857667802,1.1942003947992985,1.312836350496758,1.111570322407625,1.3175419913292254,1.2000257123855282,1.486688895506081,1.443220327290426,1.458402771818162,1.2269865419838792,1.4557561149562006,1.3773046804987528,1.325085438956407,1.232263491466614,1.3008449503939734,1.151048753716568,1.3392584111131027,1.247341928154978,1.485662177119517,1.4426949375884637,1.4299695457059596,1.2413853934321992,1.460221351012181,1.4143044204030994,1.3437837784672815,1.211120408245328,1.3185670091827881,1.1392869759995405,1.367567244787535,1.2047588968652518,1.4844763205405729,1.4603725186491112,1.4873407576776894,1.3770391853835402,1.4592887276672522,1.4154990312187692,1.349115633617552,1.255127567535944,1.3489920863416967,1.1878065774119089,1.3715691135260826,1.2624128495308253,1.43769062843748,1.4741495781295777,1.445373260661445,1.2860056914072417,1.4557224173923473,1.3536970091498877,1.3306724568242032,1.189389818607818,1.343194674347245,1.1582655848305417,1.3699074618080012,1.2037345264455193,1.47637707029394,1.483380744338249,1.4318165219885863,1.2021076539399507,1.4519475386349583,1.3534949281444373,1.3310773311840354,1.1983579937078226,1.329367784054073,1.1466994431727202,1.3550683989023264,1.2174304481361813,1.4807860408094946,1.4788417020137952,1.4419855905107946,1.3216330005600656,1.4691750669010117,1.4207675420707186,1.3704729108837013,1.1916419357060963,1.324837067239958,1.168331282219383,1.3326815519119577,1.2531282420652732,1.4848464904279859,1.4715540415026083,1.4710311714995283,1.303576008902882,1.4494688550562727,1.4372832451260042,1.3566421161476432,1.2675689550788398,1.3704266507078953,1.183355228206295,1.353948040823588,1.2491380658715228,1.4508167124222369,1.4715152696340141,1.4380937970421563,1.2169992476383964,1.4668769002750157,1.3382770203337933,1.3419015575318824,1.2516068310816486,1.3307952681152082,1.146792342708488,1.3342993037436346,1.2363669260175605,1.4642073106143905,1.465048165453796,1.4550291727967706,1.267713773578708,1.4606196265311135,1.364452747220135,1.3417286024672508,1.2088161878790236,1.3262040043733372,1.1622066581682169,1.334121007528223,1.180172589848084,1.4654784003639096,1.5013062127392274,1.4534091592263327,1.195623483285378,1.46609087474523,1.3742205482680854,1.326169207791803,1.2288853744218247,1.3302326880319086,1.092651624670971,1.3626895649604764,1.2945160098916757,1.476598434795724,1.447721829088227,1.4806997109078106,1.3603099222289725,1.4529551695497551,1.4310158302078244,1.3752905430246278,1.2804223779119281,1.3672779193571223,1.1870229390373306,1.3987403070770272,1.2673057757477617,1.4896657066940338,1.4874319279497052,1.439443448011486,1.2401146531467493,1.4431980806905411,1.3834281958125438,1.3565117632376817,1.2336627551672854,1.3094062609532653,1.1292859963811372,1.35010222599879,1.2606301197969287,1.4705499030469622,1.4771565177697659,1.4615118341686748,1.241440926046868,1.4524899290818762,1.3497729867905717,1.3780813999190378,1.2251456890359642,1.3171827082020946,1.136385911435087,1.3530454535590721,1.2664394535212404,1.4684187370544428,1.4825930990793246,1.4569468915057697,1.3492847083561155,1.4683088677152534,1.3960984133235725,1.3610116938882624,1.2024333739310331,1.3623892955993984,1.1480383627640924,1.3424888391682601,1.242953921715423,1.4506090632722017,1.480135951179075,1.4536247387988215,1.3913654127099424,1.4646691492405026,1.430520125617249,1.3853115469904194,1.2242849603310646,1.3780609934147607,1.2174924117156383,1.3679095478835317,1.2492660308588392
17_4,0.7546803620793051,0.13390549147996578,0.7366479119640958,-0.01836737730134693,0.7842658783642439,0.1852032755715627,0.9112264663622102,0.7986081346243191,0.895998820460802,0.7455919152584991,0.8887318156914703,0.6549981677272334,0.7221899684416025,0.27888253556931974,0.6682177880713215,0.18767077086951658,0.7594690207727065,0.21223994355331763,0.9125790766149541,0.8208105383089682,0.9094166903849941,0.8013500356246576,0.8542188098474806,0.5831980437693063,0.854431883301761,0.5203083704777207,0.8317614091178007,0.24220639343293787,0.8934795915225956,0.4176196755645683,0.9046461901325551,0.8443754443565771,0.9148771345531825,0.8013046191376269,0.9044578638475398,0.7553241836152107,0.9822340736347355,0.6012427429824438,0.8799870440093558,0.20712753415462543,1.0119238632235452,0.5822288303204742,0.9529715897571621,0.8792170576312777,0.9531561784895192,0.845295788285074,0.9809185622101991,0.8555927122001541,0.8547078935331638,0.5965784371540834,0.8215509840892443,0.3160007967722135,0.8737476012859752,0.6399344071538525,0.913616421800555,0.8175060319628445,0.8917940007977236,0.8264056603440666,0.887850554334606,0.7533278189030701,0.8594600041595732,0.24598246522105743,0.8175777757415,0.026969442731888116,0.896530115945685,0.37127458594286483,0.8916685141201048,0.806222476637488,0.9125701039938039,0.8080151226690677,0.9026049771447996,0.7669130993340569,0.9221715909250695,0.7631123552670341,0.8754800100775288,0.26935565483458984,0.9356369125381299,0.7474987189337431,0.9309631081978806,0.8807556242220881,0.8928876165977845,0.8470806111690145,0.9081700886819032,0.8157826519022892,1.0113753155815586,0.7535234111634412,0.9538691932615934,0.18371013880974105,1.0181849154905047,0.7618690519287553,0.9235132151927196,0.8649293200750551,0.9657226813007962,0.8667743420174144,0.992106728906119,0.8727638052277013,0.8581073804543504,0.5922233152284032,0.8292541896815764,0.20416510559843182,0.9039498871726607,0.6537551310205529,0.8801361093594231,0.8246134121174057,0.9169104448379597,0.8333418048181198,0.9073680123831612,0.7129049646828817,0.8387801868437119,0.28145845839249645,0.8070990011423909,-0.0016236731033604595,0.8820652363704998,0.3675096875706669,0.8945197937307531,0.8139781659003509,0.8931181789653514,0.8269810402798348,0.9072721667588184,0.7630141358709842,0.8902533822561963,0.7598733516444207,0.8644204263680757,0.29686961741466283,0.9391795753490985,0.7704083667155672,0.9150813144866522,0.8628959623563722,0.9111896889124668,0.8000990490346914,0.921948464384447,0.8383537790590939,1.0194966565068515,0.7570834454582656,0.9540436401795539,0.21509508893363674,1.0230407867161702,0.7740493250355295,0.9218034203614821,0.8683769554415688,0.9289023532665333,0.8124641176588108,0.9549294881799145,0.8911355906087027,0.8636946822780845,0.6368516318498553,0.8320714976250327,0.14773953186764666,0.8935946339127292,0.6963164232386089,0.9329408423587711,0.8691066343953882,0.9240287010074637,0.8217883947214436,0.899001382046305,0.761449288006882,0.8701096579361165,0.3650093464411631,0.866060794099412,-0.06298346680128356,0.8970988513437039,0.4435754205426374,0.9223764423648806,0.8482740214649808,0.9047264166800744,0.8279289121009097,0.9271129022019986,0.7762330226445241,0.936840090040279,0.7645678716865748,0.8916269274833358,0.2736119462870367,0.9589173996670245,0.7451430945111628,0.9277857778694102,0.8443767312457194,0.939987973785834,0.7850656888154657,0.9230501138770927,0.8083582709069169,1.0224377646178333,0.7659860637463292,0.9667832595579965,0.09418401847604073,1.0346859177172867,0.8089098271873839,0.9509638358474768,0.8855513644534724,0.942978517293672,0.8092901420618647,0.943645746646049,0.9035014309103718,0.5647966250474523,0.6798812387049887,0.572742839179862,0.6213761498077371,0.5869416485988622,0.65872663104356,0.8199114327516193,0.7681863784437913,0.8281123953783451,0.6753949657603643,0.7344180855793228,0.5456071795890844,0.13884231891606338,0.5895112453550166,0.1607628996349273,0.5440453417263416,0.41713222629092594,0.7003671894340519,0.8380479063438443,0.8000549632634735,0.8293472848383022,0.7478672876446244,0.6734528184960894,0.7230469739693042,0.7556121351083084,0.5133994717732773,0.5644472912745151,0.5147117509325557,0.8161344731011796,0.5602640298747817,0.8888160543335454,0.8043537588387254,0.9135766029123175,0.6039710349301378,0.8731264257710689,0.5999660710537759,0.922206136015359,0.7317401338409664,0.6004642245342219,0.5733983104406647,0.9119828370352605,0.8012763782547911,0.893651074533389,0.8827177681156984,0.9105098190003754,0.7761284596109057,0.9629416757375374,0.8228772427524172,0.7329024481025622,0.7007441977935545,0.6045362370035878,0.7144694143002649,0.7594239212478128,0.6213054888448749,0.8680464647186755,0.7765857490618594,0.8419681452404256,0.8062094948333137,0.8176196940913948,0.7249162386814443,0.627341491051596,0.5547014275821344,0.4430766059894251,0.588552956594471,0.6806539062215521,0.5163151601546564,0.8670261690865306,0.8557701167537511,0.8671334391238593,0.7716190038068205,0.8052637196072152,0.6554365761208835,0.8469683336590482,0.7256712497583307,0.6278814759844898,0.5205348634918169,0.8937742747031875,0.7381774906789874,0.8945087585013659,0.7830713743808374,0.8615823392561891,0.7701692701631402,0.9052554504047584,0.8059930231337783,0.9650259368405077,0.8055281770522932,0.6657187490212899,0.582081965454896,0.9605008327500817,0.7494871918975119,0.9277884372488365,0.8554746663611874,0.9141526128708831,0.8494163909524299,0.9285112502881501,0.8562489627188608,0.8628932764237031,0.8382045428243795,0.7741337759659275,0.6367239337612633,0.8703102580209976,0.7831002501804529,0.8781661513437468,0.8508322250192873,0.876271585623234,0.7795249624050357,0.8834376230179815,0.7668921332381099,0.8020987406941168,0.6283350762956255,0.6699036601966755,0.6434630422956457,0.8504349081593946,0.6802223815510997,0.8973197964864171,0.8725101312908765,0.9087755729125494,0.8262081099387262,0.8829165379766569,0.7251136953239019,0.9063775207811319,0.7818383508426833,0.7169759471247964,0.6107310271954121,0.9556190309844187,0.748318507555598,0.9228331648914371,0.878730313771687,0.9190775230522622,0.7059354233942795,0.8979797380382118,0.8238701383610787,1.0025377849434216,0.8475640716611197,0.8104296311157271,0.6794929863351583,1.0179406523660315,0.8421155242137547,0.9598001413442421,0.9052008553795349,0.954283328123655,0.8235639443410117,0.9646409388575353,0.873528223070951,0.7446174244677533,0.6451705318402154,0.5530186279325572,0.4926115195054442,0.7946649469557044,0.5654720563186308,0.8693510868699199,0.803287853514112,0.8303943774820784,0.69856681692809,0.848299628472879,0.6322222133590834,0.6418750188251268,0.4187066739241816,0.40327586258493514,0.4391875082216039,0.784201223029577,0.44600772665337796,0.890819039044998,0.788845696648854,0.8823757938985222,0.662922476193605,0.8425037162577458,0.6033123416473776,0.8587627632210437,0.6594184800477363,0.5539928207453962,0.455307504382513,0.8989526479789179,0.7141874286617862,0.8634018415945721,0.8428859839735131,0.8977585145533159,0.6647689721180464,0.9071804290807093,0.7904895502049626,0.9834997896494702,0.5163546297736754,0.6301425151888501,0.32730736084712847,0.991487452976385,0.6742719058056408,0.9118087612126,0.892274055243288,0.9214369400053934,0.7849178647118542,0.9236556968276404,0.799028043878743,0.9065667005967685,0.6977540506994417,0.9194343579149844,0.6718038888080146,0.9197022646995908,0.587020745336506,0.9821076067926288,0.9081663585867007,0.9986747675153836,0.9141342934985764,0.9491781840183583,0.8409616827355131,0.908067030903952,0.8491253358252124,0.9311200206378194,0.820845586222205,0.9354731623176615,0.8338766566380407,0.9957164937777229,0.9483838565626695,0.9848682949974122,0.9388126654331638,0.9615017857298503,0.8954084282224264,0.9705693773181368,0.8088582553505496,0.9548994676936879,0.7446427556933038,0.9663296754589377,0.8296765142430894,0.9806795421340055,0.9289606447438418,0.9979688649268049,0.9096647553495838,0.9935423540380095,0.8810834734267424,1.0477763299236778,0.9899922732033016,1.0121482396902133,0.8130777903579233,1.0453975500311568,0.9833026855122006,0.9887479186379718,0.9637879685195625,0.984887605898274,0.9212513334558977,0.971903176919576,0.9290802212597584,0.15976483538832456,0.4033314156409188,0.15662871238046466,0.438335517542386,0.33129161918618627,0.3307399267241728,0.8706994033966082,0.7930279375906475,0.84709060850724,0.7278945322926358,0.7430686092839044,0.6333811287639025,-0.09524582080762058,0.40081685629518676,0.09016372200509178,0.37991840611515554,0.06245799591140746,0.5593024451868892,0.8997118342033424,0.8315825471195587,0.8888114538276223,0.8055846566270775,0.7710238326456713,0.6256815621298714,0.6648368960617095,0.2538874362169508,0.5749108792295808,0.403918265464435,0.7577143519505709,0.2900477131501267,0.910010545824814,0.8268232969370867,0.903648823584658,0.7683894707821012,0.8725405419629652,0.6597096807590968,0.9011952594254283,0.06247024837097753,0.8238698309573848,0.39886526918805826,0.855442056460027,0.19561422981946378,0.9254482399548217,0.8467458708047693,0.9691474046574292,0.8221656979953409,0.9551191568151322,0.5852834781419927,0.28717334697223057,0.3075099820722026,0.34790568892526286,0.5118516571329764,0.33669658654662116,0.4457581966387427,0.8410524671516203,0.7966235491054816,0.8605905063237987,0.7674817472061426,0.6685568142302196,0.5539746826948886,0.01100698907964164,0.4191625705549702,0.18056428459398216,0.4814521976959612,0.05355105246928519,0.6679813504851282,0.8561513166582412,0.8268200700375142,0.8375633072412719,0.7862609824483008,0.6783888745648665,0.6877471780181501,0.7119170807007243,0.12512453302649523,0.6174216348031805,0.38298919278859545,0.7466231347127561,0.35490069722086837,0.8941361234661326,0.8016556362320049,0.8822754945689837,0.8483750347019025,0.8692221199268306,0.6506027732214315,0.8703344559304577,0.13735080935899058,0.798251722940588,0.4381294341152762,0.8168459264499546,0.37273154142782566,0.9315874592717176,0.8885013932146449,0.9442067301747055,0.8704418751972723,0.925913539136889,0.6787698417778746,0.40630600365667774,0.34145836286242826,0.4392154943671475,0.4190124342255449,0.4959831965038875,0.32935666000068137,0.8706815496087144,0.7922207142016103,0.909945795728124,0.7988169866750311,0.795710008115778,0.6777292232119914,0.4245404901115683,0.5382614154677647,0.4640753411569572,0.4868111012032537,0.503472058470857,0.5563174362535798,0.908918211364422,0.8254938447326954,0.8897038399879712,0.8177466297777879,0.8404279677100297,0.6681791339672559,0.77991608343708,-0.04185140562480272,0.7017118452676745,0.43998008880479467,0.8165990612504164,0.1918453696433916,0.9356705944012165,0.8479570566803547,0.9357163151037713,0.8787370953652927,0.9343071230753109,0.6376725271873268,0.9582900906054115,0.22193499145057013,0.8912051278349294,0.40364271534746743,0.9593326429316307,0.3088160764929372,0.9487960550655999,0.8574055673333408,0.9187272493907346,0.8376658901419841,0.970728253638417,0.7947770014945698
18_4,1.3674951382030247,0.9407044915269237,1.329479072185518,0.7193274051320676,1.3686698221292342,0.8966742290730042,1.45274542564729,1.3815187787678975,1.4905983813809909,1.3267844741410226,1.427246664373986,1.1969880522571559,1.3306278622344752,0.5740196832601125,1.3244430926265127,0.5992028003138438,1.3396647722214474,0.7668990333227511,1.4436125615389934,1.332310968650423,1.4499279990977443,1.304564240486433,1.440208904653646,1.11916872522913,1.457486025018642,1.1756689365655535,1.434795300420795,0.6936098568469781,1.4632345710411674,1.0813127298095822,1.4567034095052032,1.3723988941520948,1.4663691074084464,1.3306026557466515,1.481430875015215,1.2461857255461488,1.568210900564324,1.2039045609968446,1.4929210712015204,0.8226412508955637,1.5533843710183939,1.249753893924802,1.4983602612425533,1.4237210041575517,1.504345804202506,1.403183556462025,1.4950072030920911,1.353774690776089,1.4326498351629895,1.3107480140933254,1.4255530955109361,0.9435571540643853,1.442605881664554,1.1875424750680894,1.4585666149938925,1.4122573266558138,1.4641664127179548,1.3463621385954851,1.4596407992172336,1.3315679977583144,1.4297119063973591,0.9576471217683724,1.4313524616982825,0.6625166487660761,1.4652403598088533,1.0301975640020393,1.4641245569041217,1.3807959610661638,1.4804102833665442,1.353087337878467,1.457092519808402,1.294699244239822,1.4968821553396352,1.335196457637526,1.442275438760037,0.7698053625871994,1.5038936678160524,1.3098504183351558,1.4852678849187237,1.4054479938387303,1.4830611326380028,1.3245643712419923,1.4818596622710518,1.3607678150230798,1.5673629310545605,1.362563372785232,1.531052019198496,0.7441812111431904,1.5881665842155746,1.358865955200675,1.4850901095060867,1.4102706765556345,1.5321505116128966,1.3359426774690801,1.501322118711078,1.402214127310407,1.4342360426962013,1.2863124634174505,1.4028891627405975,0.919175194394223,1.4344802014204125,1.204973121665336,1.460124251521877,1.3865229786115798,1.4493304035886037,1.3912126108976344,1.4361184410132553,1.2982605829378877,1.4096180407405083,0.9463150480484221,1.4052322044190584,0.6954374480128278,1.429489149719526,1.040954520687069,1.4416420800377436,1.3396846340566468,1.4678390274751048,1.369192217052765,1.4610243470546236,1.2786548860392486,1.5076361637467879,1.3167150907768388,1.4318923338010425,0.947247628656419,1.4897004904322724,1.3308953476629868,1.479068545342809,1.4087006752646567,1.4907940389001773,1.4001292050311591,1.4667454691207948,1.314070428468631,1.5823021153377967,1.4184591780045919,1.5253325753116498,0.6459200028706471,1.5652553319011895,1.3718226666017546,1.5277071972070462,1.4145617439836524,1.4952841544457476,1.4340559680965352,1.5067991595172932,1.4214976705789943,1.460392273514144,1.2212604845249162,1.411928703424897,0.8028890647650178,1.4631990063945628,1.2313813936612052,1.4593316623959853,1.4015478616741954,1.4753913532423248,1.3913374623891586,1.4782634602962803,1.3841286563300248,1.438914093498871,1.099877227301022,1.4232567355526828,0.6276470795724528,1.4687280955834345,1.0864329298341344,1.469119656762575,1.373275524934267,1.489827204952291,1.4109268308038052,1.486194965765738,1.3396388689971237,1.521011758925855,1.3785094114769658,1.4628138267019548,0.8715566712953312,1.521318858723516,1.3226430912486602,1.4878370002582815,1.4350797152528325,1.480686216370358,1.3922440552312114,1.5087227530988045,1.386887922943817,1.5946128465236311,1.3775000121262144,1.514551508540263,0.7149989220653059,1.5949338143511649,1.3577635480341217,1.5151209235386252,1.4173418345290087,1.5228631179573784,1.4263826347481074,1.5373760285102571,1.4086743902616965,1.1673233103184706,1.2100294303688173,1.0931145281213968,1.2098518516871017,1.1418576746515803,1.017981278715978,1.3824263284300708,1.3348976486099127,1.4053400444974935,1.209878348849489,1.3271367913649328,1.0635400137479878,0.8207441037453864,1.1080550958228972,0.8382901263670586,1.1873328070858682,0.8665122312625195,1.3577239698059727,1.388800538921998,1.324030778092461,1.390684380503114,1.2414402390017971,1.2817618511514914,1.1558706557155636,1.2601828121950218,1.0517468221992252,1.2189885795955724,1.070953311394732,1.3395009252164463,1.0430457640183382,1.4228286414184994,1.3536747410087349,1.4310993890465675,1.278618497511751,1.407033082791403,1.2458935859729918,1.4824200356171109,1.3008364803320878,1.2849597336879195,1.1354585265253214,1.4917604434740401,1.3857981796487386,1.4817204646697808,1.4219152184510118,1.4958943370317288,1.2888733586387922,1.4954521962908145,1.4472485629103669,1.300954999660721,1.2093604547920493,1.194335453434892,1.0847219763925002,1.3527882593672218,1.2338284697774853,1.4237614766968167,1.3768956923608537,1.450993250313956,1.3512390242047252,1.3884205010456558,1.233912028317243,1.2333750656215274,1.1634716588863439,1.0765522555109603,1.0643885728840976,1.3004422138526932,1.1426521594205186,1.4475467267267588,1.3725847759810634,1.443442359914227,1.2968768495301435,1.3953742608026918,1.2858112689874555,1.4221155390603082,1.3022465981546165,1.152053673348397,1.044398848651711,1.4318075187169286,1.2532646287818152,1.4428219055277645,1.378252037583154,1.4144636757221976,1.4169874919372627,1.4135723525067947,1.3890870609523331,1.5279152540164196,1.3350418039063292,1.2026355928225518,1.2477301560045964,1.532513625584401,1.2851485245010048,1.4824959997075704,1.4052103438489454,1.4834872242346464,1.387034420625201,1.5080169462387918,1.41101660562875,1.4448581010644288,1.3110930400859442,1.3467828070462085,1.3656360645236811,1.4322171098233472,1.393704914511101,1.4554062952264633,1.349411220615941,1.4662526468197568,1.3886903562055501,1.4510022450145303,1.3564906626105577,1.3958845405267,1.197520818084653,1.1580564406513243,1.1182562677549281,1.369594654043351,1.191749162777953,1.4388407176524425,1.378542211701039,1.4197800404104777,1.2786536324723785,1.458588216423391,1.323900591505898,1.4799986026204035,1.3816042407297187,1.3785433039734185,1.1680250115114015,1.4640398082281043,1.3186511538470964,1.4801124049331216,1.4003845453627302,1.4997253832296424,1.381905646560667,1.4660218812721375,1.3904507995371918,1.5913413541502217,1.4555553989542964,1.384716872924245,1.1456219431836994,1.5755058501174388,1.3705868231863565,1.4847182716341423,1.4290408058224822,1.4744848242763609,1.3479727915050002,1.5319869301165685,1.4253797389017573,1.316341316973269,1.1758297727906954,1.1319027010204936,0.9980931598742843,1.3699190735433022,1.129821229865309,1.4041018115654293,1.332808460484713,1.4431804146294793,1.2315487240019858,1.417042843133553,1.2984601524551156,1.2708291430526353,0.9773282443620447,1.01545764828397,0.9948685875456189,1.331462055965876,0.8290736940975088,1.4365974578758118,1.3024739821936095,1.436842448346601,1.1855050773761286,1.4115378691291036,1.2174595944782196,1.4301457587192232,1.3217118228122797,1.1921950660242273,0.9650145170179387,1.431939378006179,1.2343627987023127,1.4410145672666446,1.3891170182728594,1.4376515371495053,1.3021483720406613,1.4506167274850028,1.3409093222158726,1.530807173133479,1.244363937051278,1.2822000670675966,1.0788489900805576,1.5351116029234158,1.1938895241142973,1.4905602930760304,1.397332113172781,1.4752770840723683,1.3792452945453542,1.5288895588672766,1.3576546162523004,1.4508496713548413,1.2568580215507856,1.5002152690761865,1.254275007403788,1.4688757603764464,1.2150510812861963,1.5608284749721169,1.4547219261409399,1.555930746058945,1.5068643185709385,1.5408581291782382,1.3664451923465095,1.524694412479317,1.398148621651137,1.4878674209015847,1.4145824649855672,1.5184001302739836,1.408840492091078,1.5729643947880545,1.5490865795624496,1.5497336350305277,1.5265724106439447,1.5801220433605079,1.518915890833054,1.5172180469667407,1.3514024327303786,1.5126312761078557,1.238408044709989,1.5241313685922961,1.3632146309947817,1.5013632460180877,1.5071241164900466,1.5464650239145536,1.4502288984197444,1.5480818516751786,1.3996877327101571,1.5980722167030113,1.5692499132844524,1.550089378128164,1.3657206021811195,1.5775970846132585,1.5174839264046456,1.5578354697709116,1.49393332499751,1.5588778776873469,1.4630359892519271,1.5339602071435725,1.5064762906215983,0.830730243255591,0.926104652547494,0.8872897634636827,0.9502553415076606,0.886122565545916,0.9290693745174787,1.4198335745400186,1.331069557079586,1.4254962144995706,1.2956083187493848,1.276126812983339,1.1128097684985796,0.6568814785238174,0.984207835416886,0.7146984570543893,0.9676681919916593,0.6560206546862236,1.0009933709214418,1.417909786921767,1.3899206981075618,1.4429851090975807,1.3157141489721422,1.3005998544311377,1.070313340065749,1.274664414719406,0.9409139028538455,1.1771698102761066,0.8217809635859299,1.320352955224969,0.8571310751597924,1.4529292218004703,1.3373735846794208,1.4627298925637517,1.3538286788723244,1.4351425291486049,1.2565433220383744,1.4850089941780316,0.8058039471201656,1.3573457205108967,0.8602499353181493,1.4148715128080571,0.7962353010376916,1.5120465567882897,1.393546894847546,1.4833281654528345,1.3362752563633362,1.4995764230908648,1.1572932260776245,0.9309831041380667,0.7247281532869949,0.951245399276888,0.9512587068323833,0.9746808022419773,0.8651181909553617,1.428085741465452,1.3627557218155384,1.4337259979226724,1.2855814573699431,1.2903166905744636,1.1946520773605613,0.7889961418917445,1.030922496766556,0.836669149170639,1.0522257975404026,0.7822229675109574,1.237426974558264,1.4119818688811503,1.353590761865461,1.4175832037469427,1.3840800087459764,1.2851901601964253,1.1680020599361645,1.2760869057881523,0.8305606550659036,1.1934863170007324,0.9284843400118022,1.2982233019994047,0.9639693933816951,1.425294032177309,1.3827984198389045,1.4472267763283222,1.4040092842699905,1.4056632976813388,1.259503075892326,1.4392505025999762,0.7338049399771044,1.371649305098212,0.9077814542601201,1.3763974727093853,0.8669216402371782,1.4663157878401434,1.4304784323908513,1.5009155586256353,1.3875557604188564,1.4789492443926922,1.2152702609728858,1.010566860278951,0.7965622321233319,1.0423407894380827,0.9142597864082667,1.0950333260793446,0.7400426437147678,1.4584445653676286,1.3467132044873469,1.4565101304711157,1.3395582456917996,1.3719600201782016,1.2464537789103436,1.0382886798119413,1.0398004001810746,1.0816381674322182,1.043439949223994,1.0579070767318912,1.083663519407315,1.4618081336570976,1.3236823572255503,1.475002377263674,1.3268521342196056,1.4204502492138416,1.1858081881487472,1.3462785673325288,0.8286431598727481,1.277089782003218,0.8714065270111265,1.3661401688107502,0.8606372328495537,1.4930712787761842,1.3755927773929049,1.4914564326026605,1.3840812559022573,1.466346651957114,1.2789288139817951,1.5192551063187592,0.7273162800045525,1.431860609074934,0.9675064844540979,1.5231301633639256,0.8532338344362467,1.5139871790652684,1.400637450131136,1.5088126207434556,1.4365937806918827,1.4997825444466373,1.3667167717518025
19_4,0.9589833344216065,0.8289698007941397,0.9231195533967005,0.8183842971052517,0.9805117578644831,0.8151723809586379,1.004528464614356,0.8864740341646631,0.9706046031312168,0.8608592888824228,0.9856945712480532,0.8301753248085635,0.890827724650347,0.7845445659402897,0.8743304902926853,0.7769486070882714,0.926324089862929,0.7820007059590927,0.9948150077882212,0.8721052882966635,0.9688981106068266,0.8500437241986777,0.9579641129423421,0.8131757910713298,1.0778748791132202,0.8544682136045044,0.9710625441461985,0.7806509540481051,1.0947006371268724,0.8377355390599159,1.0322711008829804,0.8685298009049679,1.0192361901773412,0.862686303641559,1.05541572959984,0.8610757391473712,1.2606048362292552,0.8590900645321333,1.0163963587679612,0.8121636810005316,1.2640114921648473,0.8668356898751558,1.0644585586109465,0.893284822735222,1.0626548959459976,0.8939392197778803,1.0924689726736394,0.9117334420493339,1.1260479337431848,0.8888881832620691,0.9597926822722137,0.8173744500466533,1.1238348096301278,0.9188865276690409,1.051786006522919,0.9212177662328719,1.0439774528581764,0.8825435921816618,1.0700477657645464,0.8936998125649681,1.0863227908296964,0.8409824327349688,0.9697644533396093,0.8053835605713436,1.0999085193020943,0.8534630289468926,1.0414729704875731,0.8830941727378105,1.0515905045853207,0.9046594163642532,1.0592313704533753,0.8988734408779006,1.2289254156041651,0.9515318464873789,1.0081223208979406,0.8213135246273267,1.210687396183896,0.9222205338668606,1.0779827288786579,0.9230950050480086,1.045368871624481,0.9131038562809618,1.094504016891297,0.9408139643998076,1.357746180532367,0.9268370014935826,1.0626271669980325,0.792277857996986,1.3011563879405774,0.9457362998292123,1.0950537757276,0.9259796118558521,1.1196563351182611,0.8997086262554362,1.119007295744444,0.9358985672588302,1.0952976627970255,0.9322481970297289,0.9756206825130485,0.8283365110295658,1.1251017973310145,0.8987189440861663,1.05455513420901,0.9139765736442644,1.0648000497694297,0.8698757116628536,1.0633889035950976,0.8825824823434201,1.0814034328931703,0.8537211081083248,0.9508600631982946,0.808590014864641,1.0920833978487576,0.8383902498113187,1.0135758522013858,0.9316903326051456,1.0435968739846755,0.8831073549990589,1.0447134140242997,0.8687186283431736,1.1987248999577622,0.9106209822563899,1.0039488602471502,0.8233980376526245,1.2105587091575425,0.9179060642185491,1.0495796193272435,0.9197696149358096,1.0558001787145317,0.9234712938806642,1.0869382427450154,0.9582663361790655,1.3661261516543366,0.9425678525506446,1.0400794982432298,0.808064491571999,1.2766149806893845,0.9697707906964099,1.0863761171564323,0.9322547627286794,1.095628438189284,0.8967884257367112,1.158322061878815,0.9479481792148877,1.145545039217018,0.9234200619397971,0.9811081050587359,0.8021603365362729,1.15254925035375,0.9207921597166004,1.046605822875809,0.9249755872058938,1.0480260564087898,0.884373532808539,1.0398743031127275,0.9125575757223994,1.1046889379801519,0.8366255529733361,0.9593931187801417,0.7986502819254454,1.1363174216694363,0.8529442242478456,1.0420125629784496,0.9030928806918648,1.055699525953723,0.8902031683277818,1.0666900296157598,0.9221972257463683,1.254536488752286,0.952159631247233,1.0255051260555403,0.8082350314561799,1.227609653889336,0.9720050682544278,1.0869546673885575,0.9306924335081787,1.0732028109287557,0.8679891717784773,1.1121507106204058,0.9282669092149326,1.3277554849828281,0.9373594809953039,1.0708720957177906,0.804551128190444,1.2831872763094267,0.958365005490818,1.0906645272061704,0.9539017236098981,1.0745886529641149,0.905884292044021,1.1125131333131004,0.9758947933249772,0.8828409679394411,0.8398324729768665,0.8563930663835562,0.858480214560874,0.8687470951573585,0.8414381957928626,0.9637092263006486,0.8396209301793488,0.9406603541949115,0.8233540135182229,0.9109687285987355,0.819714238505926,0.8037795246734207,0.8094332630379917,0.8029097938738545,0.8412500071674114,0.8190014951316474,0.8492543149096127,0.9203579396081668,0.8611882351519516,0.9332625974158121,0.8044772887926024,0.8736009430374503,0.8478105800780225,0.9821891598075843,0.844677825990904,0.8611167443358599,0.8436184203586721,1.0054890893257367,0.8342243618338903,0.9914844872662357,0.8876200249400036,0.9708124613247899,0.8538496691336904,1.003310715478865,0.823153089156392,1.1301799959774923,0.8520836379753065,0.8463591770016348,0.8280688792716442,1.068517251105611,0.9882407735069128,1.080050221436211,0.8970031626651794,1.0361269926149885,0.8577394375214166,1.0921152036479982,0.9219087649477642,0.9592429062415893,0.9000469038224574,0.8457417186036456,0.8476667353167541,0.9957592276150137,0.8645217166457657,0.9804042904399514,0.9034735946381311,0.9978850155108361,0.8479795812712428,1.0071239685430613,0.8966521199360384,0.9042180824481881,0.8386730776757149,0.8266143431389136,0.8306134169502757,0.9475637916945753,0.8440739514596328,1.0168268104730087,0.8774750782415999,0.9748984675070174,0.8789419574758689,0.9914019361671382,0.9039455031868149,1.0910276167778448,0.9228487852531596,0.8866126798983472,0.8454352336963762,1.1140456809250494,0.9064097014984686,1.016219421222115,0.9386080247863332,1.0338048135288451,0.8551552792359641,1.0525816801150807,0.9231938145307556,1.2259510075050648,0.8894128517516245,0.8684762278975859,0.8103909014317854,1.194295827162406,0.9156418430192742,1.0829176104757825,0.9148738696875801,1.0473346990592352,0.8799433783189349,1.077021603149782,0.939053734403217,0.9975097391498011,0.890863520814167,0.9218089093996058,0.849635655110807,1.0986978929672548,0.9247889242229564,1.0291383664856384,0.9400630641624825,1.0371594514265063,0.8893691324562961,1.0402843637911015,0.9198676769848966,0.9748451593610916,0.8894751718148273,0.8768832082716418,0.8367805451733151,0.9948856625778587,0.8682034719941196,1.0374357303036874,0.9417195536199312,1.029008028664822,0.8829858853138459,1.0727379237300396,0.914439995501903,1.1629433887249274,0.9504477204320643,0.9089686086930625,0.8484376882544417,1.2205434036369025,0.9592106067886303,1.034971467146135,0.9199546650854917,1.0555667649687916,0.8785305764533519,1.082045002446018,0.9434030237049111,1.3199581393848558,0.9581906568427536,0.8763020371686794,0.7972203267554251,1.3093800702308962,0.9500942821569008,1.1168313294925591,0.9559544709757799,1.0634851879132818,0.91086905233804,1.1393214642777139,0.9698531930838156,0.9766875683091055,0.8481188397633378,0.8544005411232733,0.832756488715257,1.0306433161157904,0.8600113199729686,1.0125167683171588,0.9223080883937804,0.9934756463100094,0.8812447331588579,1.0276005218436386,0.8843970549061936,0.9242668356429546,0.7988784051323772,0.8530617766127347,0.7854259001781595,0.9736036031554723,0.8383376060951943,1.00498302272163,0.9067285961468302,0.9841390527632479,0.843959931837376,1.0316071354465455,0.8742849148174459,1.1141808037652243,0.9157468224609173,0.8447909905834015,0.8017081300901873,1.1577513563224864,0.896334732181327,1.044591303508579,0.9179450143687384,1.0322994529556533,0.8481643380101892,1.075507134548944,0.9292396189853962,1.238037110536663,0.885294429842612,0.8662171922637458,0.8184550365440744,1.2376488517188151,0.8797090630612477,1.0965549336954319,0.928671518686117,1.056683658158772,0.860269705284191,1.1538296326064341,0.9313109999033267,1.0496121030813794,0.8719900345550862,1.0543836029906208,0.8447244311065302,1.0471691727728336,0.8677919289413656,1.0657013024450759,0.9314853847502914,1.1068659237798002,0.9194970615438425,1.0476024137378466,0.85424853891744,1.0757040190522797,0.9619945474583967,1.0911132683180689,0.9564230021415743,1.1049577720190653,0.9571290777430103,1.1032957027273873,0.9613593326057995,1.130366554464104,0.9637410927574603,1.111803256740733,0.9802340721342907,1.177800902454775,0.9407661775947072,1.127819982261051,0.8626985715663555,1.1633155731253515,0.9100510954002604,1.0756548905016192,0.943449508589081,1.1109347651312618,0.9307377043538128,1.0943049040394446,0.8924337758476881,1.3205781002944952,1.1852571992780363,1.1884091073070264,0.9897666693769693,1.2756707383808248,1.1066854989436374,1.109081327055583,0.9708575430044292,1.104440424012099,0.9588554005865463,1.1145993421537632,0.9652784751583199,0.804333061786242,0.8157533678759533,0.8240919861012981,0.8146757489204985,0.8589706357019812,0.8138228773631391,0.9219642487316841,0.835948657918918,0.9473215661056541,0.818568966414909,0.893222934112626,0.7925561262656977,0.7957125767771487,0.771841750936448,0.8017329463924762,0.7756769742261946,0.8014091593703635,0.775870310418703,0.9381415120667753,0.84040116251652,0.9609088411883866,0.8285137689984038,0.8755728362783312,0.7760598775342513,0.9223185281560959,0.8293371409999145,0.8662909122288229,0.8056457210166034,0.9659769391091737,0.8215752680064836,0.9850059852331141,0.8695592995984989,0.9910759559152288,0.857317536553353,0.9835567699489266,0.8244486690342923,0.9919451889384742,0.8058599830001777,0.9198044011838864,0.806430514200699,0.9654010649682128,0.8203991888099386,1.049694034658676,0.9053407963288145,1.0231678761820346,0.885412386514902,1.0188062872442962,0.7948305601216238,0.8447072858688258,0.8062915588689011,0.8403672908293764,0.797382443876458,0.8452098501364435,0.7739976560436607,0.9215290883989615,0.851270650960599,0.9332932645661076,0.8321988472212866,0.8794511774784126,0.790827057509243,0.7868473642933284,0.7774958498963289,0.8004125917353219,0.7861468702558471,0.8030186118559551,0.7767972550786636,0.9346454596526196,0.8577757088553476,0.9586123563330349,0.8059771210617374,0.8735362422557348,0.8069912213333705,0.9520591142749963,0.8328715425762272,0.8592361996285723,0.8129052879510338,0.956837013458259,0.8254780783511249,0.9793568518719615,0.8870248741854171,0.995680011401003,0.8598190128274352,0.9715634395305325,0.8460385520607325,1.0152050551206573,0.8106408657330427,0.9446684903986059,0.8063317735824128,0.9457321340716919,0.7941088862689998,1.030027922464759,0.8826335880268612,1.058471196054987,0.8804790350627446,1.0034029673197677,0.8294584996249654,0.8210943996317556,0.8072386152176074,0.8015024418738793,0.8001264016380107,0.8346006010907764,0.795422550262914,0.9199408590022938,0.8330063041973435,0.945188356676601,0.8216745942127146,0.9046991273551495,0.7962409746291019,0.8074635365859552,0.7540413281071808,0.8025728518941727,0.7713217277024397,0.805567899046354,0.764134778986507,0.9135203527904058,0.8426548585831657,0.9618820460847709,0.8345188771179446,0.8899534965875535,0.7876786306533446,0.9480183201944599,0.8255270130649567,0.8771489755109437,0.7969566369495305,0.9978321556924106,0.818716226317984,0.9921093652183418,0.8571865628910312,1.0070574608146008,0.8397976215238493,0.995510355937115,0.8413865083714828,1.0716448072027178,0.808610412683989,0.9518625376926887,0.7981576984469133,1.0499664109214366,0.8120122964642585,1.051967352416425,0.9049539418330697,1.037828221208374,0.8945134733697979,1.070138164180736,0.8285823646092132
20_4,2.8100496090616147,0.44419394845003335,2.3897691911256773,0.07738212227188442,3.0460192165086797,0.30773246345190386,2.2374806281615816,-0.03832766623778992,2.4173193395515904,-0.1119458930022743,2.663361108177949,-0.029282330425032133,0.8297862010282733,0.1084136727442669,0.5987597251712123,0.19822829668815312,1.5228708163552724,0.17539609340320872,1.8870905748881253,-0.03387332864348364,2.345832450568886,-0.20586712590771716,2.2859254355915093,-0.06982885454630629,3.951769484828688,0.47960329716299777,3.2624618277820576,0.05958886881890994,4.1124173450834975,0.3811242702838623,2.970515547367732,0.140450010080465,3.188631671910713,0.06005389469601271,3.5019384095647403,0.15831121309473967,4.544770707546859,1.967293003660788,3.8016797341791726,0.16230813218706652,4.53194698713155,0.22542937190947535,3.688888002622381,0.012506770669657451,3.7626358499477583,-0.06276570732009902,3.952236608984231,0.02478902833840732,4.026785361539644,0.5278343020966839,3.38669545631096,0.039517923516983404,4.089294314137927,0.4727185208628595,3.401924295929832,0.14336168075567812,3.2285448561108807,0.07628606601304012,3.518678993300949,0.1878877844715403,3.7774732239808904,0.44966989142955666,3.197677939401168,0.08117755038485268,3.9815377958829687,0.40396702525544154,3.090409636400291,0.1353114833481352,3.1860978208741138,0.04130562415658139,3.5458057697955327,0.1779380691062106,4.36135662734561,0.6342118799205283,3.741490094329856,0.09655268611076827,4.400350864348355,0.5354001250792784,3.569325871856558,0.20105071946018524,3.524549660911396,0.11461529508385025,3.8430250124509464,0.22284331853019612,4.617402857527811,0.6265611887332563,3.989370437020079,0.15763715191841512,4.598331064922658,1.016521799084403,3.8147929941216696,0.20246579348468613,3.8490563602835017,0.15304287301645256,4.032471093993612,0.2610044406614253,4.020215741713188,0.5259004967027838,3.262068488612217,0.07831673652685628,4.073863752985462,0.47357454146166994,3.382811020132853,0.14420266114272803,3.1859447043258413,0.11751424633195871,3.515820490097116,0.1948311330376247,3.7718985160064618,0.46648316468976,2.9753323345476175,0.10201369315500806,3.9721668007448163,0.39761851901891715,3.056635006911855,0.1486817718588437,3.2378967605364997,0.08794366477233699,3.404767698959317,0.1849424869931765,4.363158840841954,1.0896086120976833,3.7356790722403783,0.09634171813866027,4.366623746858461,0.5502238989080468,3.3956949036792903,0.20147866228318068,3.4986226811280328,0.1378816086626535,3.8783355983010908,0.2263679429695614,4.614835322089736,0.5809397325405223,3.9691869265644653,0.11927501923152704,4.569248555474099,1.6756129333469227,3.7836680530734124,0.21595416006184903,3.8223699532725353,0.12841430627550587,4.111470367053631,0.26700155417031946,4.142971838042478,0.5605116509647243,3.359254422304715,0.07857130115018404,4.102244248303997,0.48815660789251747,3.374754546951334,0.16477508013383868,3.299696890197961,0.12054961049450527,3.6075133850564143,0.22558901413135857,3.895158434431314,0.48665250709628344,3.2539060560713513,0.135046523784431,4.134996350511799,0.4306973626264452,3.248912226913614,0.1518773494143599,3.2678540924563584,0.07495701599594745,3.6671448866762715,0.20842154514404573,4.39202185553467,1.0658492266086772,3.7254615178202397,0.11144593697610201,4.427730155188436,0.550214072648884,3.534631738428591,0.21744900344881896,3.459342718228724,0.12108155893995913,3.8966440567730003,0.2587280767032617,4.671421080856794,0.725218920514866,4.018524379222406,0.12137736833126508,4.622969729024171,2.1178732669309595,3.9216419637143654,0.25063418933020415,3.9521358012147756,0.15078438668573932,4.077401216714451,0.2760543563015227,0.5147268438150608,3.5652686864398313,0.31510357971238195,2.728303340008942,0.5137651306346399,0.23994108459057892,0.5679645764770345,-0.2183497472039332,0.5225395494587527,-0.14453370775981203,0.5475522528281811,-0.021985070125645042,0.2709905063294765,1.9813416377506665,0.13826493878887558,0.417139699680707,0.3657599007319288,1.5254406513966738,0.5228231350933,-0.11328304295824092,0.5423858618210605,-0.12050869547482453,0.4814491164049084,0.08533441183655754,2.5507060572624325,0.3331168248915856,0.44690371711404164,0.1386128513331373,3.288852563057131,0.3231565156534721,2.2663106536323245,0.06778148197772628,1.9887564426754103,-0.07634650225798832,2.781084940468617,0.076903752260849,4.007389001797994,3.771147255298845,0.4790781603486198,0.2340470795611539,3.7030650511843555,3.8790368431589597,3.456403532943669,0.0011860259081065538,3.17783046083148,-0.06903110400549846,3.7918133211827576,0.17263876601631956,2.4839379808203073,0.48353738751806064,0.42748153882017337,2.6587969005411805,3.105015186215134,0.41466429493581564,2.571214073722869,0.15014969577819587,1.6639045953358567,-0.02993209369078647,2.7591609637114773,0.1807461599849521,0.5903641977585314,0.24483557561458272,0.369092050293573,0.21311133494673484,2.434664238324695,0.33837466165750546,2.3350284647901978,0.1539008209711701,1.8734695933385987,-0.052124012889250476,2.7998067837783385,0.18682707547397642,3.993023452254348,0.5657620942197871,0.4589638759903642,0.2466310549971327,4.087590313609793,0.4970967765005159,3.3506258334732766,0.1719107117518332,3.269250297321135,-0.004342312798931928,3.581546816237426,0.21336640483110536,4.385138584151483,3.271002035431319,0.49905170980040275,0.22734008322506827,4.4509633972288505,3.3531475818790613,3.6145374392469467,0.23173377636705042,3.569002243106854,0.05666748912148909,4.055442942706105,0.25880367204855437,3.6227869945392324,3.5431921279063476,0.5642624881698189,3.1364275744653822,3.9721522171253865,3.2959874268741953,3.1963248609561723,0.1946539453819258,3.2404569371722647,0.011555530527165398,3.4859158117895896,0.23199938910118956,2.936081831967045,0.4184181343911144,0.47143485013477826,0.2857251920831999,3.2650625294827784,0.43990075164125964,3.3192490833829957,0.19184988511485554,3.0876274173339797,0.06104798964837674,3.401229223694578,0.21171931030933042,4.302607284114525,2.3090408502979276,0.8311206207687964,0.23678185349159278,4.310448505504466,0.5636979342513806,3.517453456723892,0.19631793373090572,3.3630564972047816,0.0034144997759190518,3.7148383916597174,0.2680586534226645,4.5440823400648815,3.4216894840135192,0.5543126207201237,0.22139655436738034,4.513698950947188,3.0281947349117058,3.8460037226516213,0.23922902352555084,3.769411034546066,-0.014583847068212747,4.026817522034832,0.310723310681765,2.7012368734151186,0.44811575193801606,0.44511888998384075,0.21374554571741985,3.372588241597398,0.40008171356894934,2.733493249671688,0.16891637620383135,2.09717666665285,-0.08199383153628782,2.9833562196564216,0.1660555756385406,1.3303907925357328,0.23904201847805467,0.39229324153007644,0.23633385886118113,2.603566679037764,0.34744332120898236,2.222372721667744,0.12509314164746094,1.9664115364279653,-0.0036893416782555494,2.589278994281875,0.1415180591928037,3.9364001059724143,0.5384264036459627,0.47205645982652955,0.20473054191692622,4.092568492542706,0.4767215941431244,3.4840319129401873,0.1562079401888254,3.1276022824084593,-0.05144534206006909,3.5808043430588903,0.2236239974707434,4.457509421083199,0.5175686102919279,0.5061456368520943,0.20409590451238668,4.352312831199355,0.46899094099262995,3.6552551552909676,0.22866706376486445,3.476398744755739,0.05763015325880675,4.013620364456105,0.267812462212121,3.806976212136594,0.4249447187516221,3.766491487906081,0.2782636933994588,3.761106713378632,0.36165154122326987,3.883738154572287,0.20441043356630326,3.932075435352833,0.1967690228671846,3.8873233998498553,0.21689188393923642,3.9426286040041254,0.7356873671147708,3.9306056852916798,0.3598165857189857,4.073283770451542,0.5850491274725519,4.0083366567273835,0.2318555281769712,3.8778644129378534,0.257557850559021,3.978644446623535,0.26082080123995605,4.2743329701211525,0.5328629294303248,4.133066296528948,0.3143369676140923,4.2914721758324355,0.4680472216781136,3.8735178587178445,0.2212758244734145,4.036353606376029,0.23308813084337224,4.049571414171057,0.23770099465522773,4.649334979172244,4.132275740332788,4.438378976783968,0.4666017641669725,4.604965921791989,3.8835248678831897,4.003693674263823,0.25665103400305356,4.090374064107654,0.28056597568162517,4.187014866760245,0.34805799699637857,0.48650032451032255,0.15199901899249268,0.4827820314543115,0.1447399307640339,0.4877511367027002,0.16277613278413322,0.5604366477346053,0.08377733145347813,1.000360208279276,0.10764830834633307,0.5046221827608013,0.09541999403450169,0.4824180806848989,0.368736352687189,0.4824237994718182,0.24074305786421546,0.4747917592165907,0.4092787826039349,0.5440170798744147,0.1137269315444395,1.42559197144858,0.09928835966973651,0.49095064215643014,0.12206302898455755,1.8300486515408316,0.3405642937000567,0.5343013298033764,0.13668631444226728,2.9141485080640455,0.29860269642003157,2.465002583608778,0.11163235414567715,2.9087879315229532,0.11558929415669239,2.7284933162525165,0.144664504638102,3.8097592842566907,0.37297565690496615,2.5210948546826724,0.16756224480059123,3.057929269385327,0.3637683751444188,3.559847613224224,0.18999352924585994,3.6127141300434644,0.17403589630485639,3.5272592555544118,0.2151609514941683,0.4658711700714909,0.1448516539852387,0.4777653857382286,0.14176081015834427,0.4962139903762712,0.14980731766105107,0.549309362689497,0.09831735202709396,1.2139847876369432,0.10098198258397093,0.520051472412958,0.09523311455828298,0.431878685960227,1.1907613837179138,0.4386891676086309,0.2605698137530471,0.4366470623234569,0.771669239137239,0.5446125668519904,0.11552687507729509,0.7179949043890976,0.07721236808409263,0.48275656416851065,0.13140237662476995,1.8789357166975402,0.2599015800950586,0.5605895100515803,0.18448538679344587,3.059935171125396,0.303843087977927,2.5830361785638907,0.1564371795970384,2.837020910092351,0.12166057438107054,2.767095614224237,0.13617567709638206,3.669257814228734,0.36654477865366186,2.591890857048837,0.21569173785650228,3.2440799184062166,0.31017579936688344,3.464576309890578,0.1580106255144481,3.6373347826123186,0.16416758973661674,3.5947805056619275,0.18644017655647735,0.4959726405866671,0.11824171242021049,0.4899823295271676,0.19393310700987912,0.5089924510172399,0.1524790122857172,0.5932544103081185,0.11656005029050773,1.6196247991225825,0.136245820869232,0.5545377522453625,0.1599651862819387,0.4933118347264523,0.601766142556768,0.49566751214727006,0.2424626106737086,0.4924562686051181,0.29728122799008067,0.6372396804854615,0.1738667298453011,1.8864158215194924,0.13885193719696232,0.5569595349829795,0.20400985495681992,2.6523696014021287,0.41223262506131647,0.5438536602128315,0.1773935149330559,3.3406032134238024,0.3803805746133388,2.560188548472577,0.1522953373242705,2.9610691935678384,0.15543573572110533,3.1884927245741435,0.18597609392562428,3.987523495413175,0.4462929936484489,2.944354291039266,0.25233790973594816,3.8926743699115995,0.3701007173317779,3.569674434721635,0.19000490559591893,3.7204248700438587,0.17430806732785303,3.7800662821456767,0.200446849940372
21_4,1.6014185849228308,0.9662627353034856,1.5162759230295133,0.7212940325317038,1.4755361462218521,1.0790438754552276,1.5855796320385824,0.447502205300416,1.5702376800703992,0.4285016117601149,1.5003895062190784,0.5705777779731444,1.6184238228060959,0.8903865799986453,1.5312166036535362,0.6451852309849588,1.4511622024914173,0.8943838438280072,1.547880961487809,0.834158796026597,1.6054494808478135,0.5437063659876434,1.5676074526408479,0.24192842269971787,1.7964578438366305,0.7072875479904669,1.7036409631238272,-0.13438424429748347,1.7826857611840146,0.19832970971493802,1.6230105476415375,0.8106068846329761,1.6137469569797136,0.5084888361062286,1.6673455282691774,0.6960864916396076,1.8613306669408671,1.1488833779388694,1.8305144085832337,0.6987724384096512,1.8490539427980606,0.854569269282013,1.5930473490747992,0.7925033668565586,1.682460426369752,0.8026599679551929,1.7350546478473683,0.3806939815890377,1.6442047567485512,0.6941632142845503,1.5830843030213189,0.8328997257431882,1.4907533371580588,0.8161249029422832,1.5868709421976683,0.8111824031939343,1.532233858835425,0.6467659086971009,1.6543224153329608,0.31483416534524,1.4504727009608118,0.2560776521895392,1.5976972457875802,0.6216032077919688,1.5581363920040396,0.9756781225781088,1.5995279794297932,0.7280795009479161,1.6395433237019337,0.56955546911614,1.7045391790146949,0.873483454534026,1.8347895213330239,1.153252039924794,1.640461481166474,1.0861183955693343,1.8249874429806094,0.8360652850703806,1.5918515468553622,0.8591144640431035,1.7041531532082959,0.7977862588014204,1.6270905805447282,0.7922374162124977,1.8678014068934883,0.6266652557658873,1.8234362612979778,0.9647895400389289,1.8580764355573014,0.6993489866990786,1.6879794436043307,0.8562828646379655,1.6567569091181675,0.7708315416020843,1.7509277376291799,0.8706071696224793,1.51732414047169,0.7004189175238846,1.3163184442250373,0.8402600743781922,1.4507061582840712,0.8102805693051758,1.6609631123427302,0.8256714517145711,1.6609314530241357,0.5026003855495104,1.694944563958569,0.3672655548781611,1.2126834792629804,0.8215399691936223,1.4026460780652326,0.7214967669467118,1.5644481353341508,0.0680862524939154,1.619315838232637,0.7527628574064715,1.5982119950296518,0.5308211959349662,1.7087153860239832,0.8335827532115471,1.7928163417368452,0.9044137556377193,1.5208479497139284,0.7825097740801974,1.636741181003786,0.998978747129369,1.6016792645648898,0.809918892323002,1.6501202784263547,0.3520955895021753,1.6997216629931275,0.8790653081457891,1.868373143834671,0.8922606766989489,1.8188996796618788,0.982375858819044,1.8297303775746903,0.7216946819608039,1.709648679697331,0.8438852619998906,1.6758909761943033,0.6167294331435164,1.7113529959905485,0.8835833696570728,1.8145504063817872,1.1315937162451923,1.760658919255129,0.06896725884631748,1.8101636613300303,0.1472940816724237,1.6081544026781924,0.8179547227037228,1.6713999656129397,0.829281996441273,1.7080438815622354,0.9478974342700505,1.8276579607032486,0.9648243258862582,1.779680070331536,0.19511480761648092,1.8292733151137248,0.19427489465387252,1.6191855057221047,0.8582303156659887,1.6305325161957738,0.8283334314181138,1.6867636408272249,0.8513436087738157,1.840550739131857,1.0059172226846365,1.8105336518923354,0.3104088868947733,1.8381621139973077,0.8164080625556008,1.6983197917074797,0.8275412879836332,1.6491898732735442,0.8055296164960428,1.713791540805224,0.9575116163906079,1.875370321033499,1.1863032823478934,1.850143014630025,0.7229617873342031,1.8655871244769917,0.41122827698591174,1.712546231726499,0.8676497282855177,1.700783281214795,0.7678613649712174,1.7744609050578508,0.8910031048561017,0.6911960047870116,0.6802536562415685,0.6590759314269913,1.154878539596537,0.8613587825509149,0.8710475902552458,1.2446592807992825,0.3833135279092594,1.4029278644752154,0.31109877227127214,0.9784445376386747,0.3104088881379454,0.8497335034499706,1.1475461455111093,0.3513023681670605,0.6580568541674479,1.0752423681223322,1.2211196358835212,1.3876560503784605,0.32857550470189006,1.3704394230767305,0.8777255925918109,0.9359075066531826,0.5848995737007283,0.9666183565076502,1.002757612783662,0.7468042131032369,1.082144413414788,1.2130484083499098,1.0861165317585784,1.575694889075914,0.3923437029006498,1.5048666139827915,0.3348980235221302,1.4293264594336639,0.76013336761806,1.6802434402295117,1.3397942224544763,0.8147610872975781,0.8562303949217553,1.468934378312443,1.6132613082465384,1.6054491086205258,0.6912119145082392,1.5665801199378915,0.5312099381702988,1.6675825501961854,0.9004781671074823,1.1650614920496385,0.7877547574197422,0.24794828798154506,1.0056349597374332,0.8498786109477753,0.7487734386714628,1.5111303314862294,0.29513686746563994,1.4130838424347993,0.7721443315665287,1.4089580554664258,0.7887218172034364,1.1345775740098156,0.6813495305559639,0.5688416775673731,0.7981354054034058,0.757279696646578,0.5179211104390807,1.3617266647540076,0.28247338484781415,1.5027531383090966,0.6709269683913051,1.3966298640135744,0.5090676538358812,1.4174594201152748,0.9021369577978341,0.6419088302006706,0.7398181294481491,1.3888913650243522,0.7884763447435379,1.4590646336035888,0.6440198505759681,1.4679708673913114,0.7294209122154467,1.5319168236436913,0.316744583862833,1.6437137684134684,1.2057639079009177,0.7204611428088888,0.4339830908586479,1.74347244980447,0.8714034955173433,1.6567642936777163,0.9206336025285687,1.651773112959991,0.8438912887985169,1.6751515053340047,0.31821194226925636,1.0150902072816137,0.9589867448369941,0.8295388022362759,1.2362906503306912,1.385728237844207,1.185114603531262,1.4525331720784838,0.7296875012467753,1.5878590464600417,0.7966360129867243,1.5364787245660791,0.7425539157085604,1.1872725637828205,0.9199681916534452,0.38959861178989963,1.0861229672876753,1.347827089534419,1.2042759331781965,1.4833152119961917,0.9967582465059632,1.4816207053055883,0.6875689499406973,1.5756683985101254,0.8209663252159327,1.5280466669752173,1.3364300091505938,1.1491975899475246,1.0833245449975362,1.6072816068642521,0.8481677103136669,1.485751095586476,0.850744735243801,1.6774404223361146,0.32233857525128357,1.4594583851828316,0.34582043121091266,1.7835321402089663,1.2405401483912732,0.34009443064830763,0.920656273092256,1.7888798238657584,1.2558464675372207,1.6589091960409856,0.7898655858633082,1.6362844894520152,0.45943673462387724,1.6564098090182722,0.973538083342149,0.8458730865776551,0.6561745381330204,0.49115572658424844,0.7784779759236825,0.8923573890587698,0.7088967401755961,1.5508948532663178,0.9213947264763708,1.4696085120694677,0.6009578381693604,1.393471100182645,0.7213345367998012,0.8869879665898864,1.0861150929639782,-0.14954471811195766,1.0887532436747727,1.081415668585628,0.263878039718468,1.4710483993046852,0.32695915052321894,1.5124094875793441,0.6235606674937445,1.3681180354642324,0.5331760789262394,1.4647090823322324,0.30850805550052357,0.6262356796855757,0.9533128645105072,1.5710455274218593,0.706150479606657,1.5555711397246106,0.4925992098668314,1.5887907310560772,0.8215106248744378,1.6259144821420424,0.5276166125198324,1.815028331988541,0.47525590267847356,0.7690689562872772,-0.007261336019638893,1.8297420964831648,0.5612862003688,1.5877710578173565,0.7328832634487757,1.5987388675057856,0.5748773620630737,1.7392094634374533,0.6977578966901149,1.7000104408806647,1.0213158168081777,1.731128672987733,0.3687706314353532,1.7377748386165879,0.8028174961638673,1.630077067231513,0.32311136826054204,1.6424570903783808,0.3235280874483772,1.6714070069123719,0.3014706879705791,1.717010445684185,1.40506754318935,1.6034375072061413,0.31926060232931186,1.7171984573182122,1.2410649753415364,1.7030342092493147,0.29162125852649,1.7108133918284314,0.31421084825664797,1.661505190270024,0.3329960372987513,1.8185341680744362,1.3755869711873168,1.7674135257938037,0.3902873629986294,1.8163980886373394,1.263763467586668,1.6465361351513237,0.30322805556685684,1.62819305112925,0.26518645730400237,1.6543686757286344,0.4630211216966612,1.8472771606060883,1.77569994330281,1.8167275406590682,0.7496399395711889,1.8584662720206975,1.645798600404246,1.6976872710321147,0.6204515400375084,1.6962510186253048,0.31600619364409455,1.7380504882005363,0.8671408371718873,0.5137470727206292,0.052093882771659286,1.0088288478766705,0.5626772993814386,0.7899742332659688,0.4738270165382004,1.3939316565335675,0.3415641074231176,1.4474702368458776,0.24894815921470495,1.348505325545961,0.0019360303162739231,0.7874960497178229,1.0388399765074883,1.0873458891817545,-0.15648287589264395,0.9125022090148929,1.3756914749279605,1.4465442675338898,0.2867412457508918,1.429547554624467,0.33214650420597064,1.3566058607662397,0.5256837015385277,1.4213817248312333,0.26795191002814966,1.1876966836110754,0.9511843851705252,1.3852926542543538,0.8984774217934545,1.5308521588843675,0.36599042804635773,1.5337771564459806,0.31052507062632095,1.5102879031496335,0.290839942229055,1.7776951339689946,0.8575804343938268,1.5214729342299433,0.5917808067035277,1.481320678951648,0.24418482158589155,1.6200046786670654,0.35613791887266516,1.665903190218103,0.2909855302590895,1.6535876200966293,0.4742722234100749,0.5215776184100066,1.0861186847386886,1.0897041818165902,0.5983892308077561,0.4557980985644774,0.3274632356449935,1.4237258174912506,0.2958520261169303,1.4783466129196707,0.22971294202494322,0.9845324013911255,0.2560823680904811,0.2845394337372356,1.2685778355152906,-0.15708742251692692,0.2517880919098856,0.698611500977728,1.3700988900951003,1.391330514191969,0.30885479967876833,1.3709908656965593,0.3228077658640339,1.0531718757392516,0.8646569930411317,1.0586963292350433,0.7881874814851099,0.9690486186705672,0.4534327462500385,1.0746115843459527,0.6940414054212198,1.5084377645186724,0.3132836213469965,1.5855265972540566,0.3091622042843024,1.5070965998719374,0.46994812707433964,1.726124971557799,0.7617760674399146,1.4897016548023088,-0.350464152060054,1.560539141501812,0.25608427631298586,1.6056055618859597,0.4910839146536053,1.6221329664578854,0.3060597233923987,1.73120495776231,0.5982948840403661,1.2958935229525501,-0.3807138035023383,1.239739504558288,0.8341169543830095,1.3011028103134652,0.7601292537584071,1.4531815737323854,0.2931934448490678,1.4902061226805279,0.322200203680203,1.5322192119378677,0.32385103787809016,1.2026646581023792,1.1150242121671652,1.251744863859651,0.3181027543657224,1.1950631541070258,1.2148698315250073,1.4957462440676796,0.36952145773962664,1.5046552437162632,0.329814000532624,1.4657292459964835,0.2870218723568854,1.7374338064421901,0.5388421523926623,1.538628920950749,0.9647885379372511,1.740876356740579,0.3527803297713278,1.534679961273101,0.41781224234532216,1.5562328095144453,0.3421091648574329,1.588201040162868,0.33796365046468335,1.8387150323011223,0.8604914520823669,1.7418153681929727,0.8823593668016867,1.830500819232555,0.8305834250159133,1.5883788363307059,0.5325638440467774,1.6688938948399956,0.3012603047584746,1.687739551224002,0.6824146737770084
22_4,1.384361106772523,1.1639028530683657,1.3456618167108345,1.1647273523012147,1.434414987051042,1.1639017925639081,1.5415208604484432,0.8376057150037777,1.5762374033730475,0.7849781747138636,1.5794546765722564,0.9922919810161775,1.4542647586534891,1.1783951338041583,1.3124310137305009,1.166423392354417,1.4819411758771506,1.0359194234383913,1.5902605305123778,0.8351319073486337,1.5732977127471017,0.35231586076918237,1.5639653888562635,1.0418731944334794,1.7004966389831835,1.1639174004832384,1.572811926353553,0.7043854087756918,1.6371110622921081,1.1639270587116917,1.6010965563668695,0.7843299535026771,1.6459503473395452,0.32300918364566966,1.6142982356575175,0.923117878786122,1.841779100434004,1.3381901518013364,1.784863350449853,1.0084635514060996,1.8283947449111975,0.9182986159626435,1.6777016082747815,0.806904381669936,1.6819698927045694,0.5145409277751265,1.7142365526001146,0.578734997215215,1.4942622331949227,1.1679691324960022,1.3829333548608114,0.9164491954813975,1.5054743454682111,0.8484959559758976,1.547644183432905,0.8489434186907602,1.60799785459472,0.5587037567600566,1.6003101731337335,0.7556133140224952,1.5701647738571478,0.7043930284587886,1.4347156676632238,0.754944578575669,1.444293057991552,0.704466334625883,1.600825357021496,0.607065272240094,1.5965033114490572,0.7053306369628378,1.6364691298516536,0.7797416597109037,1.7598153989595788,1.0055240343605896,1.5896366954159198,1.1639017447418698,1.6954368566974845,1.176952127991502,1.6101109389731272,0.9069863794946205,1.6346442107057535,0.8281055638064739,1.6938474636395469,0.8677897265342649,1.8515821489874114,0.7684408522777835,1.746697689835059,1.1639017475364517,1.8491318572127513,0.8347966415437547,1.6566962033504775,0.8882760796919994,1.6898487193746587,0.8327573694435519,1.7626192059090016,0.4947819427481591,1.4383872756334792,1.1928697741946241,1.271559771007651,0.8667154909963924,1.578749718182972,1.081453430752953,1.585411954242696,0.7645096392394551,1.5800516609773183,0.9563256539795305,1.5470953725255938,0.6575569099636712,1.4942366523653756,1.16390184880244,1.1135401134383696,1.1639017327491379,1.4515528136068543,0.7923207530283464,1.5463365614834967,0.83858275096474,1.5140264630085987,0.8594772666579812,1.68320907919093,0.992300259467441,1.6129880744486507,1.0326302619785925,1.4905286742205257,0.7216634255661073,1.5992314950128546,1.0138815760199913,1.656030468219544,0.8775720808465024,1.6474892537878594,0.7317366568519668,1.616609848014869,0.8321556942067325,1.8224850909185084,1.1095548193432103,1.6380430483063837,0.992803125352561,1.8359510855164565,1.208498697519834,1.7138311671798256,0.7537961019190198,1.6952784810838921,0.5663741674313351,1.720766021405675,0.8804415287061513,1.6840930830231895,1.1702479507648975,1.5092094156303502,0.8443710668603659,1.7315511746832362,0.7264313646764521,1.638864000356426,0.895632782654598,1.6165836373714604,0.715038768471745,1.6717902862267167,0.7215565165410371,1.6938289822800123,0.790517258286938,1.5492427937360127,1.1639193681433941,1.7368531759821981,1.0460230215100552,1.6447897752499354,0.9236206585828821,1.6865549606548067,0.7161833971527135,1.7025759493983732,1.0697392923241906,1.782484971764032,0.7895319358814398,1.5874432118657353,1.163901715378659,1.8184329557345735,0.5795134682363166,1.6618426733865004,0.9620639005836251,1.6644630730564542,0.6961994085813341,1.7001196007218915,0.807948445911526,1.8597598941891647,0.9939449256637328,1.7942951094801667,1.1639039941094662,1.8486283620532147,1.2251598159808479,1.7146186065451143,0.933659844880765,1.7451092461142985,0.7449961109241103,1.6922051668809206,0.9243004270828281,0.7329720880887803,1.1394814958681672,1.064264769060854,1.0140516341206465,1.1888018761939052,1.1840657007167974,1.3446922219068334,0.7044575187935538,1.2353945046291748,0.7949158293323786,1.0109249883379525,0.7972626303384541,0.9923684366836435,1.3272940904923638,1.1639416464714252,1.1460798107020087,1.1640429271808908,1.2619510169037715,1.3859620114092783,1.1641129025500052,1.3765968905132175,0.706072574129894,1.2334130809620985,0.719019931697058,1.1734291716619967,1.0296921862022437,1.003651579449603,1.1639017166858745,1.2381281061468354,0.7926456446878555,1.3564771517573544,0.7907057032117591,1.4895489184239612,0.7061475645595015,1.488896658336043,0.7054125007208459,1.5900609819711264,1.5469623558928283,0.8491412706388944,0.8949052704559666,1.4947745004968789,1.4780840306531868,1.4938890265898013,0.7761280087337065,1.5372958784781188,0.7619901251531331,1.4132708306437842,0.8500729817032182,1.0550451320297853,0.9800562080719286,1.0447064862032729,1.2660761989558331,0.971359314682324,1.1648904465832721,1.389080019168721,0.7262802337705785,1.410804225968524,0.8577493441952494,1.2063977444386282,0.6886972706324633,1.185341009025397,1.1639017147190962,0.7086788813197199,1.0970833568652072,0.8771194282406084,0.8060345885234826,1.3776230378632952,1.044614629376372,1.3816185977206512,0.7081195686451487,1.2897244494538442,0.790620305149426,1.3319475122719324,1.1527981059847894,0.7365936962529117,1.0594602785720881,1.3617051353285283,0.9341172094010525,1.477194773003449,0.7918880737575037,1.4476315223694418,0.7056651915782606,1.582420893545344,0.7069214123078089,1.7664524126358159,1.0652483337330252,1.0086955932244306,0.9831770571450478,1.7748925252047731,1.002740215576056,1.6413724532862501,0.755016375632297,1.5613785322955174,0.7133846893659954,1.6847801538790654,1.0249428934451585,1.3984736841166319,1.153362762544163,1.0768528552121877,1.3377461091747338,1.4344076672481394,1.1750340432444988,1.3926368673382956,0.730874152516649,1.4725205328312603,0.7082380088780473,1.4650963533968702,0.18655585294951366,1.2657903080964625,1.105856738497743,0.7170446234513934,0.9910764998018806,1.293247927996586,0.9531077618011353,1.5216703652298569,0.7876545940105999,1.3678577711206645,0.9927505448968363,1.3453247188122601,0.7058840804483112,1.5110564832862485,1.1610644655501543,0.7859013431116325,1.003781631343107,1.6919275926527158,1.0798709691276267,1.5925948975350661,0.8857902026409822,1.5651185314418625,0.6608664021540445,1.5573548987388437,0.8413390561319075,1.8200029203701065,1.286093306734805,0.9312619678469277,0.9299664855589977,1.8300305585028298,1.1797487657738541,1.5370484340395854,0.8799817378495891,1.5903681034447106,0.710734510199896,1.7285937562865499,0.8153466185968927,0.9337598859083929,1.2022937119832464,0.7161126453582757,0.853882348435782,1.0976683916076795,1.1639120376085061,1.4542961562985888,1.166364358971016,1.4248121474766673,0.7580259913767516,1.368701858589457,0.8616830303207335,0.8785650315840648,0.7043854066053935,1.1643635197827722,0.7160623589420956,1.3050130785126253,1.1639017149305135,1.422176216507581,0.8760219007505053,1.5169920167461879,1.0083108986519083,1.3727954719892035,0.9967990637153696,1.3930942360870626,0.8408557882250306,1.17064832782676,1.0407590136807499,1.3844723885500176,1.167339861318593,1.5836482742627196,0.8576024359548048,1.5626059695178434,0.806328997210565,1.6552006373641146,0.7255190942006179,1.786415501762683,0.7449570295374314,0.7537759004794045,1.1639024735747714,1.8102673668042997,1.1660215063110573,1.648882863604963,0.8011848460318918,1.5908460307947343,0.7046304730894247,1.6516873040595628,0.9064957647952273,1.6521984574202775,0.7859961325393502,1.555612754232468,0.7042894108796711,1.6921901478852586,0.696473984728683,1.6902496810862797,0.2599765905066193,1.7773089022815831,0.2984256562782718,1.6959836006412925,0.5262530166923393,1.6837048908024943,1.161009990644909,1.6527790200209835,0.34970498164070213,1.5943991843061318,1.0654332043212966,1.7334028339669327,0.5916258870257536,1.728374122385298,0.269871520400924,1.7346396917095985,0.3076189588543915,1.8019734113064285,1.0871763028667933,1.7430309550464123,0.3487685336385779,1.7853201102129554,0.9106413642110837,1.6329003480498012,0.29174090398028046,1.7225468311896288,0.2748951457388043,1.688333549192879,0.27826233041604265,1.8430525088061211,1.7085252014308772,1.792792953213256,0.4906492975926884,1.853543322904979,1.4936126223219286,1.7219272975933126,0.7113551749392352,1.7357164608798938,0.31304130153685056,1.7826913239752724,0.8749448004240229,1.0242450535780425,0.7043896406994423,0.7226903808437695,0.7900868963531986,1.1772475823275506,1.1639017148620263,1.4300635038208882,0.8161074175816336,1.4080715958151218,0.7096310212690514,1.3039443674446873,0.9925183598422184,1.1641365369319026,1.4417121742481158,1.0292537265729742,1.163904172827749,1.0153067769182225,1.3689799440227948,1.420100559819939,0.7346557851794181,1.3876600128514591,0.9991113579306544,1.1470464405231284,0.7863890440812196,1.3527712291778475,1.1639017147786503,1.238787306503366,1.1639017147176072,1.3058747210302033,0.790087034450761,1.4609324120990363,0.28880887430867946,1.5389981451073094,0.7239009655688985,1.5350734231906138,0.7044047819957355,1.6184565594194105,1.1639018008419442,1.398062189995562,1.1639017478669775,1.4793098717298836,0.7900889207011144,1.605315736316927,0.28147217859764384,1.6425185223184648,0.255290742929191,1.632429401299423,0.5791582544926702,1.0402933509082566,1.163901716575699,1.1663764043048412,0.7907673972731578,1.1708602629662241,1.163901723043288,1.3708478122757584,0.7079832991094861,1.5115417203124908,1.0049200095715323,1.311372496774713,0.9923182646469798,0.9927938911954318,1.507351753348781,0.9928516040078678,0.7054277214439342,0.7059459267059478,1.4815010426087432,1.4050215393192422,0.8626930672951172,1.4685151689488949,0.749986047142526,1.2521808792579368,1.0096942829465851,1.276609719504295,1.1639017148396935,1.1562800817087382,0.7043854087971374,1.2519479650769543,0.7043858819733714,1.4608942006395529,0.32187055829985545,1.4628645375780525,0.527945165319875,1.5205273622983466,1.163902500040623,1.5614254815799522,1.0828020783069578,1.4109905331593593,1.1639017970617402,1.545770819439692,0.6004405027373108,1.579397173905903,0.5788382645348102,1.5947982304760067,0.1310698580633428,1.5969234523094842,0.7671340439399924,1.1654809936828217,1.0732107166919196,1.1866564035727127,1.0421358882599727,1.2204436709920405,0.9922800729084627,1.4885793202911908,0.8424581337728715,1.521040480981429,0.36056735721612443,1.4844605253432652,1.1639017226264086,1.1764960255305092,1.4434854325540496,1.1426517265110387,0.9261453847775704,1.1600062155225845,1.4256094635945515,1.5665123287131764,0.7489270400912775,1.535710297858881,0.6213943653461688,1.4128716525608838,0.7167834607410013,1.4643102679292839,0.7043864394216656,1.3784207586543857,1.1639017153429265,1.6046615507103155,0.7043858882526465,1.5484446215823005,0.335127660555244,1.6217122560590778,0.6820204330782359,1.6521819756792417,0.8441894283679422,1.8033198015734822,0.9305350736228081,1.6478097388268322,1.0460391761683923,1.8006445193704173,0.7044499048091056,1.6524025998752223,0.7740498972591601,1.6335354319355562,0.31364927887659005,1.6812804065679108,0.3045779509406937
23_4,0.5540649378512374,0.5615944364466539,0.5256457704851978,0.5739736591159065,0.568424810598421,0.5193095719463741,0.5295806340706909,0.5171192069839439,0.5493120775364616,0.4802148312987092,0.5368336489593992,0.5327441452637348,0.5505634928049504,0.5616757162431582,0.49959058710601,0.5447462240916677,0.5424567491991672,0.5559360497619287,0.5412591121847197,0.5269526391223455,0.5239340699524307,0.4619603339219703,0.565141391157523,0.4583920242811382,0.5377836028199101,0.5611413734095808,0.573741185050212,0.5192097923633505,0.5694486151208163,0.5508523841975255,0.5631744156534003,0.5023380684407862,0.542231674686054,0.5244408679700284,0.5428893394345227,0.5058399250950211,0.5088962674072536,0.5510857213786508,0.5393058703924101,0.5334608643601428,0.5741815892707222,0.521104484048935,0.5485653171239022,0.5190121634681154,0.5460789598606698,0.4761472514991787,0.5289227798181926,0.4489027418646985,0.5407292688324111,0.5195558349637138,0.5453568842628902,0.5651856769384516,0.5480883768732673,0.5398412484063175,0.5354715823344666,0.5439086907940521,0.5163834353020621,0.5306720619130124,0.5175661075641511,0.5168313283349647,0.5696129495030631,0.5616067444244499,0.562599871484599,0.572087661393854,0.565877253760621,0.5669216985753648,0.5193237619948337,0.5452290404060259,0.563470410803231,0.5025573721466972,0.5528686313629242,0.5532808031055436,0.5984911735401363,0.5246660847354315,0.5638822987745705,0.5284009821448747,0.5627196102118502,0.5667619341282486,0.5244005149800469,0.5429414759314615,0.5471024875318405,0.5242891006861922,0.5534261592798329,0.5355661752449675,0.5657713329106345,0.548659469081733,0.548923326659495,0.5484350372480705,0.52549027337003,0.5310176814943991,0.5352535371954874,0.5516989268163938,0.5514898198775716,0.5503855157223472,0.557041593548398,0.5519346846176538,0.5519624558662618,0.5586935265277002,0.5616134571505551,0.553434150298778,0.5471387500359692,0.532761158015366,0.5601102042079498,0.5302911736877246,0.5322756503551376,0.515686269066683,0.5612809168578117,0.5498171020140684,0.5408308731495091,0.551260996427806,0.549069927160103,0.5277978067543148,0.5467509882996254,0.5678629018639906,0.5633357266774491,0.5306058824632569,0.5564158773307718,0.513766813916821,0.5447852115874973,0.5573398207965187,0.5612878043475287,0.47453950113813714,0.5801540101742931,0.5438230754062818,0.5371096999268242,0.5481252014210268,0.5732676182966375,0.5028605338747885,0.5246952799403822,0.5493964438323427,0.5631417939167063,0.5081029646854079,0.5776510082734462,0.523252708064961,0.5313744256299073,0.5652600327051296,0.544168376996116,0.5514592653888589,0.5282891501153687,0.5577171496939706,0.5349562262905899,0.4893542304322466,0.5763998941726906,0.5406639846174078,0.5689921287401274,0.5845932835640968,0.5585933388647456,0.5566663459837533,0.561931609374966,0.5805278345377038,0.5103258518045654,0.5655768650064016,0.560471453729076,0.539489080271358,0.5419860308849936,0.5307155969927038,0.5372082412820371,0.5676264950758606,0.5404744264756995,0.5582822345816238,0.5478364209412494,0.5640222151948175,0.5838826137001091,0.5187317490707315,0.5600583581752834,0.5044418216583394,0.5714696168044306,0.543254382304497,0.5605614726401057,0.5673758052276704,0.5612577049321334,0.5732572819421756,0.5427949605868746,0.5451077662388031,0.5613692668178024,0.5281489012183622,0.5600257146801159,0.5397030330871788,0.5177033668796309,0.545204511511369,0.5631906759610756,0.5753481296386337,0.5586412327404574,0.5523785355635026,0.5508882529556516,0.5365898770824599,0.5545364637444363,0.5266928824030065,0.5238618695205373,0.5456724040120602,0.5580154289566934,0.5309454491857125,0.5402979143965659,0.5239105263118418,0.5261369607712968,0.5432954838796163,0.5706180402466725,0.512018170717468,0.5308489398500581,0.5677879913763144,0.5538102027648958,0.48593539446798584,0.5236293572993767,0.5039326994731225,0.5591376903775209,0.5809195138866177,0.5536053827733448,0.5564383046789533,0.5490280607962954,0.5828754121962796,0.5405598974138207,0.556058530162036,0.5468073877642844,0.5112915107924618,0.5402998907007329,0.581488928415014,0.5025505845704815,0.5257969660208551,0.5550796599340673,0.5866996058315445,0.5861567793350447,0.5717223663038142,0.534332866477342,0.5149843055528507,0.5264520412320199,0.4940734729839142,0.5559208991983121,0.5111265865353237,0.5507847466225851,0.5024533979661142,0.5709524774178676,0.5629671380331923,0.5282934064930125,0.595909511647578,0.5272599837899181,0.5713564959522085,0.5757699775706436,0.4723651331266404,0.5428326660278818,0.5018487685398951,0.5513301952917041,0.5630520642928266,0.5859873023465787,0.5183417657526536,0.5081968830534523,0.5563459808297752,0.5633899902450475,0.5388603500771753,0.5548480625672545,0.5155952590841781,0.5322843981133424,0.5743729644198385,0.5681335194771917,0.5431677936765442,0.5574768470050021,0.5128359475956162,0.5100004051529308,0.5485991210917636,0.539347932813402,0.5277760993983217,0.5085557060927688,0.5255425912006637,0.5653672390901122,0.5187493789430552,0.5243957549398361,0.5488954685365932,0.5817399891067342,0.5697703089685543,0.5462393410121483,0.5491361335825999,0.5371349545614853,0.4877369047870648,0.5105854853101107,0.44834864904977473,0.5583937504645501,0.5474344397611502,0.5341707755201357,0.5539302189520537,0.5258789471474203,0.5555975620134765,0.5472752868144775,0.5562933774533108,0.5367989194925897,0.5548604014663485,0.5251415646456382,0.5449585773152213,0.5616315214174857,0.5165886063715212,0.5445367081867741,0.5628166012163224,0.5351701987503845,0.5329129255150535,0.5507247945657493,0.5181088020135752,0.5624780958081318,0.5303960197208073,0.5282309542762245,0.5111582199155847,0.5146815327445923,0.5246698683624881,0.5693013544683406,0.5032407835452609,0.5604922914773304,0.5533841103657304,0.5290655329771005,0.5744103581010527,0.5359747113382335,0.5052688702790277,0.5262440644070938,0.5102668536717343,0.5257047432116095,0.5598209032247445,0.5494009235110577,0.5490221229396995,0.5524897261267504,0.542671523557866,0.5641509706086412,0.51964079921703,0.5602032419477714,0.5209873951250689,0.5857740223114719,0.5000392078335184,0.5513892333622445,0.5093298984906948,0.5316209239318197,0.5502105787248244,0.5547603419412234,0.5436471777479513,0.4870091994233402,0.530258351829228,0.5521703030278903,0.5637367439013972,0.5566587002548342,0.541792056744448,0.5211524287436448,0.5340644890396183,0.5030687234870191,0.5595866972619199,0.5635025790219873,0.5309172378321504,0.5256144622732859,0.5734523366770405,0.5823250313951998,0.5135266751941558,0.5229457201702844,0.5297248458461066,0.5234250157172695,0.534576993132226,0.5180502906591601,0.5274983620603021,0.5429157229182642,0.5156935559260158,0.5533370324711636,0.5307490989840818,0.5378061038281324,0.5329290065619228,0.5536607909651273,0.5302553460358337,0.5126172624400003,0.5272908442703438,0.5469323697002308,0.4640607011038896,0.5600030788995163,0.520232154787691,0.5365388654164637,0.49760375027398857,0.5200040297758431,0.5175697631708455,0.48220894256532343,0.48793447282042274,0.5544861158795732,0.533663897694335,0.524254406586287,0.5486271521697361,0.5157921291716772,0.5431432050159607,0.5428089772526135,0.5902089901057207,0.5310686117033958,0.5244858591766071,0.5710003366618973,0.5359648108409945,0.5596000598965942,0.4905239463468374,0.5631864935947489,0.5638423732350082,0.5491814787659505,0.5402374779970716,0.5635708338908656,0.5234658196412255,0.5597564032230277,0.48228357229242036,0.5489345699094198,0.4165619500314788,0.5329882212009195,0.4777825866419388,0.5593314676446767,0.5775445611713185,0.5480350734606199,0.5517737257178782,0.5582359552399477,0.5347967715941722,0.520205515518514,0.5041909410559662,0.532236602454648,0.47036075362512686,0.5092477163810127,0.5083252646405603,0.5694672200217422,0.5546652994708571,0.5723407380500727,0.5483963876680111,0.5264449790278085,0.5873246157231755,0.5235128395332622,0.5126445142081322,0.5555290392757768,0.49513205204016936,0.5230723972036302,0.5235682539905206,0.5577373467832499,0.5524499699294791,0.4868642915583726,0.5710720329101727,0.5718374111763332,0.5228231525215973,0.5673522286987209,0.5485254016502029,0.5548330893659388,0.5094191150724683,0.5549031400677111,0.5746221251939869,0.5943932876145481,0.5450654088497412,0.5823831997578082,0.5756778947645759,0.5625144882637986,0.5378918461389031,0.557405601300588,0.5197056684518059,0.5092246390883957,0.49900294471226064,0.5291826496872145,0.46765334713838735,0.5617428168237202,0.5295362839027761,0.5570153039812095,0.5898405141374979,0.5342444584920866,0.549296567337302,0.5040514065879058,0.5239812335045965,0.5467643379101348,0.44102612969976795,0.5338857175182175,0.4883006178548431,0.5519068056805857,0.5582647948510605,0.535727434293546,0.5706413822790205,0.529946882723934,0.5587206607033554,0.5288795575876025,0.4468043353585116,0.5248370542674726,0.4713597742912507,0.5578728071338913,0.48457155886738307,0.5611834287659295,0.5317482332659116,0.5658168744787447,0.5429033737825358,0.5305809715708103,0.5740733053758165,0.5356383846782558,0.5532327828581309,0.4778564243309954,0.46133135960951704,0.5473718351196086,0.5079834661018255,0.5027996765479418,0.5291066751551521,0.5759819685636534,0.5440608339100798,0.5621330466261942,0.5559129461499458,0.5526820946829876,0.4797652350923619,0.5504096985905079,0.4167132630077598,0.5315494314103173,0.49076537216334637,0.5493224045465638,0.5308536369817725,0.5357196890588143,0.5260808797397577,0.5488333052005562,0.5627961278805638,0.5310441836713586,0.45888342869048676,0.5282226306978733,0.42996378762069193,0.5503355169637212,0.47452787591635237,0.5490655770035177,0.5426266042919967,0.5670713103816606,0.5336784347715046,0.5397887611148923,0.5565807960887139,0.5492365315491051,0.4531067766674647,0.532003760302958,0.47050662273972893,0.5187073257277819,0.5158336761753889,0.5557710229343884,0.5497749469385115,0.5426929489794023,0.5825570064425188,0.5842403794389549,0.5259785880381398,0.5390452837717997,0.5330044782583842,0.5143030107676883,0.48636096405567264,0.5522369534093402,0.5444045935152583,0.5212160232884199,0.5205275200767108,0.5728877439703052,0.5299299148686742,0.5330538101838336,0.547164351285685,0.5073770236093106,0.5321203130589498,0.5305978101873053,0.425013092865686,0.5292216272902479,0.48026561221239716,0.5596775602301026,0.5578248651684778,0.5533354090421594,0.5556439782251481,0.5490598654635979,0.561359018212056,0.503161404225939,0.5333270032564084,0.499945860986508,0.5122282262639274,0.5504017384227383,0.5391043447575987,0.5369403294289384,0.5517620548774117,0.5820487896259503,0.5397193460674463,0.5602653312123137,0.5527226026831101,0.5365508546168408,0.5374284988224304,0.5465365973720698,0.4854856711508892,0.5448358536931532,0.48173664360700663,0.5787137391111044,0.533006794350331,0.574497118359543,0.5410583083325581,0.5838642499293282,0.5594706814078203,0.515919078230441,0.5020103166326528,0.5542369738301545,0.480437756614301,0.5620119274510672,0.505618081470126
24_4,2.5847444023349713,2.42738882567267,2.525193876849747,2.411406908036012,2.594938945591359,2.424122228420195,2.657101797463356,2.5097570914490293,2.6541448117448265,2.5192902625850815,2.6558283582757145,2.4288693882539936,2.4978630988946837,2.388433826713257,2.5056084510986754,2.4145653648108882,2.5325532450594266,2.3594787538757456,2.6527120824459374,2.5337693315141654,2.669491563603894,2.44577387890098,2.6295796433263616,2.3760397847004686,2.669906271824733,2.465195181243562,2.585801711573165,2.4143329405307234,2.71368171502829,2.4435896521782876,2.6876337173763876,2.5360269313681916,2.7054268165233726,2.513273197933165,2.6908831081288973,2.4776982552614624,2.8092440276705215,2.4393529211353573,2.6421212129842107,2.3886407619374195,2.823855596888821,2.4669888382872442,2.721565995196615,2.5761075188886897,2.706750853629121,2.531776546792665,2.7579062748155967,2.549694823943639,2.692360729934932,2.5127946992775354,2.5908864413935557,2.41469611906198,2.7147629845764905,2.521331609763855,2.6957038081195313,2.545126371920421,2.704417928809228,2.4975291691217865,2.6960078657927538,2.5462417304285903,2.6492586441070745,2.4325445352719086,2.5669525389779784,2.3916106490114486,2.6971858310547066,2.450850747331388,2.6888263202115557,2.5348605735255916,2.7211409765320833,2.5504413667455244,2.711242050438787,2.5277144498013926,2.7510824506600104,2.537811739092424,2.613403262750376,2.4078734381965545,2.781970317593658,2.571591031167086,2.7161680583022747,2.596379148746792,2.7128043389576426,2.540960870623859,2.7361997502964646,2.6117452221070185,2.861740356526266,2.515933383081099,2.6516512998514408,2.3910749916804024,2.8514578287676957,2.556930331615662,2.75904490402394,2.6152653916654107,2.74717537788002,2.5598424459438682,2.7659498959671374,2.613565349885158,2.689457694874517,2.5339280534485455,2.5877987696361937,2.430903533354787,2.72176003040815,2.474980552765772,2.6893435727033372,2.5748713098749243,2.690898918292791,2.5493675259071398,2.700161844400615,2.555732385698206,2.6626283145449317,2.4326456093810718,2.570105451605287,2.4034773956335362,2.683319202647803,2.441209240756662,2.66842930649845,2.5831683845997895,2.706603716228407,2.524900812445014,2.7150606880204964,2.5374999777165375,2.7548074814582093,2.5490768507573827,2.6259178391505498,2.426931173620226,2.7878447853251527,2.5366686060175256,2.7176580158720722,2.598874863696314,2.7028757606222356,2.5627497274773874,2.732601754857549,2.5841247056781804,2.8579998645935016,2.5395993040222518,2.675430602508989,2.420254944952244,2.8380830001721367,2.580650777252321,2.7587144069674276,2.6100009286329766,2.7524020294511766,2.5674652733991055,2.775517970796767,2.612029834396397,2.709995486581279,2.5196395306679005,2.595103829295267,2.426081313648456,2.7332770919248337,2.528234677297286,2.693587486266682,2.5743995138675433,2.7028529882541226,2.556407060175469,2.719539019785112,2.577225321490611,2.680139245662728,2.4569529875612903,2.5712098290134664,2.4076710864512076,2.7164015946704807,2.472381106626382,2.6965558949205657,2.562767117795185,2.7245646397218675,2.53254618803962,2.720796269987962,2.5432194499718643,2.783869166577455,2.5516505675273473,2.6195333817136874,2.403065642003359,2.7953875012366978,2.562066335966008,2.7249292627248853,2.585698377130124,2.722439430929178,2.5790909145696745,2.749648686908325,2.5508368214144976,2.8471311761094644,2.535852070085457,2.6513073707594574,2.402971166277075,2.8539764126386795,2.6070293078242948,2.7564477980680593,2.5968764951272507,2.7386707241824046,2.5174732847454084,2.7705804995449035,2.595261971067559,2.4576901194213603,2.463062474415135,2.446737226343121,2.468911890790083,2.473425694384045,2.475761927744454,2.603483380181794,2.469973241895496,2.6042080697351753,2.3166333117493183,2.55214762240901,2.3667063180934966,2.4370107991538057,2.479106173677294,2.4255079402935547,2.4623345185354455,2.434016775384597,2.5162206026143243,2.6126945549933964,2.460603901931845,2.589923649755666,2.3994915793691587,2.5327836429908817,2.393201447848773,2.582966715580413,2.489787754963908,2.4684123360038694,2.4039013481661353,2.6362509135564522,2.4430275940178894,2.6575421200467573,2.505713165557625,2.664929994952509,2.2600778274799267,2.6732781180355225,2.457521189105934,2.6831234845566394,2.5333430189195516,2.4737291297007813,2.432723366772418,2.6880354988733606,2.688377482672632,2.7293141916041495,2.5630746476060287,2.713828580324325,2.3550512961653682,2.7364444728959234,2.5161714551381227,2.564817635720049,2.5081459775294572,2.463075303121448,2.448762322473991,2.6028502790828085,2.4824738136250497,2.650642961812571,2.52766098434268,2.6531886244404426,2.460058497550642,2.6456434622671763,2.4910502881691956,2.519025307086095,2.476243557604524,2.456378431985634,2.440170390005741,2.571347631678737,2.440346539711358,2.6295547934172836,2.5545054362414414,2.631227277692863,2.4559307319711063,2.664027751835742,2.48011970536512,2.682855144204679,2.5167785912611995,2.475673283837092,2.4490690248231752,2.712184904645334,2.5396342130902134,2.7111811832167256,2.5807495259766577,2.669370348728299,2.3616094117003987,2.712541946143568,2.5521981478457323,2.807525934251081,2.5163237810477095,2.482150443872313,2.458557944918139,2.808478599286328,2.516420026105104,2.733881097764969,2.5671126375072904,2.717445894979895,2.4683473850696656,2.770932107609837,2.596998792207728,2.674069384616496,2.506026060950327,2.490854559158559,2.4648560054940902,2.6894225305212975,2.5051163583511205,2.7070892631172576,2.569145751220153,2.6978858741121443,2.533124938285909,2.7283227424304326,2.5409020141065755,2.590490431394966,2.453874920280166,2.4959570046321176,2.4262151174984723,2.671784859274272,2.481295241504613,2.6918634687231866,2.569068765248921,2.703931214190256,2.3938459049945657,2.7356648140649966,2.537834577289216,2.7290013001363294,2.5626175021439885,2.512568937516294,2.465989384280688,2.7953366321684734,2.548214143749736,2.729455109772868,2.5925750365831965,2.6985613893197256,2.4932497732020886,2.739307396000297,2.5938152122367453,2.8503623715990534,2.571450473884166,2.511165901664804,2.4112425458939835,2.8454781232505235,2.6093987844640547,2.7639522904093123,2.584254051090969,2.7490001153775396,2.431431736352269,2.7709233294726814,2.6421344394414183,2.5940168915219615,2.472753752301282,2.452040412511024,2.4308174644294853,2.643059433211866,2.4620914120686836,2.6559614634594446,2.520893831400401,2.6680945430407714,2.37519443301868,2.6811264521379456,2.4780201150531447,2.534785528272526,2.421918048060019,2.442272366506472,2.4260542133561245,2.574988043492989,2.403298203965172,2.6514790224104483,2.5159230536175685,2.6373536465903125,2.4235349375278057,2.6668851192236835,2.4954445787970463,2.696457940967835,2.497235277538293,2.4716450613165413,2.461244489068278,2.711371141286679,2.489326458577641,2.675377118839094,2.533601077691637,2.6887391664884124,2.4376818120422348,2.7111363748931994,2.552655132075729,2.8010805224552495,2.4956531232050145,2.458273857363908,2.428201651808451,2.80499415270137,2.4704375966715815,2.7432513186974625,2.607194563446517,2.7300193315494816,2.4188724419450685,2.7621600380985925,2.562111255438673,2.6924385981397867,2.5042564243743044,2.695876429770724,2.464650387887835,2.7054857011210314,2.488862434824781,2.766162998501148,2.6337083533074908,2.77074421295459,2.5443479371154414,2.7466980785141155,2.511584972013814,2.7154002354807063,2.605165944496437,2.726980532160528,2.596786557989433,2.7428939323878123,2.637261049722514,2.759875285925703,2.6419977544519835,2.7695971966169246,2.6540781682971955,2.7680464276108023,2.6271486686999137,2.7765728626148656,2.585707450959862,2.725405630824877,2.5242377964058362,2.7838160097856557,2.5470027626725718,2.7325707040340914,2.6178072606734633,2.778181002467249,2.6172826281465738,2.766507701364527,2.5722583806784853,2.880938726965848,2.7803901895696614,2.7937549435006175,2.654283384383851,2.8485452170231342,2.7212881579098545,2.7613330528423194,2.6476586443965004,2.7623690523873243,2.6413350658545083,2.7887163667697217,2.6399561369420117,2.426217141455121,2.463909421169519,2.4201892773921854,2.3813597266609507,2.447613607454041,2.4224052990660003,2.6027985143540096,2.4882455357259086,2.6256032091625503,2.3989668410736082,2.5484507829784375,2.379329048400537,2.39652814644681,2.433867434696917,2.374004356618075,2.3866590555552705,2.397351186235392,2.4019848570335194,2.615586895792,2.4716648946129873,2.6267881874867305,2.41527809238515,2.504417175165363,2.414153127865373,2.5461149343360687,2.4421503402681726,2.480613897254702,2.396182751125031,2.6064595653556686,2.4225695563183716,2.6724922823220623,2.531234403886771,2.687788797779543,2.474337452052657,2.6581636588926503,2.442326340675333,2.6597741604305396,2.4196556430810903,2.5842006365872865,2.3955934735461675,2.6422553458492244,2.3928759705558353,2.7204825063691773,2.5556220710790702,2.706252475154979,2.50807339852744,2.700601438690493,2.462727135011582,2.450640444419439,2.461702328333864,2.4296440075423336,2.3791104032304817,2.4604564066657537,2.4392195350797747,2.608484183142006,2.4777412046715925,2.6367768866170116,2.434129295584075,2.5570404841826306,2.417452992346416,2.4184431477651986,2.4373705836079527,2.413367248358961,2.3696875244878384,2.406757366763126,2.4792143816510697,2.6127016105182963,2.490241756020753,2.621423953531479,2.419772422319435,2.5272482997971033,2.3863202167341497,2.5710887901884467,2.4455866462899354,2.475312846235766,2.3928690696029196,2.5906193103650526,2.431653709869058,2.6561439695830233,2.5090631278804363,2.684491476186934,2.4787283213083082,2.654548505502551,2.4446751682136942,2.6817249640117224,2.4271957735495917,2.57495790744148,2.3862832171206905,2.6226511897563687,2.4178621230014508,2.7197710138142104,2.549101186633493,2.72621918131492,2.5457261754898037,2.666335031038244,2.428530574003128,2.4435665270253786,2.427066951854455,2.4532584788402185,2.40869243491657,2.4788277601610007,2.414388927408306,2.6161809022731983,2.50798746043295,2.6269191064270765,2.4289726808452685,2.5711986024009783,2.4316696851818516,2.4277123808525958,2.413531383021127,2.423362963592543,2.383848240269347,2.45724569599658,2.412658878082611,2.6243880589133877,2.4951162922767893,2.6445889416020383,2.402273330137189,2.552379183989088,2.423758470012282,2.584999610713632,2.412256469578993,2.52338013652792,2.4127369443724898,2.612169450121073,2.4394895603367504,2.6778365745180923,2.4941347405928003,2.6759195511998346,2.4853871218851937,2.661071544524548,2.466669382907904,2.702040344308769,2.4368680045432307,2.588858005170689,2.380159885746377,2.6599587358865318,2.411116999108747,2.722896765370524,2.5410849316940425,2.729137883178105,2.5042646486536446,2.7137284853933066,2.467956939674002
1_5,1.0447653977933966,-5.432021349298804,0.8523796406913777,-8.0,1.141257107738155,-5.592405169489255,1.0478978995495776,-6.7972393126068,1.0855533213857582,-6.64762450499948,1.1449893934489022,-6.212539525481585,0.6176129178796333,-0.7412959383812991,0.5041532638669374,-0.9790810235430466,0.8976338996716668,-0.5892190485719664,1.0746944428109813,-7.096910013008056,1.0986389736595144,-6.841637507904751,1.0753988870263445,-6.986109939671562,1.52620023592787,-2.7523703179313053,1.1991214637824315,-8.0,1.6011635849963415,-2.8227048674926194,1.2524596132376087,-5.04211747566897,1.2686285828282542,-5.400591856105543,1.405349980962346,-4.25336152040314,1.884647707503972,1.0654358243961621,1.4110285470565591,-3.435545513540665,1.9145819969085138,0.38360391368704905,1.5104520025121366,-1.464347239429695,1.4514121101500446,-4.970910587005103,1.6019024088906815,-3.152583505200433,1.5293819165977802,-0.8076628834635193,1.2022784926649115,-8.0,1.6079017687417674,-0.8890919962981758,1.2314202115714787,-4.0437818494959705,1.286718311930686,-5.260898594249938,1.379818193215605,-3.006398195984955,1.3968411730298056,-5.50247602429646,1.0517804343440944,-5.178627328995828,1.5451251403724209,-3.6297412330920236,1.2663943536776479,-4.371960689963465,1.2731035276822842,-5.456832498675569,1.3901124177869626,-3.6049704616947045,1.724278955656504,0.13131009939542054,1.352471684782097,-8.0,1.802141148617238,-0.12032568026541178,1.4109302542016455,-3.134196533525672,1.4210955216106538,-4.950882807395631,1.5410615011308704,-2.315485586447752,1.94719462279449,0.06044666175904794,1.5304218221895294,-5.190746756247821,1.9933875075177385,0.29218360634573154,1.5531416825743325,-2.4165579928635363,1.5409455704800343,-4.388740434709556,1.6590778042435639,-1.6103922819636363,1.5547984684725549,-0.8142494499492202,1.1777781510274254,-8.0,1.5769348774342657,-1.0262159844605128,1.2664844262943193,-4.191238909071127,1.2656792605190563,-5.198627165095416,1.3349686218856338,-3.1686695589374456,1.3963795010797562,-5.205191404794154,1.036267474339194,-6.179207618911796,1.55414786258049,-3.7300757215921267,1.2608409231883317,-4.432347947467606,1.2778518880226328,-5.50970433540147,1.3646909891565846,-3.643227110404922,1.7304106006638367,0.20258250481493706,1.3408494366574912,-8.0,1.7432478321462663,-0.0658550444956465,1.3929959522191466,-3.193215556092019,1.3843273734629624,-4.764591505632534,1.4722586208128041,-2.3213579602391645,1.9666881380294243,0.17668538700230385,1.4793021677683078,-6.124996646399959,2.0006249814684063,0.3735252256437028,1.5621808600970752,-2.4122443509587996,1.523124262979641,-4.260413021100824,1.6615212979650273,-1.651091757454246,1.571052267673923,-0.4131390995507655,1.2294330608942177,-7.798602875679548,1.6630142094329499,-0.3639999672005288,1.2962403493812362,-3.645494535882994,1.3483983522672514,-5.0579770571364175,1.456971382765993,-2.601683490969598,1.5372437539461792,-3.8659337122383755,1.171277631571255,-2.5806773460381995,1.6482845054757793,-2.490537792096284,1.3497237478122333,-4.027210473426389,1.332679550861486,-5.227850724806291,1.4453491806675207,-3.02248847362253,1.7901855722974382,0.40903154736213726,1.4018684804930375,-7.309360988284033,1.8267047017290052,0.32685895195918496,1.4105814535981824,-2.871896970074897,1.4352748646314022,-4.534739125088527,1.5555152198555195,-2.0440790389439516,1.9985528944229412,0.36471466932717655,1.5198049597397163,-3.126626524451342,2.008793220359396,0.5718283206420021,1.5599341768401631,-2.3763208571193823,1.5505971239760434,-4.297844000294689,1.726967373973909,-1.4685536581815508,-0.43814164267249117,0.2832757493465428,-1.5908110708535954,-3.6450819531964824,0.019658996132548574,0.5276727460903228,0.6740935231814476,-7.716698771296451,0.7054422752262743,-7.323306390375134,0.671679229720419,-6.945578475537464,-3.0203892397782113,1.0813039489107095,-2.716879957386199,0.4454634796029593,-2.1948506513996096,0.849579159590701,0.6894600006318613,-7.383524486111434,0.7110795523709189,-6.89363909119325,0.3715355462729722,-2.9991474487006564,0.9874928515541092,-0.017753092091052285,-0.7473330471684998,-6.059209677145951,1.247653942311093,-5.1033911201084114,1.0729609055642346,-5.907068924326447,1.0177404601374669,-6.890084136976207,1.1884566788215456,-5.277534728331004,1.5491353324855848,1.3909650127463116,-0.4755185008775939,-2.297569959029613,1.6379882335551124,1.6061895267321176,1.3698346063625446,-0.848097205559065,1.3442411937775969,-5.563137954623339,1.5179176984613871,-0.4359378086341973,0.8313000610549677,0.8324010991925791,-0.8306339486747132,-0.017751520515814252,1.2093531684809988,-2.387466602144193,1.044289887593842,-4.911576840051045,1.0491238778523424,-5.953290277743929,1.1832771572855378,-4.034402297606241,0.19998530175301557,-8.0,-1.9424375953264683,-4.26287537027298,0.802422708476722,-6.950781977329818,0.9761959268804714,-4.98196351415349,0.987873563938089,-6.098732439525182,1.1066098572806782,-4.490188145118754,1.4323305271165674,0.10954962970735431,-0.4004131325290476,-0.017753291742025095,1.5915723380137181,-0.5921256459894693,1.2336481359770215,-3.568591843562874,1.2561555922714334,-6.040410120491609,1.3811244801754283,-2.7131013768496315,1.8182794999551868,-1.2333018121747739,-0.27963050798848416,0.16404366879417512,1.8097863477005047,-0.5460535338526717,1.4647570619706038,-2.7264589517339037,1.383177039936127,-5.1860522508786735,1.6359620834771142,-1.9940253906586365,1.4138951549955838,0.4431221020628952,0.2569416968745196,0.8075689268497114,1.534948459746265,0.48198361077104873,1.2907241783021939,-3.611302497320735,1.2285773395701827,-5.243793835469416,1.3948301274833148,-2.9387569714721,1.061809123524505,-0.01775046220815116,-0.44330202862844953,-3.351960851072162,1.2751305390670291,-0.01710284021272586,1.2445021302047499,-3.7720633158500463,1.1906311013263031,-5.079803601458612,1.3848550278485476,-2.9343157012320207,1.621195927553275,0.5250648643800572,0.4111357486609416,-0.016994677072745698,1.7495984287983055,0.28793820952228893,1.4076470244952626,-3.114842572960687,1.3602863612469367,-4.667449445976172,1.5165144531603263,-2.0474184927617674,1.9146701110882267,0.8989806945447829,0.3208076889833287,0.5924063740156181,1.9547877804654228,0.8153209195563694,1.5249388952287375,-2.2119958182545667,1.4694583695733852,-4.522743411255268,1.6569208668418793,-1.4283093227787012,1.011894218813395,-4.3556712290296025,-0.9076000837246224,-7.982966660701219,1.2702365889073712,-3.1431194652408134,1.0932029018470957,-4.993260203192972,1.0623684099015414,-6.868862726221393,1.2320421170767173,-4.308215449436483,0.4825472350870296,-8.0,-1.7349274247146411,-4.725996953483595,1.0004525429930962,-7.556737012541305,0.9895214420315571,-5.453025724166713,1.0546128029455877,-6.805485658117533,1.1931359680282096,-5.014553316199345,1.5200036286914942,-1.1838092962733975,-0.3954349251555288,-5.845150158479256,1.6471538034127473,-0.7663539355161783,1.2829807691269637,-3.801161674152531,1.2316793319717143,-6.629116983222394,1.4914604431191882,-2.7736887323328503,1.858923572279718,-1.884451345583124,-0.315236561962391,-5.456465845469862,1.8909630601008014,-1.2084686304985457,1.4870660149962533,-2.909390596467045,1.361286576999123,-5.677791045733989,1.6826173710813346,-2.07924689462008,1.5793884001526584,-2.4582407545868303,1.6245753553543465,-2.6896219256900107,1.6422714615550773,-2.6997710278951272,1.67261771024041,-0.9237056408684151,1.6871052557334887,-1.1918310823937177,1.6438443336268507,-1.7247192153361133,1.7317916262578963,0.4539695587414565,1.7320051410857629,0.030092017868422003,1.7459142258901474,0.5498557769783825,1.7246984963470215,-0.2532685101500824,1.6851226106973054,-0.2447937683603367,1.7312595391495624,-0.11315966980213084,1.8654039845559005,0.06826592462701013,1.8026131455739014,-1.5670071601057172,1.882798713242024,-0.1818500011266675,1.6509937222836197,-1.0825104685246374,1.7079383797298224,-0.8774470229236546,1.6651314906375525,-1.0745223673461668,2.088484333283651,1.6931543586334186,1.9490584038400398,0.3660203732316753,2.082202222547959,1.4787850306136514,1.7437994998398711,-0.4532682541014979,1.7879624684006177,-0.155734707446374,1.7896225810566695,-0.041825128106501186,-1.051606212805519,-7.668572703479257,-1.0625099185140114,-8.0,-0.34664424227748075,-7.813891620186794,0.8148660560811408,-6.621511251968192,0.9306132949097558,-6.893129455521346,0.665301891388707,-4.972897174216017,-2.5237135009857843,1.0124404558043523,-1.9984033473256102,-3.85808263193962,-1.7485008989335935,1.2456334881901647,0.8731540383893294,-5.8887879104540675,0.9613218630635085,-6.522806368897885,0.5799761982605579,-1.3997396468430627,0.872429342519987,-8.0,0.37683930703789736,-8.0,1.14465943131375,-6.590151377978808,1.16040422445467,-5.421584297202876,1.2921235746596966,-5.013058163068058,1.239612873792519,-5.4569382019853805,1.475455771486085,-5.587531052371164,1.1678962703738287,-5.531246631625247,1.397186088812855,-5.620603824805836,1.424077246028996,-3.6805082460470864,1.5182901680007104,-3.40147737253403,1.4243557969726033,-4.141657737325032,-0.999348315030388,-5.178306371715134,-0.9673567521573468,-8.0,-0.37738679639721434,-6.4205022174651765,0.8528602485258239,-6.639690655657941,1.041756780954966,-6.8255040806247,0.6455266059243124,-5.898338831400943,-2.5716744985823943,1.1328253157041173,-2.114236604844844,-3.0132855784778583,-2.0526185657084306,1.1352758417892268,0.9068077490866335,-6.093799685815628,0.9369569998071021,-6.294350067923156,0.5310223759447293,-1.2861692108727465,0.9132046598630683,-8.0,0.39181235021280675,-8.0,1.1483114081480459,-6.479516467259208,1.1938573791898972,-5.188230677422724,1.2820491638543772,-4.945201241921218,1.22098829058406,-5.460691753786909,1.5178329141670908,-5.754474994449684,1.2169970406817654,-5.643276388710532,1.4416056044784027,-5.194448171302031,1.4719143871514047,-3.701175077260694,1.4164026100970772,-3.361455636069545,1.4898974294388487,-4.213961277539836,-0.49152996358783757,-4.92758832932622,-0.6177753428444369,-7.753255290276159,0.12381678613014273,-6.849090126298878,1.0043486783255529,-6.35946887542791,1.0972054413734535,-6.536629672707593,0.8860014934846622,-3.958856908470597,-0.9609820317220665,1.274430118512166,-0.5432292235320293,-0.5221872356146472,-0.6340018202754346,1.0977758702330314,1.0252819911827893,-5.847497619538874,1.1253932979433012,-6.0072256357446445,0.866683663591388,-0.7133575514683941,1.054459375774454,-7.55206713440782,0.5466547167321575,-7.233959139618611,1.3019921916404247,-6.034304528632061,1.2635869228201455,-5.244281366051152,1.3191340056448144,-5.22682082184447,1.283576289185266,-5.292987952749113,1.6685813188449978,-4.821574179692622,1.260377235704109,-4.463180301845585,1.6451532272859875,-4.3898196353380445,1.4586331652378806,-3.6182032240023685,1.559042580288445,-3.540074019748563,1.5590475724759685,-3.6739156725005317
2_5,4.304346367750949,2.720773868321116,4.243214688175482,2.3182018048115105,4.602351233607683,1.0243584675515036,5.293973755243674,-2.707788822832245,5.222207081710559,-2.862205660618367,5.281635118960065,-2.4696100802021363,3.814437443583346,3.206738959633127,3.8674134908358733,3.101475372834991,4.248320848568188,2.7311806392339837,5.312780291104219,-3.015385139013157,5.336617130068168,-1.344688015151712,5.25925100975733,-3.3156224297462273,4.851214718199446,0.09824763585875428,4.611701929783,-2.0438106119586683,5.0727100645511385,0.5145074201831981,5.5345614278743325,-1.2893685196142581,5.527590254141018,-1.9036868639561748,5.566761757485797,-0.4679249337194175,5.335197692844755,4.839046260776158,4.98114345715853,1.6858470243212746,5.498847098266267,4.500489110027919,5.8144928699025655,2.6989982359081712,5.767603880544578,-1.2705435604062327,5.852077434067612,1.3082791032408059,4.802461020257668,3.5853934016484814,4.618025491068102,3.8849643486819105,4.946920100348268,3.110112924295909,5.497150957759738,-0.07579734529033923,5.47838298633012,-2.1095239461050865,5.582972268284355,0.6731451953082933,4.5451212218497234,1.7732309178772472,4.358904603965026,1.3871515587192849,4.792812686453381,1.7843157440931938,5.4724169993299245,-0.32393689662452657,5.4971084256428036,-2.20819836398355,5.537302323695638,0.10809583981986666,5.119694158799501,3.869813373875381,4.898370241498134,3.1707530776641835,5.345295408886013,2.8290053061019362,5.6565597086074915,0.6863649462873195,5.587849005982121,-1.4559205971362967,5.637646733122382,1.5076336564432429,5.465506868133377,3.524982359871184,5.048326237854135,-0.9667188289004882,5.5977470176858235,3.344581501427855,5.833786766031146,1.4083459879474247,5.8422577198120305,-1.081906265831142,5.841665586036151,2.1647977884337593,4.736277427988728,3.800207113086551,4.58847053054839,3.1966446253061567,4.93619649619472,3.703135583123279,5.481192197547821,-0.07229811203381413,5.497424761092545,-1.864470745286601,5.471247470361719,0.552810979382311,4.496443558584043,-0.21339420587951322,4.373406147488227,-1.1522027672049437,4.782562561307357,2.1144566551624555,5.455766440737384,-0.58464618876455,5.420570444306811,-2.060864101536062,5.571739125035398,0.08705859298710868,5.070628273669576,3.2117804172463873,4.854973134710628,3.0001413463135043,5.278786170218587,2.7723189166631896,5.599283165219125,0.843585548816928,5.634447902969635,-1.6562912804737397,5.6861701873667565,1.5588153191992793,5.399255528776792,3.6507837689351397,5.1526050008362745,3.9857110247699756,5.609596026083468,3.72428054533078,5.83049652526001,1.4134652698370005,5.758830932817819,-0.9582035193258076,5.784797524776019,2.1979185768562814,4.919007103738114,3.404096060595232,4.719274010681433,-1.1533663050940188,5.164124331653735,2.8236073596520437,5.602965269510608,0.3290938706277277,5.619130806156863,-1.5105875518950025,5.5509359245826735,1.1407485679559985,4.709177791231562,-0.47554638111295716,4.51317460766818,2.3852400436469035,4.9673633070124605,0.6244993461738315,5.589598179109295,-0.02319342838411139,5.57523551157167,-1.5385835091977371,5.530049339330147,0.6713451944275073,5.222150850085763,3.059741321596443,4.899454287203417,1.7116933032969648,5.403506327410337,2.7395297982889715,5.639749481397604,1.0111429557989215,5.644700222958777,-1.5508267007061836,5.751441047131508,1.786698337273908,5.50149148677461,2.814821583223257,5.165432858356372,0.559476497525975,5.652187872860578,3.214202740908476,5.80165014571067,1.648366932269618,5.833580670538158,-0.8378680423850643,5.9766577055001555,2.4455567925591994,3.317756351054183,4.16911356838528,3.5775463699567873,4.551863233538968,3.848505247896884,4.70869714223358,4.666786753078929,-4.147857447603422,4.5704756195418765,-2.0200865162114594,4.475348517850129,-2.461278774374023,2.2738755614503887,4.954139985629991,2.288359284966195,4.17896690120448,2.70603039578119,4.668117534927067,4.5806934661528205,-4.497664391952816,4.450299942940359,0.14325738564338,4.114511763236837,1.0237840074715898,4.037198047201504,3.33650985207869,3.292599284400735,3.635672584934125,4.495553720218043,3.9472069887053305,5.2019841912865425,-2.176947175650512,5.040669916661615,-1.8758543122537326,5.130434071913322,-1.802226615376736,4.680140528868144,5.393621148554944,3.545094747859961,4.3349854748169365,4.985461286553538,5.9242356233966635,5.572552537625343,3.701640762881498,5.378180528374048,-0.47513702208958264,5.573420875598418,5.533044082392916,3.952745653062695,4.8880751861680665,3.1988205187471483,5.143552511449251,4.36935024341015,5.065271165571811,5.235251892221263,-1.021845491504748,5.095215112097391,-0.9638386247213081,5.111674097813485,-0.2744192827495194,3.269773573104339,3.7316665617256906,2.966231890982601,3.62364424733044,3.892677297971033,4.282461030033942,5.211179421730896,-1.3878082104105913,4.939062353494343,-1.1956262874056576,5.0561715066545,-0.6635460080828317,4.564286508239738,5.2609365997667545,3.7511422147600166,4.904417378787656,4.847957906835147,4.316261867088324,5.376695334758911,0.2096425549520888,5.2475908859241684,-0.49309868865724865,5.462169102727003,1.127358699633429,5.069900383342539,5.051629206694029,3.802248802038366,4.340223225377116,5.344529861679258,5.247632759027599,5.670473414745384,1.1044517514087193,5.543342718221899,0.09766192320484773,5.666295009292009,2.065730285603027,4.444308021587693,5.318495868658634,4.2043213715496215,5.1474519616964685,4.701981204690402,5.582844674155408,5.166271602067653,-0.06376879292138668,5.158552468856024,-0.6515251251500306,5.290509746301336,0.6301065900838915,4.145994000038138,5.290666656394582,3.998620167862452,5.329926627044878,4.334903449752387,4.735193333247117,5.243113345220952,-0.2357572969377239,4.98042475140105,0.2220219672275789,5.198341423774149,0.4343460466262765,4.785944877601279,5.186521591726512,4.038810827968215,5.336003129752002,5.023841131804411,4.420672225005681,5.361740355300873,0.7039754288431692,5.303651019202668,-0.7351177071015967,5.576673384967744,1.5600239019892177,5.248995331402814,5.272483756273162,4.0614483735712374,4.469811199117379,5.460186754866082,5.293885811408705,5.718843219446507,1.4848843791769266,5.572167978470195,-0.31117720970540735,5.825000688661576,2.3090936092115184,4.089201422231626,4.897109460784144,3.5814259360984804,3.756653299466414,4.560060657784758,4.229892934681038,5.198925533460897,-1.2721831685044729,5.077187559938053,-1.8559520385992936,5.200344162034516,-0.4792592322281517,3.4767678291416555,1.0689291998277584,2.8520257067021926,2.696121526608419,4.125019872311914,1.9428377285133906,5.19929080971616,-1.6066354271040326,4.982138370632512,0.16505724272747208,5.113405134576152,-1.1451412381706063,4.72366966597437,3.5571930712083706,3.7445736730508945,4.035009696908348,4.98204260775114,3.8964371323010796,5.524734955828806,0.044816129254139296,5.254680857071138,-1.6798143902000693,5.5451638781096495,0.8010546448156346,5.220580430349162,3.7867771006856974,3.6808784680772675,3.56495573762915,5.407769181453287,3.3990553039154836,5.671184438838686,0.9475601512963139,5.494184327323889,-0.35280450856710127,5.767656446726128,1.7185225862259281,5.217548692992185,0.7070666993434531,5.348594236091035,0.9289284916560258,5.338806070602372,0.7538406447978827,5.9751228127948846,3.1648958908317733,5.996816507752901,2.444191634011465,5.8992031361946555,2.4378546213754926,5.336012430020951,3.083622790935351,5.4307210838233715,3.0104329518252415,5.415346437093788,3.33661901086255,6.0621275021021255,3.830863527890455,5.989505064122264,3.719822354903033,5.951467889306949,3.563303779358749,5.481535799305487,2.707369562217798,5.504662396941526,1.7269527664215716,5.570423151210662,2.549519198322954,5.919467000179456,3.079214978776215,6.058263332490422,3.3155691662646007,5.927276572092704,2.844234057101471,5.72637602661242,4.367628698575781,5.747112260701544,3.2123473438521293,5.826975963268903,4.365868102327921,6.004293348084032,3.834699572075364,6.0944745857715805,4.033897963388635,6.116021907773709,3.958155081589234,2.8790462951179956,-0.10216190874381607,3.0246816288798892,-2.5401141972428247,3.306848031985226,-0.49068628569285827,5.029482974589179,-2.4610141710394715,5.279166074024262,-2.475136195353209,4.73499237792539,-0.6202847500149994,1.8804170061180887,5.147948647605826,2.244450430724262,0.47264412370980907,2.1260048759589774,4.9985754926672525,5.175154695272652,-1.3835350847065793,5.148207282855695,0.17658911675283004,4.589764385925536,2.438951035645545,4.141763258832429,-3.903107706568287,4.110478804006625,-2.183875574100831,4.5380650846523425,-2.4221638825704486,5.478570670064535,-1.410236705188846,5.479635239733048,-1.5502328632158517,5.386197656118324,-1.704773007692748,4.929074131314464,-2.541616472744043,4.837589074712882,-1.7341585672739424,5.1126951360183766,-1.5782537243665418,5.668381803020472,0.14718158373720733,5.7332664077806195,-0.24789234124062268,5.69753595700614,-0.13551905305281908,3.074857608923961,2.107204785788591,3.172163095187305,0.3031960256910625,3.3950574351415916,2.2305673416260783,5.1108547568101805,-2.3333556338071872,5.226825001743618,-1.8384916789226569,4.715095262486385,-0.04113742407718121,2.8450363412202413,5.328041033083493,2.5515544370942385,1.6908138993629311,2.56465483710269,5.059007830838019,5.100283158958441,-1.2252793140085207,5.206092467372916,-0.878284690788867,4.564443884202335,3.0574809597977786,4.122125158858944,-2.694532730242742,4.1080020379769655,-3.1402361206909264,4.50315224809157,-1.5793275068656203,5.483611598926679,-1.4262807546298295,5.480470246209372,-1.96011091341072,5.330079778208994,-1.6280188192378702,4.8897778528524976,-2.6200458190629585,4.739176155843219,-2.2084321319480194,4.999325659828456,-1.6398779825878744,5.664555130253298,0.2292516594208199,5.740375007574453,-0.21838171487890287,5.638466618478453,-0.33974260912596443,3.3064001912643164,2.063798912143059,3.4802823071452513,-1.828174915671442,3.793029805289644,-0.472518158148456,5.34378603980403,-1.9899266056797251,5.392366772157982,-2.028935297074745,5.066017488752822,-0.4776705851993903,3.1300849346509727,5.242737430979598,3.449117226879028,2.448782665022592,3.2803734683356196,5.251596758520604,5.408148605015084,-0.4519064489001263,5.5253808613392215,-0.2152154012626152,5.076446647863936,2.9497975312189926,4.389860823013718,-3.9204691067253674,4.351783880257598,-3.1268175281196378,4.812236717131818,-2.29400754874421,5.624506534761862,-1.0744354623388626,5.640419707800131,-1.2340992208756205,5.490326407421455,-1.4764114103715142,5.130353045309743,-1.4941822253724928,5.017981936069534,-0.4265143939510912,5.356334720338715,-0.8659229557368701,5.681806309411471,0.36623751969997326,5.795846102807589,0.062438125644170846,5.819426980625845,0.20927933609176705
3_5,2.4102294212885202,2.1856013242097223,2.3787062546025624,1.6401962024238719,2.4476593834303264,1.7688226543412449,2.3864877947018277,0.2751802537146081,2.4023223901325004,0.44081491136019263,2.42252419688155,0.6278058210398518,2.3564281694168416,1.7372633004883415,2.345426579614331,1.6380193116614892,2.396033282820985,1.7507590716315051,2.3855259200738295,0.6700380150624232,2.365648215488865,0.49057249814234977,2.4198461502049438,0.8065868264965239,2.5090935797943246,2.2111092087125153,2.4656323712686117,1.3780411432686774,2.5692245508753055,2.08155811882426,2.4387528789335593,1.009951930531687,2.46235627189084,0.8350197707750356,2.50725165355623,1.300912231969112,2.716157534768194,2.2963661900856924,2.562469427125102,1.6900815902348045,2.7382389236260125,2.0649999316327583,2.5220315952144223,1.4445017700323424,2.544858244562202,0.8691663119142985,2.5796301173004075,1.27784179303714,2.5184398440571965,2.288653194237981,2.4455001276091166,1.6507562730724574,2.561669913095858,2.141228973741645,2.448711507944072,1.2672645476741895,2.4489700843222266,1.0285091454788042,2.48729226847551,1.5422112746088543,2.50911983243326,2.1443638480210585,2.431830364455951,1.4592906534726184,2.5372980779668293,2.0405259419543436,2.4370083973973333,1.2830728561981433,2.449040109632889,1.106052266518841,2.476935431397722,1.4396505210438086,2.6098928971926165,2.3376887572459966,2.5026936011791303,1.7799949892216527,2.652696670982661,2.2441892543257747,2.4892085576612795,1.4799235509802662,2.494803926925383,1.094160657982536,2.5358305256912925,1.6174633004503447,2.7267337502192315,2.283079146698724,2.577806495340794,1.3919315341088312,2.756733977274544,2.254727653207974,2.570164408533775,1.497611479553035,2.5421069415127757,1.2457729954914212,2.611239629433573,1.6336420628420616,2.509909130503649,2.3199162650568543,2.42604983881871,1.6653429967932847,2.5415466262209923,2.1448495549232365,2.438180308477089,1.2855148888967811,2.4371932284376943,1.0259117223536796,2.4951489937991838,1.4887487840286064,2.5117384564116647,2.1589856507236638,2.4276401833057517,1.5098697286457072,2.5361313241029992,2.0088212014859237,2.439087998291214,1.1645896493560974,2.4245666224828963,1.132652061238733,2.459993314118841,1.4228709092898346,2.6040797946467116,2.3317077182713204,2.4962257757799478,1.5761017687279766,2.6358213355889855,2.217763847375001,2.484329449215497,1.4735856139647618,2.464169839898033,1.2241564556361553,2.5369491032680354,1.5811665892444424,2.7261364934952947,2.2776946343099485,2.572693390788359,1.5481740951941818,2.733277951973365,2.2225965233275207,2.5707101674879906,1.4885585597928979,2.551949693646743,1.3273328001666413,2.5883544686650146,1.6331887696284308,2.5328288821824083,2.3304741072394073,2.4713627520754433,1.7237973103604478,2.574695090016999,2.1895053475094914,2.4407472888300736,1.4829431447827721,2.4573006136718725,1.1815332097481193,2.5124021150029363,1.5625816236593133,2.531880345227732,2.235666426247123,2.4643347357090715,1.353260312318608,2.575200307141452,2.1327563570763655,2.4523145804570095,1.4026309439734206,2.476532699501561,1.0717305563959565,2.512763345765034,1.5288028649166907,2.621221730887751,2.357847808876775,2.522058217961113,1.4899728529871705,2.6603115431964954,2.2278260770584493,2.4973148895282495,1.582245768514523,2.5124128051580192,1.2925522040157669,2.538217524947684,1.7183109515777941,2.7415579535542576,2.3464509465767582,2.5712056720299867,1.5180342303824288,2.767990622433566,2.3086935019452786,2.5562693186674927,1.6823251404539945,2.567756147240847,1.4125351011153278,2.6215059128511022,1.7634852659541163,2.3725328244784083,2.1682764916833452,2.164338061253292,2.339461636962086,2.3241375480638795,2.1964852136645496,2.2955481827365913,0.9279411825287589,2.297106601341366,0.9764975857743647,2.309175219493405,1.5224253306095559,2.115769478003888,2.3487205652498844,1.8272809579234586,2.4235912842419336,2.1875026150211716,2.471105944640571,2.2720436335652505,1.032281519161718,2.298565298346358,1.18845188649013,2.267647512438817,1.7875238804830347,2.422572132597311,2.282931028258639,2.292765969366946,2.2711231905641482,2.455956365741426,2.11048340742509,2.3865984506637576,0.8582978985116199,2.383261775168451,0.7558753074261385,2.4193472692006033,1.2196067060427853,2.5104767912991757,2.4618941053093137,2.240730820985172,2.2618272121138876,2.5679641464736522,2.576428614639873,2.486082874035285,1.618578428748093,2.4668469780667857,1.1396467248351918,2.5343405841525994,1.7366860090075253,2.436114058085462,2.358968041097187,2.2578565871447847,2.457031446384455,2.4332428243353115,2.325015207583714,2.382162730254721,1.4568240811876012,2.3759974814259825,1.3135839844873582,2.400554234108329,1.5408866906111733,2.384716525681921,2.2135299258366237,2.149862534801735,2.266573524204434,2.379031789902928,2.1422905035840496,2.3473883577074597,1.2672355019262118,2.3673847556930174,1.1105672578640662,2.404810502791491,1.6150483798867257,2.5248810654471674,2.3951318672842685,2.3256959813687077,2.2293471890436423,2.5533701791404537,2.229499312708139,2.418440738720618,1.4913254248955239,2.4218914403897314,1.2636079686308241,2.483189446773142,1.640447016302868,2.6374904011376503,2.3112871820135394,2.306246587263276,2.1106690065205775,2.669725333997397,2.1932847530412873,2.508581175216431,1.5678007968837224,2.481976327645869,1.2576060999099845,2.585214896959355,1.7075986196663457,2.5310045200126865,2.4892554059878957,2.3391196107883543,2.2956778580326995,2.5377438231289684,2.395622304412155,2.4434848659698565,1.5877668129893538,2.4366882313678078,1.265034684700997,2.5036404803389303,1.7418278848186783,2.4860798635173773,2.4253489270705613,2.2982657682000647,2.241502638573664,2.501554820755134,2.268762160207101,2.4430450654845695,1.6107904061479967,2.433401577502345,1.2478223079455568,2.4741071072342473,1.7095440842668523,2.5858717344365068,2.470135625492138,2.37449551539381,2.1923868248237115,2.598109033296014,2.289958294532424,2.4743893123183414,1.6203958959007592,2.4963874988933914,1.2525164694240305,2.548060804123478,1.781925748661426,2.7230525498651614,2.461805841916781,2.401757125664275,2.2307193140079793,2.7519172777166268,2.392804422316795,2.529877319466697,1.746255183798329,2.546713566137426,1.4576913457806802,2.603513918564752,1.8740702589707394,2.417413840224287,2.30341743245931,2.257651117941788,2.073064363032215,2.4316765870081762,2.1245032181949126,2.3664643264282983,1.2058759581355205,2.3483755573795726,1.027122348236675,2.4149575289504503,1.4569681412103204,2.4042508763395856,2.159462850621498,2.172552454534556,1.94361694742362,2.4378032030295373,2.059739258917183,2.373751996840097,1.2038956638499578,2.370665515094366,0.9348228201886547,2.403404511809806,1.4304433716904894,2.520184972259675,2.3424508317784043,2.279418143527811,2.082211665763662,2.554268222414638,2.157523139393973,2.4379783080638266,1.43580799511408,2.4423192686273323,1.125098116753854,2.5030689381402618,1.5921274830886554,2.673573204793157,2.3209475200501806,2.3217345995641305,2.0751474932119027,2.675513960102567,2.2611376692514606,2.512798218035396,1.6069449049079616,2.4842605593135705,1.190711802444649,2.598322012064982,1.7285205629421767,2.6085077708304696,2.265938674477609,2.6190934566470294,1.859514986633509,2.628292843071397,2.1424131041363856,2.648499886872038,1.7563272309876097,2.646084246522687,1.7083919762363147,2.621939315870417,1.7759004108689551,2.6715591172267814,2.413955821012511,2.689363820910507,2.0504911947772753,2.6783173965467015,2.3362476579207514,2.70290682458146,1.8816051778304979,2.656548657940479,1.8662762891988698,2.648547684107781,1.934381760555787,2.6840247730571134,2.36756775611937,2.701026245235408,1.8969547313243127,2.7006104932721944,2.239679341806532,2.6536582655487364,1.7313334046439393,2.6185348423170174,1.7531071255183468,2.668223902995016,1.8096412109933193,2.830631604219328,2.6120488304433347,2.79009543965529,2.141020538272585,2.842560457411915,2.477842517847823,2.6570932378942747,1.8438882268616317,2.6888384698596064,1.910135361224623,2.7142007434515123,1.9461829942138635,2.2333644521184115,2.0111317174576246,2.259137163687275,1.6586285591216363,2.2449999068812323,2.036007226899082,2.352074683339092,0.9992090968574153,2.36462695159303,0.7207557917728784,2.3206898199676815,1.4197515924705482,2.2208923819489548,2.2038791009490555,2.2442251974170806,2.1084068037987618,2.2268655205924675,2.1842308536540123,2.3342914595179707,1.207322337852186,2.377390760524626,0.7716862790481104,2.306858884221568,1.6137572232185524,2.3962125118152673,2.211712939560453,2.336984625428657,1.670927492355943,2.4422814158322836,2.0777116528133344,2.4309772636674953,1.1453895909497736,2.4478790612416343,1.3522935292518337,2.4582236920591187,1.439374851187005,2.5521623299180427,2.1948706147759807,2.491930783199695,1.6136368921891802,2.5378478482869498,2.097733189635067,2.5235606675019784,1.5625940195387638,2.55280019858246,1.4810476143916769,2.5688225562440725,1.6320478266221041,2.2824912890058315,2.1234394606937896,2.291334912894075,1.7239090456713433,2.3015285238402248,2.1845899579550934,2.3540820842954355,0.9071334810105164,2.3898895675296994,0.7600830509535039,2.3273295647120746,1.513754372760164,2.2570868080373456,2.260300159976692,2.244306907029119,2.1898174187399198,2.2543691208185908,2.1770028162885438,2.344850029983963,1.2239997926188348,2.379470910995672,0.7177588082188177,2.31247062465185,1.689998734625005,2.3946032564775726,2.266181025283369,2.3696994912249423,1.643633438407295,2.4377572908689267,2.053019493603402,2.411643961138462,1.1989563845333846,2.44132720753128,1.3557465950689869,2.465077853921486,1.4726724068371067,2.571736854825509,2.215560228333697,2.4990214597241573,1.6430475848459403,2.5684994300613226,2.101524806507749,2.5269983380747463,1.5554228026763766,2.5478156049417757,1.5269095056171917,2.56595175993372,1.659811102138566,2.275165859216073,2.1545158643663487,2.2666774250294446,1.4880578139695317,2.272438097737916,2.0018863418317174,2.38188226214935,0.993103960100298,2.399883054744753,0.8734376678692276,2.3791462582619025,1.3892957506805221,2.2773675360568104,2.2757510638819247,2.291153362398376,1.8828620384621053,2.289830323569085,2.171462687246256,2.3987176630927367,1.267271908480208,2.414290860623345,0.923199621615633,2.369814304934526,1.5827447918241822,2.413817562649923,2.2021054499187795,2.384432982594889,1.5912538910327794,2.4813454137704496,2.084025123607982,2.4413208908651827,1.0745653452247939,2.472020598365506,1.3653148908620012,2.501490319832769,1.4432078601571339,2.6441479460861395,2.2158155508432786,2.5309981512097326,1.71853801569107,2.639048595210961,2.0980094216441154,2.5539495669631975,1.4686244149370822,2.559651871519468,1.5092625105687691,2.5991881326936976,1.6105015648541807
4_5,2.578320591536562,2.147931526985674,2.4991282955139,1.7268882709074211,2.61820048387377,1.8528882935625317,2.497798751621429,0.7656455528488777,2.5102854534562247,0.9178588640583265,2.5714569481983385,1.012670698996137,2.5128698087610966,1.9573636646162313,2.4755073573825577,2.0010680755271615,2.5685736165842044,2.07809176658612,2.5011659735754432,0.9182112390424076,2.5171433840522153,0.9970055326405799,2.5832376402807586,1.2284309971621106,2.7647793765863766,2.3046442412223467,2.638504348079096,1.7902079102458686,2.7892720615772184,2.140912578722413,2.592693530922702,1.2892156389560236,2.626379460410106,1.1259806689810494,2.6483100211845145,1.476657570390308,2.927217471196052,2.4173522945533543,2.774973011580262,1.895880764558356,2.964502411018191,2.212492487786416,2.6638519493301613,1.5176361224021968,2.6764893312159703,0.9441971068399126,2.783129218968305,1.4298223408370854,2.7713975220320295,2.3829566489675837,2.6495688520134806,1.7603972534385555,2.7929771655109064,2.258131395906512,2.5940744541310803,1.508337046789023,2.6031638378587343,1.1276109609387015,2.663979289040339,1.6403503904823218,2.7378382345284638,2.174542032040191,2.588141324188099,1.7702738329821404,2.7705892029586483,2.189731623706006,2.5753748193175077,1.4754896144338807,2.5930679070506555,1.169804805610838,2.6515774197306663,1.603937687962385,2.8661019666354033,2.4756456076907263,2.7091549808273716,1.8082740477020118,2.8744980784988576,2.364762203498528,2.6406518799648997,1.6546924168107329,2.6320631773090137,1.4016971756168546,2.695997993529881,1.7748787035735416,2.9744292952241356,2.41736740058462,2.797278619479443,1.6808415202910472,3.0081820115859164,2.371171823127915,2.703692735023908,1.6555335082034197,2.697000338501011,1.397517237505905,2.7914142551911687,1.7907014641218209,2.7373960041851744,2.3969525942568737,2.6488543422381414,1.7860004561154548,2.803850718134533,2.2820675527700067,2.560204783336517,1.5202161091907687,2.5898017902858927,1.1323559692453564,2.650208838420373,1.614110052115434,2.7171546734125025,2.2463785583851195,2.624504958900651,1.6508981758515116,2.7693181024491187,2.1594576531591785,2.5694605770676073,1.4397425064558544,2.579376983655519,1.134825682665605,2.6459292948170083,1.6270691708413447,2.8694698543024777,2.4433509498907737,2.689395828111554,1.705402651927553,2.873502022205878,2.3755647257073704,2.6398964671557157,1.619872202869204,2.6096406268700036,1.3209558767844065,2.697323129853761,1.7469747023044873,2.982771143288012,2.397141546053767,2.791572253694051,1.6603545861667715,2.962723383338462,2.4261447251762847,2.7152525647436767,1.541023235120007,2.708226766465197,1.3730024969495944,2.7635935779129857,1.8174389064907759,2.794222746901086,2.4084311138824654,2.648386558928163,1.829660040557554,2.8253244520726346,2.287988250509476,2.617797947334339,1.613708102356277,2.607809126337367,1.308431008318444,2.6755824921357645,1.7385732764938897,2.7518255721317955,2.3059590674631405,2.623966499440547,1.72166148161735,2.8124663048974523,2.243362757226443,2.62382545424199,1.5741521368097422,2.597912526022126,1.2342551872521672,2.689689613902861,1.710480144433933,2.855078974692106,2.488065234881605,2.7372744789239416,1.7560441987621709,2.8857409016836524,2.4074674368096116,2.6551874650057132,1.7166526329454794,2.6428204712064995,1.3664987836752265,2.7126936238953365,1.8373659035886705,2.9933313797732835,2.4739284995203703,2.800232431269705,1.6606978695882446,3.0063288955279357,2.455681744332501,2.718786214078066,1.7849473851539885,2.698615715714601,1.4380996382395201,2.7933577338668845,1.8892889630196112,2.4499050854672952,2.420969299891192,2.305693664021378,2.4568572688666683,2.4480353377831885,2.507349836718894,2.4324998178795,1.2531979248328813,2.4193132322536495,1.0943978880481142,2.4057968913640906,1.6472670142958674,2.153701959481918,2.4672401137263456,2.015412769687757,2.5881034551887776,2.2897418108723997,2.6886032823497876,2.402391338126192,1.335739085000958,2.4168097451025714,1.2810666607214254,2.4159142799415854,1.915200396390077,2.612502053728766,2.3898006221103674,2.3620500874548407,2.384729599604511,2.661010197636712,2.1808509442766537,2.5123327016889774,1.2375731431953325,2.5207736916566463,0.9986279767654319,2.563154087222973,1.430066515335594,2.733920932322814,2.6342580360968237,2.3776608140403295,2.4255621407096006,2.792173910256666,2.706153152981321,2.6230077940267993,1.6902256582161717,2.6074797960622886,1.3065745927982089,2.7132887933001504,1.829291189226043,2.6338201494119517,2.481178487548846,2.3962634805463616,2.5430249313460584,2.7007170949455905,2.278876370593659,2.524363955638523,1.6906177500218451,2.539379359687072,1.3906729217338134,2.584340587932312,1.7576622632462882,2.5328594931872264,2.352343656745441,2.292345369041269,2.4393285353401697,2.6220836524537257,2.2577685026552388,2.5096034012491018,1.6563695078877756,2.5314495639410435,1.351438516497818,2.5786703314431167,1.755582743584479,2.7900061370638762,2.5074646968338454,2.460642982692979,2.495901709552435,2.8167249338624085,2.3864672303613244,2.5912639052242983,1.7161076964479944,2.5747854649430355,1.359849692528187,2.687867149661648,1.8327981042107597,2.9045617764779412,2.4733514905227745,2.466253874100338,2.3894946736218903,2.946445812480023,2.359411704090613,2.6683748666241853,1.6784951168248565,2.6461289702173167,1.4404894345775903,2.7492128585335327,1.847016558919729,2.7634777016722163,2.6039160384152757,2.53009177114116,2.5783663969749497,2.802044664302075,2.490989051133343,2.6013380688330057,1.7691101073720579,2.6118752588279914,1.4941982764017203,2.671622468301831,1.8363144615873266,2.704787089996828,2.5023938384826456,2.433389704113229,2.5538102462797623,2.7392537163624167,2.428175297340205,2.611331246717085,1.8120375126735206,2.5956805972104693,1.428252664743413,2.658304446310118,1.9160573075289598,2.8540119722099178,2.6583527996048435,2.5500381267136745,2.5946205387040875,2.8489893146716367,2.435858032661894,2.6534949762489903,1.8313700242096929,2.64486688846736,1.46410297924748,2.7243717826488103,1.9338821533470851,2.9902534576886666,2.6039932833889057,2.5232529320860437,2.495783389075664,3.031623885566962,2.540211279049288,2.7048271231463783,1.8524109859004598,2.678041676418229,1.536756405352858,2.7881495439486748,1.945556867392859,2.6431038030343394,2.370580722720904,2.3630254314218275,2.242357552542161,2.693010040863947,2.340183859884037,2.528739820974663,1.5410183725081443,2.526808375929467,1.241748982478709,2.5910607682101183,1.6570576483214836,2.5448968360847233,2.2153426978979063,2.268829610515983,2.338322148337249,2.638100434333757,2.1871192970941937,2.516109890120141,1.4860637966442272,2.525950784856462,1.1748855567269056,2.5651325095840134,1.6430777095147289,2.765669359288201,2.3874953064705005,2.414367405291874,2.4015682371138762,2.8041969017987385,2.348559283856975,2.6051768237330606,1.5744823507254875,2.575373524239701,1.321486343358997,2.6703890879085757,1.7408565130776397,2.919701992693395,2.412561870184451,2.412202132609176,2.216788345299111,2.9607921087090068,2.3288329560151624,2.6857510373137674,1.7420003084054236,2.6783206589893083,1.3414577355328043,2.7583479823524306,1.8842014777132419,2.7903799056042677,2.343898476110254,2.8054567702602013,2.0327479981552155,2.8338120335201897,2.2263441070125376,2.7425307470256954,1.8940550655304174,2.7865330422772048,1.8142420137173976,2.7459685884262655,1.9227327488216441,2.853558386687831,2.5561539025511033,2.8652123588991567,2.2611103776045174,2.850270347590917,2.505789664048511,2.784607175927918,2.0464861403311043,2.813453144553386,2.0185864923937276,2.8231278339706716,2.1263175282287716,2.9092042004866667,2.4860513481276953,2.917784109524225,2.141083944070336,2.9271325252197884,2.3670742834118514,2.76283715492367,1.8998302714223536,2.79217868820199,1.8727752792282695,2.7988828046491685,1.9607376437803363,3.038688122053888,2.8179523198577296,3.011193188264033,2.292555071936699,3.034566545584183,2.6569428690662327,2.774022173284291,1.9903051072553977,2.7945655483184204,2.0374932944786543,2.843088493728247,2.10265694643088,2.31902856507573,2.000564321155718,2.324115619913692,1.9291558906968889,2.3616949306558217,2.0421600181270816,2.4813460427116976,1.3027075743447514,2.5223831263397543,1.2468649406553107,2.4277976577349185,1.6704555295278296,2.3218134236631824,2.360317310341346,2.3383451560170947,2.21132090034593,2.3345502610974536,2.42661811823289,2.477304802576251,1.4781937209370868,2.503049073437797,1.1907629291171336,2.467005573222971,1.779769360451821,2.550677274342874,2.217807332984065,2.46337627547994,1.839988272224148,2.610353910828953,2.1033591214315366,2.5602895809506063,1.423927570688587,2.6055570508298316,1.5424738511395986,2.5974427944897807,1.5734091160046846,2.8160878494314394,2.273847677060122,2.6954107391858004,1.820322878343452,2.8241004589813246,2.1912410369310096,2.6696960362066218,1.6327365586185476,2.697840484569936,1.6628809990493134,2.747511776468108,1.74140475833281,2.354094591943649,2.09829221312811,2.363195582615244,1.943364426259345,2.3710676529700208,2.1388472498059437,2.4649176966674062,1.4751252684790495,2.498304146811687,1.261096380199228,2.4489452947104673,1.7471252555045098,2.337307160858379,2.46882884737229,2.333020993121643,2.3220825280184743,2.3308769272221617,2.511120017064428,2.4731008300556168,1.5833236453244954,2.4991549674063562,1.1580572322138005,2.4309795730321726,1.8502747200941785,2.5373112545687193,2.292858937783021,2.4703419729588147,1.8672964202716125,2.6005239769239474,2.1086212226559984,2.533280299178584,1.4429076431728307,2.577597485542471,1.5200685332153165,2.593791974743475,1.557654622362743,2.7942142593010195,2.289232304077264,2.687785468243328,1.8666477800252015,2.7895012038090954,2.2025789187327356,2.6638039670789313,1.7014290081116021,2.656065506895546,1.6236136933094352,2.7122162200697177,1.7357228824617517,2.363146673575144,2.065834024432241,2.3780023574702156,1.6824815841877128,2.3859517582048917,2.1307559103533116,2.527231082709832,1.3543461764462679,2.5080171154118633,1.2602973104082018,2.500440209016598,1.5275105825494197,2.3985361941620424,2.385969772373227,2.4304405541234324,2.1003543544817243,2.426689578757067,2.3465071200397736,2.5026350084220037,1.4725066844384584,2.5334168523056975,1.2023216569916364,2.5154703956182565,1.7001156724404645,2.600410989032287,2.22211483987155,2.514250259033063,1.8048512520020472,2.6923581872316094,2.0751914603088557,2.5820370046096666,1.3951542551368517,2.608572840144289,1.5176469587723425,2.6239964216410723,1.631270984213615,2.8614531276990256,2.2830751290576545,2.770857055937368,1.9327689847685716,2.9007188503545525,2.21260177500474,2.6791289359773414,1.6563398209937663,2.720962002649417,1.6657541980110937,2.756524522235839,1.7373037916997842
5_5,-2.0379502227463293,-8.0,-1.8435661761301587,-8.0,-1.260864536564996,-8.0,1.052852906374724,-8.0,0.9496565539415197,-8.0,0.7389760627794068,-8.0,0.3187961434238979,-6.213284060879247,0.369176507164737,-8.0,0.78599974158755,-7.46344155742847,1.3280340715979264,-8.0,1.2116314907095946,-8.0,1.1522222179484234,-8.0,-0.33133135580202977,-8.0,-0.28424132326374446,-8.0,0.3274704153546803,-8.0,1.078260560957017,-8.0,1.0593656105185614,-8.0,0.9171632319501208,-8.0,0.4952081168055442,-8.0,0.6783989851012493,-8.0,0.6009021114393851,-8.0,1.0055785507084458,-8.0,1.0170712028361306,-8.0,0.8068233575187806,-8.0,-2.877288653216182,-8.0,-2.927404789884782,-8.0,-2.122640329551286,-8.0,-0.21637572748126302,-8.0,-0.5585394251138599,-8.0,-8.0,-8.0,-0.5531866977917063,-8.0,-0.6262543928271338,-8.0,-0.10607034877206933,-8.0,0.2396195847346508,-8.0,0.13590317606383256,-8.0,0.0881523187974773,-8.0,-1.2365277664376464,-8.0,-1.2599377369233966,-8.0,-0.5731356986058143,-8.0,-0.00870293809527514,-8.0,-0.31424918451405687,-8.0,-0.1931080645849047,-8.0,0.32875831402383066,-8.0,0.14201971940719918,-8.0,0.30472143693536047,-8.0,0.14352775081720615,-8.0,0.08745850836653318,-8.0,-0.424894906911901,-8.0,-8.0,-8.0,-8.0,-8.0,-8.0,-8.0,-0.17987858819972363,-8.0,-2.452926279836313,-8.0,-8.0,-8.0,-1.3110118827389063,-8.0,-1.270206676894673,-8.0,-0.6819174076358577,-8.0,0.1117046231942952,-8.0,-0.2738070854606557,-8.0,-1.722975547061149,-8.0,-1.7574150773493662,-8.0,-1.7719936688732296,-8.0,-1.566376236753092,-8.0,-0.29180888500236,-8.0,-0.5196726883422024,-8.0,-8.0,-8.0,-0.483458773612349,-8.0,-0.32931450076993873,-8.0,-0.8863022633924125,-8.0,-0.3381678792260719,-8.0,-1.1401956647638418,-8.0,-0.9354700672404148,-8.0,-0.9139495304378985,-8.0,-0.7275644288025396,-8.0,-0.1517822259392705,-8.0,0.4018798186415678,-8.0,0.38063234495565246,-8.0,0.06586029384715898,-8.0,0.48964938782500517,-8.0,0.5050564349427763,-8.0,0.7620579013019122,-8.0,0.701150868959962,-8.0,0.7149593245751135,-8.0,0.6401111995409072,-8.0,-0.16850959108070412,-8.0,-0.10604738743495874,-8.0,0.4884809527551842,-8.0,0.3646699429307772,-8.0,0.2664566615240762,-8.0,0.20810766554987956,-8.0,1.0119809653483323,-8.0,0.9461120744570652,-8.0,1.0949643962520523,-8.0,0.6242513505252438,-8.0,0.5429618089217207,-8.0,0.4844152437797953,-8.0,-8.0,1.2758620689666453,-8.0,1.155514563094694,-8.0,1.4228005603388187,-0.9703831799263161,-8.0,-8.0,-8.0,-8.0,-8.0,-4.8838457128205635,1.6149689035852488,-8.0,-8.0,-8.0,-1.0657475689863352,0.2693358684328454,-8.0,0.09797908158234181,-8.0,-2.1561139600729353,-8.0,-7.131355561605174,-8.0,-7.745935547085662,-8.0,-8.0,1.52062363592314,0.2217747738893485,-8.0,0.11523145055158629,-8.0,-8.0,-8.0,-8.0,-8.0,-8.0,0.7199196567045685,-8.0,1.0703330379284526,-0.36273530467864823,-8.0,-8.0,-8.0,-8.0,-8.0,-8.0,1.2931874100952323,-8.0,-8.0,-8.0,1.2244800803369815,-8.0,-8.0,-8.0,-8.0,-8.0,-8.0,-8.0,-8.0,-8.0,0.8024182801987989,-8.0,1.171730629295638,-8.0,-8.0,-8.0,-8.0,-8.0,-8.0,-8.0,-8.0,-8.0,-8.0,-8.0,1.177866759216437,-8.0,-8.0,-8.0,-8.0,-8.0,-8.0,-8.0,-8.0,-8.0,-8.0,-8.0,1.4137931034474942,-8.0,-8.0,-8.0,-8.0,-8.0,-8.0,-8.0,1.5156134963825407,-8.0,1.5318083505868128,-8.0,1.7589141199533487,-8.0,-8.0,-8.0,-8.0,-8.0,-8.0,-8.0,1.211486176422344,-8.0,-8.0,-8.0,1.3785982055363433,-8.0,-8.0,-8.0,-8.0,-8.0,-8.0,-8.0,1.139298555169971,-8.0,1.3253802771768683,-8.0,1.2068965517238845,-8.0,-8.0,-8.0,-8.0,-8.0,-8.0,-8.0,0.6989700043360189,-8.0,0.8024182801987989,-8.0,1.1927280705099932,-8.0,-8.0,-8.0,-8.0,-8.0,-8.0,-8.0,-8.0,-8.0,-8.0,-8.0,-8.0,-8.0,-8.0,-8.0,-8.0,-8.0,-8.0,-3.630740065792669,-8.0,-4.063645880020677,-8.0,-2.527487540630307,-8.0,-0.3874079506360358,-8.0,-0.7589503047435807,-8.0,-0.8658790801162982,-8.0,-4.438363237080551,-8.0,-4.98229694403395,-8.0,-3.7384505913971897,0.6989700043360189,-8.0,-8.0,-8.0,-8.0,-8.0,-8.0,-2.152642434656616,-8.0,-2.680879099945314,-8.0,-1.2768992833624806,-8.0,-8.0,-8.0,-1.6161178807302428,-8.0,-8.0,-8.0,1.593084332330609,-4.709365585775731,1.6069848170386092,-8.0,1.5629564111870844,-4.016253993983469,2.1499602857473072,-0.8845783211771588,2.1133157804084113,-8.0,2.0653673560205403,-1.3004645507414632,2.010242449060335,-0.5257006616593484,1.99011948442874,-0.33517199444088097,2.0197194076568525,-1.2302498496352146,2.2454659663493626,0.9306266459934343,2.0956437585620358,0.35394785236719567,2.166487444815263,0.3599711508159005,1.741218007408976,-3.5779306897911964,1.7689029021252374,-8.0,1.7269524015701503,-2.33207948434597,1.994213794997959,-8.0,1.9693032989677275,-8.0,1.9941356067467506,-8.0,1.8320999808386067,-8.0,1.8226908201636551,-8.0,1.9184227397225553,-8.0,1.9541017908669243,-0.3671091433840298,1.95234890905324,-0.36664615632227954,1.8758771498795426,-8.0,-2.0587775140177564,-8.0,-1.9996624346924043,-8.0,-2.4899653778348876,-8.0,1.7611258098342273,-4.777720643803165,1.495393574527914,-8.0,1.1604922119032124,-3.26113516644817,0.6578899762851818,2.0307283969752286,0.35518658407636683,-8.0,0.6129230309097985,2.021277948633701,1.8700070372205588,-1.3058860342154346,1.6853534371855499,-8.0,1.59384706626574,0.5626547628790416,-0.7647413802295584,-8.0,-0.21937041548215055,-8.0,-0.43546097889620444,-8.0,1.521947266048425,-8.0,1.4491484927513363,-8.0,1.2785110318251167,-6.578396073130169,1.1734677416545816,-7.289036881004725,1.2001574805589132,-8.0,1.3051552701475597,-7.695724949522872,1.513024120490358,-8.0,1.3737701408084675,-8.0,1.485453587069245,-7.246416941107094,-2.637601018094363,-8.0,-2.894760592821732,-8.0,-2.88897246220202,-8.0,1.6886606722446347,-7.828273546346769,1.4708140729312487,-8.0,0.8521825184697267,-3.7683012166021816,1.1271031666638973,2.1327541889187867,-0.3872597465695187,-8.0,0.3191557996867829,2.043426472530497,1.8418188100513186,-2.2645623900164207,1.6156664079074605,-8.0,1.5110812607326112,0.8706015598722173,-1.3523638141777878,-8.0,-0.8487825222024193,-8.0,-1.222202799018451,-8.0,1.5647600663394605,-8.0,1.3406440765962857,-8.0,1.0150477507757287,-7.815308569182402,0.7890677843829567,-8.0,0.887503908076429,-8.0,0.9545384180125615,-8.0,1.472559578160408,-8.0,1.3779678755736857,-8.0,1.3475840050281012,-6.348576599240948,-0.025199178300676136,-5.258308824100606,0.15604395054910442,-8.0,-0.051868529742760794,-8.0,1.9315542477315084,-4.599093491570111,1.7680846690149368,-8.0,1.7088310889448555,-1.9229103921820636,1.6211852437299876,2.1436603039554796,1.5150746926767518,-6.164975646112926,1.618061255649665,1.910120226500275,2.0412543949253665,0.8717465004697792,1.8925530774034849,-8.0,1.9227896149091392,0.9312585270201522,0.6370188810250714,-8.0,0.8844494117712779,-8.0,0.9727272537805802,-8.0,1.7183440032762263,-8.0,1.6678839694932628,-8.0,1.6442867759177042,-5.546284248299233,1.6845621362994816,-4.0710956347559755,1.639816991210883,-4.769570239095059,1.722535728978868,-3.5457628915834474,1.6666089159590194,-8.0,1.5619744170950922,-8.0,1.6147107857725553,-5.078654332318553
6_5,2.391498356298381,2.076805240678053,2.42693312082439,2.0031799549514444,2.521411016957224,2.0441313115747786,2.592242101567345,2.0130260257307144,2.550743542303956,2.0553266751185846,2.585026070209326,1.8055930281179922,2.473655549096607,1.8120029306049936,2.3921657159778777,1.9318559394054895,2.4519324801890816,1.955935979199796,2.6028389342921634,2.0505912146730525,2.5266937008135155,1.966323836588104,2.5964060763850516,1.679420336978529,2.587857392996882,2.077102031626333,2.5879174708311985,2.0649344770639995,2.6072442156169333,1.962531252760688,2.5906059922383267,2.125713977888218,2.6091257642037498,2.115308962809777,2.6388355990568413,2.0604351291993606,3.0331235144151143,2.399335256803591,2.6242877194684464,2.0659938812575382,3.5231627688607685,2.3529825791222345,2.777541588304521,2.3328161570833488,2.8551868526584716,2.3251901869484217,3.1718098744197327,2.273735187915858,2.579198214393528,2.345055421624507,2.5523446838057207,2.2986915121015143,2.573194546629595,2.328478571874799,2.601779176353441,2.198331808101248,2.590787038437518,2.1200172391769,2.5994199851185544,2.219497837828426,2.5734214741796926,2.0506976974338063,2.540775397080523,1.9075266366209562,2.6020529490261297,2.0778315514347505,2.60109983463209,2.204692576177315,2.594458078775684,2.058781160875486,2.603476719271924,2.1028169468812585,2.599706096235348,2.3440464172462114,2.605191621493502,2.046673069391025,2.6159136050954324,2.3360418424273526,2.63759863147313,2.2614886286612523,2.606713135306057,2.2389462288824378,2.648228537584251,2.3256379629254127,2.9021673803016714,2.390886343070384,2.643330027365422,2.087045489274877,2.892803084271621,2.4870762370740014,2.6711640496374662,2.3464308919848342,2.637190647073469,2.3287367566105837,2.7181971911015483,2.3364205405314644,2.5547450530021987,2.3347531825021326,2.531872670128198,2.2757259131850556,2.5701400660182876,2.358465334565641,2.602958837532663,2.1593328104416005,2.590541328067869,2.2962913871211708,2.604162545252611,2.201767887134642,2.5485909546845935,2.017301672150206,2.51741777053213,1.8097351928634646,2.5787679479358694,2.056533098610756,2.5818104144991167,2.0790702054857024,2.596560733373449,2.195914922505429,2.6020086635541304,2.2061939109932625,2.5962825858398366,2.4012834399546494,2.593561322434477,2.1859643667692126,2.602330600572929,2.3424679755020117,2.606392195856708,2.2596447689454284,2.621910150363456,2.1804297853055927,2.5867394696449995,2.327742212563061,2.7962349418185624,2.4003833193178687,2.6496798853481747,2.0957869953450468,2.82133645687829,2.429243861234848,2.6941404485236533,2.335937128064083,2.6828517917833263,2.300871608110305,2.7087301042798897,2.3355679529987166,2.5904548095938953,2.3416910790410936,2.587344181242316,2.0682033436480727,2.599542383452114,2.3333621736161145,2.6056816748924425,2.242558020436899,2.6016378409713905,2.2472285221969743,2.6180790915908863,2.3287136163753033,2.5881435875567558,1.9594800236210046,2.584600423134521,1.7834328100609915,2.6359600628770914,2.0612062190963187,2.6058426784507343,2.196280944400016,2.6229059331312126,2.287333352839274,2.619932281625962,2.2628479677874997,2.6264762755482907,2.3327932848534116,2.6094415757750413,1.8378100083348088,2.6777633126057396,2.3353844729900755,2.7083172382296237,2.3322132441156302,2.7784235166142444,2.282861472263867,2.680177200394092,2.3312029952927285,3.5567499508533955,2.3621719767851643,2.7269429242181578,1.7632153034102729,3.3224094750014053,2.4184570576388618,2.74416126523245,2.315482774122597,2.860561890973055,2.3359252080222217,2.810630170566264,2.403430037604783,2.3366268507975554,2.450967264292281,2.2883346772588307,2.352487353690964,2.3406818993840206,2.54672707009952,2.425870073567368,1.974470586015764,2.4672164026851426,1.770070739758565,2.3387904499065555,2.0314201102613367,2.025748903044089,2.3322399310764945,2.027993669326017,2.3648972912112227,1.966103511913894,2.5991165779668037,2.4667968060616476,1.848053388455102,2.4275040331565916,1.7891557555310227,2.3309435574920987,2.2191052417652797,2.3460435278540963,2.3283958135534233,2.3062358584586926,2.3426214949169077,2.4292275849826246,2.280332139835173,2.531683888148517,2.0900970922820585,2.576628744431407,2.0579587365148106,2.5105064372099397,1.980296002780023,2.597384941803883,2.599353864971034,2.342642570700494,2.3472059243658303,2.6091795203530297,2.7007932398072523,2.6087986555629348,2.3261179189115375,2.615443526170807,2.159862739383436,2.622020730877504,2.318968277614328,2.459606641325488,2.335444492591216,2.3372462455527914,2.6074842474045266,2.4985326471064786,2.4022666807823603,2.567551868561829,2.1681997682046954,2.568593561844004,2.051320358593971,2.538703276507726,2.217337839808825,2.3479852851248,2.2252927988792854,2.166744224896701,2.32069877095017,2.340849643547573,2.3051804683017645,2.5240505424476143,2.105275152913967,2.523776382386022,2.055328339777568,2.5172941606377903,2.286931222398701,2.5152981089734334,2.604141228991305,2.3438449869430387,2.463921476016317,2.5307197847080767,2.5584612942728167,2.5365296736793175,2.186858891783574,2.590873792347893,2.056352661612141,2.598915699205711,2.2245267442874543,2.6015788739153956,2.5018572905637724,2.399592953621076,2.3375430742786136,2.6193308250719625,2.5681861313246213,2.6101374337269316,2.333472944492743,2.622519478125065,2.088687297282974,2.644015408810156,2.3284013777491213,2.5785465195473414,2.647730915543467,2.465940706832631,2.4560773990477056,2.5871833391589516,2.652469894308422,2.600688007609195,2.3156179072157355,2.58963665317637,2.197727754746909,2.60900997904959,2.3061553795673615,2.5226010159386836,2.4459195565735654,2.3581678815085163,2.428340547812454,2.5436029001001486,2.52578251888492,2.5869113837856066,2.2530360206259217,2.6089169778108565,2.1789415989664516,2.598226262119976,2.3853348926026183,2.599005808697397,2.584135355906236,2.4570604926240205,2.5005840205222905,2.6025497723530777,2.6013657869402658,2.602804855340462,2.3264579864432835,2.604542551135952,2.1569632916644874,2.6272109853204784,2.3162195443972893,2.644815443106175,2.594623891243879,2.5533601759315885,2.427532726947625,2.6723123949444294,2.63970482825823,2.6381402289433757,2.3572750710446346,2.6413451769505687,2.313245706726346,2.6903465703625944,2.402101565828645,2.370049161176986,2.336672812946304,2.3089272815560222,2.260715304515877,2.456141652273114,2.355826654817632,2.5691723717948953,2.1461157351903624,2.5691006251820485,1.9283083798298624,2.551485404180081,2.1125075124502946,2.3398287654895946,2.1298124367613624,2.1358216549806337,2.173092112372524,2.395838706035947,1.9869799768404144,2.5707442481762492,2.08125439426816,2.537628260053875,1.97919481872524,2.537211281695836,2.0533387151561535,2.510414354002984,2.3422316171224495,2.333734909233648,2.296455483355785,2.558209893961494,2.361912189856266,2.599205548879884,2.168438264760081,2.545105208206372,2.0634240413154497,2.6053273261998773,2.240712614375335,2.634330937854493,2.3315989745065546,2.351133666501658,2.1319604622260657,2.6474621791170487,2.335067847737315,2.61967877031779,2.3224882406464977,2.614196484451875,2.2675297580091325,2.660857775488713,2.311586782249676,2.606948999219823,1.8303319132480464,2.62723088834579,1.6171728645010808,2.656525132210808,1.617529792466424,4.154092965204135,2.0973018290986887,3.973242322572438,2.0725500174203626,3.7303794620851605,1.877646048177508,3.476227598386501,2.3563385320661956,3.7319205129900315,2.100149174714,3.642686824215364,2.346493508801632,4.47383286960644,2.31751738952863,4.109595829086823,2.3306626990241615,3.926541453111312,2.285123311335995,2.819369440725337,2.325233197753115,3.0021993026732177,1.8982645183856184,3.156762190312391,2.2731045559448515,3.904731767666685,2.2625230765350355,4.182386199697494,2.1628236607728244,3.6316122255508256,2.2135848290537097,4.440810377604807,2.7946209699402007,4.249548198648166,2.3193548470466645,4.288267183273975,2.6544227505527282,4.242418262799701,2.4654664264922013,4.0208618251358645,2.3215581971821813,4.0560322651365155,2.576406582394328,1.725338799476767,1.6998988912740183,1.754789987818957,1.8397933636301826,1.8776149010014989,1.85493409203208,2.357981776774325,1.6390004839625423,2.38742484740141,1.4363753108271482,2.326301640331095,1.637023905361995,1.5641675216062485,2.333786200644596,1.7165426004632882,2.0187354086118035,1.7165173190900247,2.475690352269409,2.37997789635786,1.6671969213197924,2.4313377557363247,1.4282588509929328,2.283010718004236,1.703218842577904,2.3331192617536294,1.0905206327481394,2.252043202649425,1.7313328484100141,2.3458208297566356,0.9802685141003328,2.57276149091461,2.0308975609077757,2.7756469034855784,1.761342602432373,2.521401148982116,1.771057895258104,2.6062281143173323,1.0794595462529402,2.5485293801977096,1.3697093880277453,2.6073775297074286,1.1151961126995116,2.6601353718752985,2.13772908399408,2.8295757949865963,1.917633642334057,2.6593205396216653,1.736940227467885,1.9828970656013578,1.9663342960772296,1.8728728323099397,1.992856608896843,2.006201244848762,1.7189289023979037,2.3391431860992236,1.6755869871908897,2.408649101841506,1.3724046779797736,2.3224108887328585,1.6239088556621064,1.5716086146791517,2.3663402503731312,1.6269288047669423,2.08305975586633,1.5531470212876783,2.334534097921009,2.3404324088916346,1.6767874846646862,2.3375625827474904,1.6088558923586505,2.186664206400492,1.7096674368244285,2.328156689570715,1.6797762849709477,2.2162979538887595,1.6813134214934928,2.3447882584883306,1.5492026979572464,2.5775135080659464,1.9144346209959968,2.5877824102281024,1.729062240597204,2.513234939737013,1.644942421710162,2.5838559300107646,1.2168798874079192,2.4795044294093396,1.3369379423266734,2.588332757374402,1.3740137776246284,2.6795645246330246,2.110202918153988,2.8586503119576294,1.9921551038836043,2.8443394152846073,1.797548478238807,2.0310510812227722,1.458529221798885,2.021597477929792,1.672533603990394,2.1271855424203783,1.5342916029008615,2.543678787786281,1.6517449289043116,2.6441466102810582,1.683021826117692,2.344518966793787,1.5460184306937834,2.014917824574588,2.182783353068747,2.040488559776973,1.880796050627834,2.0771729020942136,2.1603481015170627,3.0085070395548383,1.7781525372856792,2.6122896268294675,1.609677708911281,2.470268541688986,1.642029578077554,2.3923517741816256,1.0193700515311486,2.334207522863743,1.2644346760318397,2.4929862832315335,1.114192952479444,2.5870078524568476,2.0119673536339744,3.0197450843797,1.665927581789009,2.6771305369942757,1.757228739636427,3.5524557468026248,1.386603320584159,2.6426764735566666,1.3730775702394291,3.5415714404963676,1.399771897813238,3.272646518599264,2.0744653714474164,3.611638412102289,1.973712846870067,2.8827542231782015,2.0165486484580013
7_5,2.4560627384914007,1.396351636900561,2.4073444822937766,1.5518991179803285,2.4208358038127575,1.3296925691732462,2.2754637611775967,1.7983843983432544,2.2969969698879993,1.856232653497565,2.303480608387555,1.4527415582008927,2.4173179217190652,1.4801510005959122,2.3381246939685414,1.7059482443902658,2.2944016887049754,1.651556826277965,2.2717031875065756,1.85923082716412,2.3427181379375015,1.6472200049411643,2.2985156842149417,1.5767585732665774,2.625264994820705,1.9453282345483134,2.56411489757675,1.522763262952376,2.5509671173290034,1.545816884899558,2.369590809937448,1.9632669850932747,2.3989513943855494,1.696400863913961,2.417494384880456,1.715666447027841,2.7734820497769053,2.210447521970042,2.677478661113012,1.7358012403330583,2.7138730465841254,1.9656969850797885,2.4590387383665657,2.0436424589854694,2.4934323568725776,2.0664846065697127,2.506779209905081,2.044313934811363,2.6158555546459006,2.103778537681664,2.5415043255304535,1.7895752553475879,2.565297002886372,1.8529932847597985,2.3679473745017314,1.9902654001752804,2.387912178897356,2.021358448962079,2.4370629220455235,1.8736304519976423,2.60354282548188,1.728783128307824,2.554303373596443,1.540177190517822,2.568080614536751,1.4475406979660568,2.362770002036683,2.064746422564525,2.3947063079933684,2.039016448071582,2.3939081555516566,1.9075106060115326,2.600977978952982,2.2079364978491913,2.6031670464053764,1.7297917135288579,2.6460575264078714,2.01638234123914,2.410365655856191,2.046443799444022,2.4339826945992593,1.9259872586143723,2.485166885434319,1.9578011120253327,2.846816064964653,2.420629470515921,2.737031072962424,1.676300827942873,2.68716106998146,2.2188206791627016,2.4761032179607536,2.121458853677926,2.461411274659345,1.7876778680845677,2.512690302323195,2.074519706782928,2.5274613667908254,2.0417578003749495,2.553661661387408,1.8184434382092265,2.4890754109860005,1.9878390915233384,2.3943994677747034,2.073412852363752,2.3679401616696376,1.8044791153519226,2.4076697408019445,1.8395686776315605,2.5048457367964283,1.6024547708292172,2.4766123525864634,1.740144131473298,2.4806417796560583,1.4620635074331805,2.364053081583008,1.9394689481370133,2.3802562469637447,1.5980657503296558,2.394073501377029,1.7967112614235445,2.6799060086389064,2.281401760213572,2.609770245581466,1.7545846048257963,2.6167080410620187,2.0449408222685075,2.4388989163345243,2.0448172264029765,2.4336954673726967,1.9830098554253928,2.486395616476888,2.0323381413433115,2.735632455461285,2.2951277990156864,2.6836833758547205,1.686690735277408,2.6997547443851637,2.2590970386327833,2.4793446046008145,2.114451892724694,2.4880063746079193,2.011722527357857,2.5331365717408243,2.1854063023187744,2.667070082789447,2.2637387565536233,2.570043010916803,1.717915207121738,2.612960386936325,2.0095092485222783,2.42577640795919,2.058757702155456,2.4524697315793995,1.9723749882748507,2.4561037377621893,1.9407390788726648,2.6667650245450845,2.018526849880114,2.5961566257133533,1.6827065977561175,2.609212071763449,1.6094994941578893,2.357851926797574,2.108223355800656,2.4167230186580015,2.013386820460101,2.4193893074276906,1.9617870694239365,2.703923570847913,2.3888475559854565,2.637467307204503,1.689446312009845,2.688024795680304,2.2130763752203984,2.4340174021341068,2.0901256483978745,2.4483188673883443,2.1049652149499636,2.4813206594645574,2.071541638246298,2.816078447608393,2.4850510927210476,2.726235151013022,1.5900719736134576,2.719389358243314,2.2625695270304718,2.5097952105932904,2.1534873477770224,2.4790019620257033,2.1305901029448195,2.5284121251032214,2.217551637128781,1.7122539752802728,1.9260843423705094,1.6732595999298647,2.084836895764089,1.6838082514091113,1.9371476383078414,2.183228100026019,1.8845664094530543,2.2266738957781755,1.654772491162172,2.106145715214574,1.6304885297964313,1.4551292289539328,2.0195556395843037,1.5848347992389566,2.171994959406088,1.6193414903557632,2.126716534728586,2.2232593290154186,1.8634595520073283,2.2333795149051543,1.7276017485639903,1.9068875580167828,1.7885263483965115,2.297613169616942,1.7832525309060603,1.6797128299727657,1.9709750142374982,2.2870782520807835,1.7971520245618828,2.317935974331456,1.8416827324111102,2.322290145147705,1.5827695772045491,2.3208403193379024,1.4880650863774498,2.5902564815883,2.3731201644348854,1.8992547542311746,1.9629783209258098,2.4779538537654315,2.4429488876963634,2.393190591366497,2.0522310155302375,2.39123605161034,1.9145150333709051,2.420258035250215,2.07848196528477,2.1612809589779536,2.019101443378027,1.7504868557604905,2.2355703912393894,2.2329247125096066,2.0315909331262403,2.339567165503828,2.0295992973648325,2.32052009427086,1.6240715618826467,2.280528414962671,1.6331223460224726,2.1024275671525126,1.861635989899022,1.662289154281821,2.13891665159913,2.1385379978028025,1.8626808800714045,2.3496755425608957,1.9817594442690258,2.2705227367990695,1.8279852993640806,2.242246906557559,1.7021219831601841,2.438103764922966,2.019181783886982,1.852191833529246,2.0802250757571876,2.373141843773045,1.969460422338056,2.380274871653813,1.979671238679182,2.335964442921809,1.6521811953204555,2.4059302825151048,1.9690102033387045,2.640238419799459,2.10358484705228,2.12748195629405,2.128365115996003,2.5988715156294515,2.2226794830132564,2.464266952739963,2.209391906604941,2.4331396418615934,1.7746595978618371,2.4590277480816836,1.9641531227194027,2.3327153988925966,2.0909815121522475,2.037359758991356,2.1615875529112594,2.3865218997655773,2.1297576859324594,2.314188605772926,2.0638585105998017,2.3865947666452474,1.953031784492757,2.351210408720889,1.9213824884377566,2.3093191970191826,1.9853760390054034,1.870563266406484,2.1860509889727924,2.2445166175919296,1.9531223530010564,2.3381710219081024,2.0784857240057195,2.3888455494909557,1.9844686621095609,2.4138089531169524,1.8624098041137145,2.4567132973018126,2.2022076287935763,2.101089403080453,2.0710959015393224,2.4665125543157815,2.1920432831360075,2.3881854543609937,2.075593145975312,2.426490575126622,1.838958481530548,2.4400102771119214,2.0440564473080487,2.6828674703462103,2.3209842930501883,2.2487007111776247,2.1710417909837756,2.6737867178826424,2.309873242574666,2.4794784648439054,2.083505373467671,2.4728052053907623,1.7999054038069866,2.5474105645245158,2.145914686549427,2.2737691230175594,1.809580955427966,1.7560278507034204,2.028187887784341,2.2718784292505467,1.6645550717845914,2.2873739358041107,1.9554547742263935,2.3712533527272,1.6056377169385712,2.3378898374903745,1.6021919221823286,2.228697153472594,1.5389273938109895,1.622881315503972,1.8159707698010814,2.2741636182890757,1.7006083742572913,2.3378154326992853,1.91196218647664,2.3382241968369075,1.698580536682075,2.254341876163585,1.6706552052068053,2.485661381217804,2.058125466928602,1.9070609434003423,1.8187560785319021,2.5122940831537477,1.871603665710275,2.383297788594322,2.023686925570272,2.384331600521018,1.7073145981541282,2.380734316644326,1.9235795442963783,2.6898904550750147,2.037224970764069,1.9518355294024228,1.965043149885271,2.6349598403765135,1.8686327359205248,2.4773923326604996,2.057270775542093,2.4589994017969965,1.740235645645,2.514444242937599,2.0772866612333565,2.4054845408318717,1.575545822415292,2.3711268861486237,1.473873177197539,2.3492587257139674,1.3400548215204253,2.463729463375543,1.897363971837893,2.4927894134279107,1.8507830031620627,2.4434485252011524,1.6399033467058368,2.44504870210676,2.0821086723227986,2.434769423001537,1.7813956598853609,2.415763827722597,2.0167120517692165,2.425154057025546,1.955534142359031,2.4465604111434356,1.938554132642053,2.4625068168691353,1.9657808253981806,2.5284852764110948,2.1072561206456846,2.476693187862713,1.4587410287456537,2.524040023570421,1.8747815323626933,2.4474347502902054,1.9325689535899575,2.4566959713427785,1.8787426271003325,2.4915165999967956,1.8619363681274275,2.7494423136838297,2.5584898871392063,2.589407334317873,1.9201900136409102,2.7175009588132553,2.534006595429026,2.509834833304955,2.148170077883364,2.491175341792402,2.079765841444369,2.535919988995056,2.2275149281943163,1.4724058320601883,1.638173273408972,1.3100172368689786,1.6252424951024795,1.5034811707383688,1.5361791008498638,2.1444861576455274,1.595716774963501,2.1676724351659784,1.3815759364236542,1.9224416670188471,1.5491813750961447,1.188659262625217,1.741170877802247,1.2289011554115985,1.7787936279210657,1.1987685969494903,1.9421415348398714,2.144380902234814,1.4985586860847748,2.1239782341922235,1.3527608477289241,1.903229192295403,1.652374006833879,2.264211022606405,1.1134417975607496,1.86485452607692,1.3950827080605264,2.292719232902332,1.2518771839553458,2.3143797376265733,1.7759470293936246,2.296880352715861,1.2425319517602031,2.2749004067386407,1.4218392400224902,2.4861924078918394,1.3898221194394924,2.233997209677819,1.3822557830449496,2.333254894012425,1.4576460505629716,2.409663898323442,1.8882335686154799,2.4175240309582207,1.4195610990111118,2.3960538845320665,1.455083052974963,1.4296548664747892,1.577574022324191,1.4018184219384227,1.6494473755297703,1.6160337141609107,1.8081337657639647,2.1085053907733435,1.6048939390188668,2.191040502365,1.335516539661784,1.9586483978960902,1.4906528966934067,1.1636380640442916,1.9454486778726259,1.2268226416339936,1.8620864498727647,1.199273759548105,1.899422478901963,2.0956396971392066,1.6011107242635454,2.2430428672783176,1.4201913489455884,1.8373113435087,1.5662306250312417,2.151126250259604,1.2163556082931415,1.872099680940911,1.504251080323318,2.206324328755659,1.2520654878617126,2.28173577393804,1.834179818796319,2.2958081256415928,1.3957436272455483,2.296125051725101,1.4347974502775953,2.4334240662155007,1.26963956211493,2.230046471376204,1.4487096589785047,2.351168231989316,1.4217494040321819,2.387804775347949,1.9237360590126713,2.407652685745629,1.558546084798439,2.2922784089143406,1.5200038659931392,1.731976165531535,1.5057506463445585,1.526450045117621,1.6703952086601181,1.833047765911226,1.3207507538915964,2.1813510543164036,1.661140344460121,2.2214422157852383,1.4139722787020002,2.11252132501867,1.4737057588748403,1.5274579545986842,1.8317703559949567,1.5679766512450093,1.8354689404995832,1.6151242768046359,2.0060065369734645,2.2069957675667546,1.6107938519997416,2.242451336158954,1.4156086678334745,2.0519242350973284,1.4918335913110998,2.3128193623549747,1.12872240532252,2.0039699499124066,1.5096242763666219,2.349515787718039,1.1095919006267507,2.284799339284194,1.7808012711226293,2.3143182133163895,1.3762232098760685,2.324700730530245,1.421317714116989,2.563298792485057,1.415126869651687,2.3390393482451937,1.4032254030660485,2.508345372483028,1.2786418114310845,2.3868549279900293,1.9021757303066542,2.4611970563321526,1.3878822506722504,2.416379007652123,1.67437081177896
8_5,3.651046372801567,1.4144921410789941,3.4455663146845406,1.4507232644858186,3.7855463956199435,1.435517419698569,3.466769206804757,1.4287868677157445,3.5721465566543307,1.4101163063108408,3.610903530681448,1.427365482672669,3.373350591748499,2.4155127554383324,3.1658072572789697,2.3067002012398494,3.425387064507272,2.337070716612199,3.4725192329604493,1.4373851703414975,3.564986189953511,1.4297552274118246,3.578200993434538,1.4408813285675293,4.210408922642659,1.5574260277255834,3.798111495536541,1.396772234826838,4.352772994881727,1.5077954473969268,3.7156716983350817,1.5145602081463596,3.8034092711592113,1.422213292835611,4.006747569622603,1.436863058773477,4.792213121332475,3.544274485647302,4.184951876913597,2.0022234354326405,4.78243557289399,2.803097275812833,4.185778461267985,1.6844928233790284,4.1458250289862955,1.4763820068265348,4.364707299087881,1.8195497077845082,4.259381160714541,2.6547452380790335,3.8396360885541876,1.8675669464948583,4.258811996930401,2.4529826435103415,3.7531566236374023,1.5601460184807165,3.8786817294727896,1.4267349141509373,3.9455050360833384,1.596342759369621,4.191603582862958,1.4495411713394728,3.7175481612152392,1.5709312014597303,4.334947896886694,1.6789215207278538,3.8233429851622396,1.5212142410887124,3.7766891317294027,1.4202094741476834,3.9907470024909806,1.5479926223298697,4.5055562892643,3.0743435431312953,3.9882276309759233,1.4404930181682039,4.618198739110881,2.838540411818684,4.009326498785847,1.7169482948951713,3.973561474713995,1.4166215932062158,4.1750202974062525,1.9351998515204545,4.879872808822093,2.9956819090901643,4.276502247021625,1.6828863075283789,4.936036180739265,3.2742673119626984,4.268989922580645,1.8474071419783473,4.191184868686965,1.4938463255384251,4.402606802667776,2.1253267460334335,4.259399199689449,2.639184900480048,3.8513817397110293,1.904306939214501,4.3151085397171665,2.489212905923671,3.7478937065376248,1.5480476795025981,3.851440459011683,1.4212926723092183,4.005837859854407,1.6167236759231698,4.142467083923111,1.4371561867583564,3.769392565666416,1.4379768109890245,4.226446442454384,1.5018564279887106,3.716394385250565,1.4938603107476078,3.7805514757578966,1.4347183609925487,3.989646510903836,1.5292867008235047,4.493971509718893,3.0104474508232233,4.075994870583571,1.4300791308267238,4.545228017357989,2.8957399072813854,4.044541207291114,1.7015638316547452,3.997666989811688,1.4254877814219906,4.1627132769810995,1.8057510347162082,4.912124979688951,3.0524108645095565,4.341337527198582,1.8296697502119752,4.9055511151227345,3.164154339818226,4.235402939230336,1.8698731634812737,4.1070802448829955,1.4502830856291233,4.355279541779837,2.1956794351280577,4.248744541135538,2.8542479238974,3.9033567910107205,1.514711645718955,4.412523680339377,2.7384161938797704,3.8550652858462535,1.6722195186347375,3.8898291383566495,1.4336641137821071,4.192486171487875,1.7243093078393426,4.253898872823272,1.4990727613160386,3.7855423003001425,1.923944449406315,4.4101989937747925,1.964339770166001,3.7392754807097575,1.6467782644446982,3.8952093359191964,1.420036776507511,4.106495908029297,1.6508975678894438,4.574028150418621,3.2082079557100105,4.117411660838572,1.8905438253618847,4.6574056522989595,3.065026128260664,4.03370015676231,1.7684207139671884,4.040054087518603,1.4351072469549786,4.205115783448779,2.0201012150710085,4.974617209898028,3.2649821694890333,4.238377215659339,1.9220745194483606,4.901212984043843,3.272297573951743,4.31001159481141,1.9619748118701912,4.212821324757768,1.4346698492352106,4.394510584937777,2.193017396627966,2.4139317945174867,1.3944915676958145,1.961566480203822,2.72860487088378,2.6268743814625606,3.4725960031682193,3.1739144994509823,1.4504405517438894,3.1010523485205224,1.4369724678104763,3.085047516201319,1.44731726804237,1.947373357676968,3.7957791339533062,1.9378728434610346,3.198866108862346,1.8806698281416414,3.27011325309355,2.971880728545011,1.4624133557561372,3.028662566454073,1.4678258208168946,2.6997192557925076,1.9734355106539547,3.508843603476635,1.4456098484160664,2.318808962162019,2.468767895789062,3.9079190579281526,1.4551528836027554,3.550852957646553,1.4224209304646611,3.4977311091118044,1.3945405149044066,3.7386750739017183,1.400383250451104,4.314627277390598,4.40774609718104,2.423354044827961,2.569272268453489,4.509570845331662,4.595619314269752,3.990585794992444,1.9533013026137998,3.882736935107896,1.464253531671816,4.1877914884341845,2.07121049117412,3.4527290190575264,3.2995801413548453,2.3467748254368552,3.1227373155742595,3.680862930479495,3.0835537918118536,3.5994396359133467,1.444822521192605,3.5562682835436608,1.4040960390989439,3.6011709822362317,1.4348320994111445,2.9489066005647504,2.818840732502042,1.8917127658250568,2.148572422726108,3.448573428134638,1.7524501905270649,3.5123022388017473,1.4543998601596206,3.3210084243384896,1.4318681947791079,3.569530390964342,1.499502211054282,4.2103652948853965,3.572710390694343,2.492382925116192,3.336519703716402,4.3057930224117875,2.8984760738188338,3.719674128525896,1.5791911092819957,3.6863447362377113,1.3465202758380532,4.077538353201933,1.6853941534912253,4.664863387733508,3.968936656032391,2.583972925539898,2.3170547390519243,4.6347546337062795,3.2430313967896804,4.151987613674454,1.790952175459706,3.9939687683828033,1.453664797775423,4.307913561703697,1.9339898525888777,4.17259465015316,3.5842294667303833,2.9467477217262736,3.878060243517385,4.3225806721516795,3.704741640356628,3.8354926083491105,1.7025693100420727,3.7600882172387005,1.6336578215883644,4.064941799783163,1.575327272924881,3.7640845461081245,3.2948932106859172,2.4803308284679835,2.178979924745532,4.001317210331559,2.029800804715631,3.798801001234954,1.6785824851285476,3.729563026433193,1.438756188459854,4.094309438301743,1.560488977241106,4.555562951453191,4.301697221474226,3.0792634491408717,3.576765743580442,4.606956373974711,2.9310439934018286,4.0678460532490375,1.8553314151776918,3.9723139079881573,1.4337164465452072,4.24942387630282,1.9215986174528439,4.8712466296298045,3.771156174689549,3.013403300501979,3.595060110034732,4.933715167936943,3.603196509796957,4.286870407324608,2.1215731564745943,4.137396677149863,1.8875705025196172,4.460782344589947,2.200312192987901,3.6388164712139477,2.419232937636163,2.1804200247710743,1.7726167064551281,3.9136157665864912,1.589783556552974,3.581568339949344,1.4474067413443552,3.5225914466935455,1.4272731646691732,3.695896412656346,1.4607907364096289,2.974760230959566,1.4271636675879409,1.9342735231586823,2.0867874751980917,3.6155954171728713,1.7116796533578518,3.4362598362725256,1.518532270683403,3.3570725271440525,1.420528846278386,3.6432900283775016,1.4598682990131244,4.161659306506436,2.377989621645351,2.371747611931337,1.8159129270871475,4.427345449752702,2.451642126054975,3.739877962885167,1.6225870548555055,3.7920099907397615,1.4159584850717681,4.052566390039142,1.6908698759550644,4.692249784687979,2.246243947448389,2.608628509285427,2.0366302156409257,4.781949510975415,2.4111266538326594,4.043757337499524,1.7634666715717449,4.02771044740107,1.4113265432172928,4.338058963419274,1.9314194791810428,4.285034461560888,1.557987295088376,4.328852382625848,1.588284566274063,4.326402561321641,1.5021373963604607,4.426987044097551,1.9558171826846666,4.335537915109578,1.8938899971227998,4.471869616113263,1.856975192874488,4.495251739847512,3.21791092887072,4.417907490296635,2.5272503593228635,4.5458937104542585,3.1788736085429394,4.359269470619816,2.232087684314641,4.5040887485142544,2.3229254547931233,4.510171913540462,2.304353554841443,4.552860124068864,2.7315544180597477,4.5201780548157435,1.8198440588271858,4.679832102658189,2.4381643751521747,4.378981464879888,2.0371339850132655,4.471975111635243,2.065917464740326,4.434427895530184,2.0913738045939394,4.973068526329813,4.570400294092201,4.756697641589216,2.8596612046669265,4.999851738352258,4.249159321679426,4.422878688209489,2.369928292712127,4.50457593283297,2.386121678374605,4.620761635406836,2.4374086969658273,1.8322709635171825,1.4428340664739197,1.7467492829754592,1.721798665196897,2.1923331025267205,1.4820385927483775,3.144544708299542,1.4511881481845526,3.390867151616355,1.386367890727183,2.877144522465413,1.6381097087139764,1.482494475969259,3.481360149377169,1.5650351602893045,2.0443889103355772,1.5956129599132043,3.479699276916226,3.1894942522144927,1.4412626481765878,3.280053355552256,1.4292263958322797,2.8208182559479553,2.1038221533301087,3.296027355722911,1.389382856705784,2.7787314404645698,1.406905877050758,3.688148081187064,1.4098876219325938,3.590924647050575,1.432319219073913,3.7657286277816397,1.4294539556946046,3.766699183968282,1.4172090009631668,4.146799015146697,1.4423615342506337,3.6718503764090205,1.466598359818427,4.00543258320761,1.4516442373847984,3.9808945044416775,1.473724170598966,4.181252830286631,1.4746354913707556,4.1404400734335765,1.4679779081627216,1.8417244378626545,1.8914444272158382,1.7885915996040587,1.5769338219413458,2.1974081575271223,1.900487292690715,3.207305225613453,1.4200067829207417,3.329991057248776,1.3771316273745866,2.8642432608683372,1.9064898876119327,1.594318956778878,3.4423854860585537,1.8759267003479263,2.1795633520856676,1.5889300504623767,3.6981374859090144,3.1442734295113923,1.9039949403722372,3.27108344538872,1.4379356439892494,2.804824055068917,2.3873944269053613,3.3759998704114524,1.4035409568434645,2.8648802188976377,1.3957186338287426,3.693820006111881,1.4365671549196355,3.5281848092980397,1.4292007622412677,3.703992154055118,1.390790374842866,3.719866782358125,1.422778389372822,4.30145722973639,1.7291170689940376,3.704868541270621,1.7011930925510137,3.880220523389746,1.8831095016618054,4.037959781168721,1.5229460360895735,4.197566190491164,1.4706079350153953,4.000913604451205,1.4264972160400902,2.1848644795416434,1.9396398412825557,2.090970107673138,1.7468854948957904,2.5867639857707196,1.7022652388498865,3.2882513144552794,1.7984907411881599,3.508857836128696,1.7288541944605964,3.2169397280134,1.6919193668622674,2.055109614445626,3.753813940603871,2.172499841415717,2.4632202672767676,2.133648959968536,3.5809944773373408,3.381354107288816,1.545974646320703,3.45122171465704,1.492081633428313,3.1700986275483256,2.1590687132461315,3.5700595915830586,1.4092621584120602,2.9116417751875745,1.411204809563995,3.9044018270299126,1.4174530167630375,3.7168010535673512,1.5080805924080731,3.7557709761209943,1.4472777994181798,3.8523236212748815,1.4240792405595037,4.454829172940781,1.4990570131356074,3.833931594613178,1.8905238297688225,4.346815741567774,1.766905390713667,4.110719346736149,1.6776818238283078,4.20766580017612,1.5332317889367024,4.196823715065538,1.463711868137123
9_5,3.941121676145639,1.466410536194834,3.621555353266398,1.4282701376504499,4.0875676399460295,1.4275709803764545,3.7877238434949088,1.6355025494408122,3.835469077693453,1.5978923869009072,3.9475692467243806,1.4485360011504216,3.4251595614614567,1.863662853799128,3.2590338036353947,1.9918623575363168,3.64972075162768,1.9482916545218552,3.843005658870004,1.5067249162886633,3.835023637159816,1.5523304338589763,3.806045752325529,1.480095838279814,4.555208981794868,1.5388426853967878,4.0592176149429635,1.7381632428239542,4.615136008859169,1.4974417164186598,4.0067789981122655,1.9982724432928505,4.055386559862665,2.0076657658990165,4.182246069997167,1.5780852727862074,4.97642052754508,3.113773935890207,4.280677250868133,1.8412478195188997,4.935216938711473,2.130940224082429,4.337816860301356,2.1069978024560023,4.285621931879035,1.8461422899110171,4.394674249290679,2.314840158499859,4.64017697354704,2.7402437036318936,4.125681540812295,1.449732876671525,4.662303061522101,2.6230983153799525,4.0973899334322335,2.073495792213774,4.1854518723393115,2.071685865544742,4.261777126433133,2.2593541868146363,4.519056897397146,1.467522964539831,3.917051404905463,1.4739036632087876,4.6348255636856015,1.5612784499828578,4.082906192424036,2.1413480101310047,4.200176465994462,1.9487103011502573,4.188736864468718,2.2911932466766234,4.946466343434499,3.468939850261382,4.2892279360109855,1.4457115933864884,4.879358521749724,3.1779135086424395,4.374546451552664,2.4435317773083156,4.1828132903260995,2.1051257326228012,4.373337768418118,2.554527880108716,5.175219548892085,2.9925816069614983,4.4315146439753414,1.4899197998012892,5.018275503435262,3.4245423763119276,4.458649011488844,2.574209951810117,4.417455508036416,2.211885131072277,4.600106492649365,2.747659141778201,4.656629057737032,3.077208053367099,3.9685633974379133,1.9509476785805422,4.656711209187873,2.8474359571777854,4.091037717897101,2.2220166774235173,4.096771291715538,1.931754276532375,4.307262181408146,2.423961843112442,4.46842498542867,1.4492064442131594,3.9214596760128857,1.4647611406283052,4.549763891858694,1.505427646842788,4.080503036950655,2.093887229772085,4.0900846360063,1.9960161413502373,4.20032137386482,2.4371506080812027,4.904618143594468,3.545067524754006,4.315531880693356,1.4585165579049926,4.89119644878669,3.414889823898142,4.194509036237592,2.4041880204077266,4.186545880269855,2.0532807211474986,4.455820792696882,2.599145748694597,5.151718919033604,3.3772492226756365,4.389042076064591,1.7480281526531372,5.022021983671704,3.534686819281057,4.487028918871124,2.555750475752989,4.421542380175975,2.1446570750502296,4.513341027126866,2.7258189976865914,4.69026186274236,3.018803670281557,4.124947511092237,1.4582855629808338,4.764218872876452,3.1112341789226696,4.170847316867727,2.345073190095604,4.231036112376046,2.055361583434634,4.325514540857281,2.4971907724762605,4.605222249401852,1.4934523993107431,4.001677739149959,1.5719199827914714,4.743449468717386,2.064036575577556,4.1241961069716995,2.302470801061532,4.196050983006835,2.039546430651672,4.298861446354121,2.5286826652454244,4.951158140826419,3.8105976899780787,4.349678001145717,1.4380963188292677,4.944451900928801,3.4688800855892135,4.320503942162359,2.36512314776132,4.2706716881238815,1.9628900120414672,4.40322745686132,2.679392641413882,5.047121062925163,3.5156757881513725,4.4650853564538835,1.5669843829578554,5.003314395336082,3.892240342416466,4.389400342983608,2.5164873186234504,4.380310979021077,2.1126583409275197,4.629010928893534,2.9518094935979518,2.352895520605573,1.4266125244417398,1.9417269915886428,1.8300045025724099,2.4629053346538914,1.4545451442923838,3.3970151437119838,1.4837351454631076,3.4187832733866026,1.4573219745097687,3.2667127963322597,1.4504079559301286,1.4713240652474804,3.067288627119871,1.5557899390758922,2.8117816240225593,1.5528288696452197,3.1104550703148117,3.333292279904711,1.4615764431098353,3.300030650841233,1.4829761445512664,2.877280379952635,2.2070026769314444,3.8534837534211865,1.4556068567353166,2.1673737823324575,1.4629304244493382,4.126649117637048,1.4478222160475596,3.8655599291774374,1.5379839324169415,3.751608191888641,1.4542203212103688,3.948678550444294,1.448154297975469,4.671064393437459,3.6120604514914847,2.401779913177359,2.2563797325607533,4.410168431526068,4.234263649743965,4.342050914301007,2.069937265184157,4.187578632584493,1.4676471887539493,4.387988988797757,2.395045190208671,3.7852339661912313,1.4684091802516566,2.7858881805776767,1.9579712959513116,3.919388013381945,1.4853559251056108,3.8130523430380143,1.9212378625102537,3.777409717805038,1.523970004680017,4.02295733455071,1.9672914176502114,3.007850837943472,1.4501345479498011,1.813351226512678,1.9445247865893567,3.6503328734175895,1.4572348754208304,3.7130942480855746,1.9244108578289718,3.8692012775359403,1.5424183592402314,3.905618805326407,1.9147826480899865,4.579985543660028,2.6688482650386343,2.649344394342843,1.444025054066148,4.684834550724075,2.7804704666506206,4.030949124935292,2.357020990990524,4.04716791134187,1.6744683452121947,4.234023579109071,2.533640494024361,4.83306106259527,2.271606127772974,2.407871687844017,1.902689321727887,4.835516682806465,2.5318773728989235,4.354573387501815,2.5518518668407895,4.203813365516084,1.642032379174203,4.56539717049605,2.6339070967152667,4.264359504268476,2.1638661505859766,2.651438203183598,1.9586573741912776,4.374521258583646,2.1295237370183377,4.138616659509427,2.410273590427704,4.019505280855952,1.659779835260661,4.3295877186122125,2.0563837401247382,3.9054195774109517,1.5472037530222464,2.324422030005308,2.2507016507367297,4.34661265925714,1.6639720095659656,4.1014426948028975,2.327875675500894,4.077474252912795,1.9597652996113137,4.118139274217542,2.278787376818547,4.679684756749108,3.206082999183746,2.930889548619468,1.9773134828959449,4.880680246972634,3.2280800123085025,4.292727648134942,2.5586747335545588,4.219606324159733,1.630097546567525,4.419658682490571,2.758553723197574,5.074554836899638,3.584265691051623,2.592385766133303,1.9422420519698773,5.040574520371535,3.8042902645376593,4.470290160138367,2.573454055892002,4.351924424243806,1.9291030453860156,4.590283482410661,2.9273547617048528,3.9307571226331723,1.4669395143409694,2.185775368383984,1.468380230032253,4.188881098268875,1.5591388700126685,3.9251412341416003,2.2234326005439673,3.7791791921991926,1.5534671317899709,4.002890816658725,1.853097526754703,3.4352499710002187,1.4556142251467927,1.7437923585052577,2.2955755771969817,3.926533198635779,1.454370204433399,3.9863732820770164,1.9909411961278947,3.7458678323465464,1.607135570621489,3.984848678277104,1.6539553016611153,4.557084939059639,2.550415415551849,2.391021675557687,1.468068912636417,4.734056158839217,2.5345005452265825,4.090510103527948,2.269695593285978,4.041236472124624,1.7096484652343305,4.325238340036176,2.422400856179024,4.938514357224141,1.9991579607514247,2.1847634427382654,1.9829745548639208,4.932488905234195,2.0747597221883676,4.350683673748168,2.3566512558412653,4.2578818653838795,1.6687576655418677,4.473385912667891,2.637442934127771,4.4011654485948455,1.6313577729480802,4.35696587087964,1.5114718226455606,4.288870866781709,1.4734723509305057,4.184214096334146,1.9873152157344334,4.253731235605537,2.060445232470976,4.107225221422408,1.8128324030642136,4.498305857955193,3.5064149981456563,4.479272156396914,2.656622527731869,4.5499173468669145,3.4018090087455897,4.274992825966151,2.3206952951044926,4.29205298307695,2.4405062682444356,4.349035308284878,2.4170771344164095,4.7899720391036515,3.176918095858637,4.696337315590846,1.8551964467124495,4.794653306940939,2.6535559882284803,4.298185819002553,2.148649375660407,4.331294313590101,2.2120146948884534,4.381311376937846,2.2527561945115013,5.117063028767918,4.694924847281186,4.823300391689517,2.971662124951102,5.009608456511429,4.4756804571964715,4.409785031298389,2.582857735819446,4.4502772308025635,2.5295099579081772,4.592494716206748,2.929829983497356,1.874591876021555,1.4605550239890903,1.7309204173294739,1.459158797196778,2.3407164127801003,1.46319758960312,3.2547559238172084,1.4542745204752174,3.462954051526043,1.4510094260095245,3.0688113903117165,1.4701991676089308,1.4763524857982038,2.6253662924148715,1.5235083769743099,1.9447842148568517,1.5558457881460401,2.625645783200992,3.286068747672258,1.4677359621797377,3.28460040770531,1.466385443598791,2.8188074560179093,1.9140971619803502,3.723745483954011,1.4512717051143909,2.8399152090399333,1.465002433042273,4.103422602872206,1.438979254635494,3.686779105570039,1.5231889295292564,3.7890504085977073,1.5156514221409294,3.886011644899309,1.4597791364035206,4.360786248769798,1.4572844214408587,3.6633368225917757,1.5391849496485284,4.020817644694947,1.4558825170871823,4.253094201990147,1.839379385984085,4.208112409086621,1.7340699552950993,4.0771549799773945,1.4794120899975376,1.9008696971136878,1.4479614178862006,1.782196523279486,1.4554870516894534,2.386427517114188,1.5267460910777515,3.3243994560787615,1.4627404002017905,3.4850633104803337,1.4414404965080658,3.1485775610075213,1.7322742272817946,1.4728080496666995,2.844205601446872,1.491063718718857,1.9916989676937225,1.5074211566399565,2.787690031834761,3.2884850677146513,1.4838210041384663,3.4013942020612737,1.459715512188441,2.9207838739611867,1.9988656243377723,3.6990524449754942,1.4375051855871286,2.9038234958341764,1.4602045995505675,4.002935726767696,1.4389432998898488,3.7333934025363615,1.5241912152956032,3.914941925632454,1.508599473367301,3.863764257364648,1.445543710427265,4.3862489338264306,1.4265024585377368,3.7790103999111535,1.4927870442063682,4.071147564782151,1.7761798281572092,4.24883377648555,1.8407597227850065,4.3294941050767575,1.735566359284808,4.204774354962859,1.4805617168935998,2.214278498064292,1.4689131509065583,2.039070246940836,1.4460958947436582,2.678397263828006,1.4485815944182074,3.3639434638955747,1.4702982842549235,3.4859486939705575,1.4647327303276467,3.336709999302914,1.528806600190232,1.707493795828211,2.6544193497446607,1.827745527273344,2.0476016417568568,2.048128121919935,2.670597034171702,3.3263799723153107,1.496764288530841,3.4151271286319957,1.4837772110629077,3.073421663736398,1.8363480366378797,3.8696076948186398,1.4319884154289606,3.027993850647391,1.433964348633755,4.202317326316331,1.45922240889283,3.7400484680004835,1.5193413757099241,3.8670622340209446,1.487306239406676,3.838486069919643,1.4675102279981815,4.541719063539225,1.4539819687459252,3.7712479748079955,1.651896844947528,4.361008371368712,1.468700415038028,4.2454752636162905,1.8102323523668349,4.202396213874831,1.7302189437746662,4.170156308567571,1.5983197915584029
10_5,5.923011140479835,5.482251455561127,5.9784969682339355,4.515975479186784,5.868327903714239,4.7284344007421,5.670076364042619,5.229625460887272,5.688971312858257,5.15260662306757,5.5233601080606505,4.730501088481643,5.9350289428326555,5.0419425549702455,5.927402996266054,4.777146854294936,5.78312809478822,4.735801425246267,5.618132866150971,5.22001018272191,5.60960969393556,5.098372084216076,5.659168107327343,4.688079767256189,6.079317004604991,5.71387876018017,6.027337180791012,4.696111064871402,5.895541231444124,5.060304488653969,5.666455349987998,5.227784917901823,5.67293528776994,5.094757023003945,5.71539928832871,4.875780268659392,6.221845809581382,5.788681869128177,6.188307749286318,4.895794165387114,6.079711354319034,5.212887311284878,5.749775784382696,5.342055751496483,5.775514393794646,5.334970124014878,5.892222225710691,5.288935296660686,6.055831051684925,5.688624677686281,6.141377651097661,4.863355170614774,5.958886013525879,5.275945490525026,5.693133312040234,5.3571703436256985,5.792748124692519,5.362020077212383,5.746345461989045,5.20734648547041,6.070533294833661,5.620970214185975,6.045394522976504,4.818547337689495,5.929440691487582,4.998460715980469,5.749174205934124,5.251811877418028,5.662293315377244,5.27529817239662,5.697828842956892,4.986884801627022,6.101241177772739,5.789697631277636,6.157541589132377,5.142856039836604,6.005523441357862,5.351673706809795,5.783227662785378,5.420165163024838,5.795355978759042,5.233304145494932,5.787174852154494,5.25641734236109,6.2646416116824195,6.0258375430533535,6.1389068587044555,4.961286846263043,6.068762951867232,5.581975421321211,5.813924035400772,5.3766577023929445,5.8081280773064785,5.40847056824762,5.785353046785471,5.453491975102125,6.063459737311438,5.666581607569771,6.020817244375527,4.6755949421801875,5.904608690294018,5.2929849888162686,5.610562704391918,5.300738529268857,5.741360665253781,5.255535590876377,5.722428546384424,5.094022290423674,6.0572640497970065,5.642576312828501,6.018838823982882,4.867534394245766,5.868365232815906,4.938805834938722,5.69431391151463,5.382202506670763,5.691619496458256,5.288423434520726,5.639797340102718,5.120264501058541,6.150952000374003,5.660988297565099,6.035779695170737,4.987872964933573,5.980304898594753,5.399744392476898,5.706146771634961,5.359465369465733,5.664663167282402,5.3222426968193846,5.767639889039044,5.267312424058025,6.23539246854075,5.939667444818494,6.125573334310257,4.959289808995357,6.077262703619174,5.590998805151363,5.799988140332107,5.418211352294371,5.798626237993067,5.2951224655745595,5.80105454282286,5.328208332172971,6.062785350033519,5.833096001837627,6.0626468163561515,4.756932003883516,5.988361339214837,5.472699837901833,5.703816713851138,5.341990092883342,5.697163549146352,4.975496956018232,5.766014025737437,5.289366982710776,6.193293040265353,5.950525328456836,6.080481413250156,4.894887149665442,5.991793279775171,5.156953311632329,5.630247795073798,5.351130109857636,5.699504384226604,5.32067419255707,5.742103787969555,5.058283139393199,6.1355792688533946,5.9523697450636295,6.1557482547625675,4.89243492998146,6.037155129033056,5.503797904633056,5.7049019508836105,5.37975236860169,5.6913958042144985,5.298726501629503,5.871385385959319,5.365857424742861,6.2838275819914085,6.1015795185802375,6.1443410521133845,5.213319895312773,6.107572722468211,5.779019362058055,5.759210334207961,5.332149653653209,5.82413455485928,5.462170420733515,5.804463265812103,5.440362433667511,5.384883655505896,4.860217571690479,5.137635018278569,4.771276306414327,5.204659635774483,4.640030564130536,5.4718674271210945,5.129677987560787,5.581913031043441,4.68604520789874,5.314808096299228,4.491748059563392,5.102506438027475,4.978397993517717,4.850515776636187,5.158837608430795,4.812699464863435,5.06545512284061,5.510976244093525,5.232782871301153,5.507316030560265,5.098864205045582,5.1014195274731495,4.616298452694367,5.706035750846788,5.312987689952509,5.405158387246294,4.458546292185074,5.5047187013956504,4.745612357112352,5.497734042955994,5.196159254190718,5.6697570823371315,4.853508363033193,5.580193145181458,4.619400763956624,6.000862660586908,5.473565724133602,5.590888542877932,4.840101579039188,5.811656883611819,5.6864779211823935,5.735675897428158,5.34178245165486,5.665838741140191,5.183706260361011,5.753008827422008,5.196473120910955,5.619314082521576,5.2305920608759955,5.251720774282664,4.6541696752115636,5.496995016896462,5.1050467038243434,5.643466348049692,5.248995433387385,5.563842398966768,4.904826962091516,5.576753001221637,4.881747315912754,5.659563342221164,5.050170518326459,5.2918184690444985,4.831819160204223,5.4507484109860425,4.776210161449522,5.699413450442611,5.293063178201927,5.64628385107968,4.975898393512746,5.580928252930801,4.931914571735516,5.864359829595517,5.465030066335396,5.562788252482089,4.83650193256643,5.803045343935773,5.0688922266339,5.602085449366777,5.261824099453069,5.6153488619810465,4.937526023359242,5.604532980814603,5.208855019488645,6.087451351290164,5.544069093432282,5.794187222746961,4.780968180427366,5.907934868760162,5.410567160405182,5.729190033851915,5.452227332561578,5.571284190682895,4.9269068994362435,5.774040133649013,5.35301327500738,5.633829073225387,5.339108628853931,5.41711418486038,5.0083490258974965,5.55251879943368,5.076155154131346,5.6162467952433515,5.364833962996336,5.642702972904739,5.278806636576872,5.632165492034439,4.976266575332384,5.65853521349659,5.129533978310485,5.3850009575308055,4.684472627572016,5.418416387861132,4.936564592763787,5.6706426160673935,5.272880769845971,5.67315178636691,5.149173560145471,5.590502664693101,5.072823561294521,5.857978840967969,5.440831673462732,5.6375545459048535,4.767046517906713,5.698648062422712,5.1339421328395405,5.6558276452305645,5.402309242830351,5.71035296214141,4.5892528798735635,5.742780239635072,5.15709672471248,6.001975138022925,5.62513490559603,5.702598652199697,4.959075578253466,5.940336140014944,5.41149791994946,5.741654585045772,5.357478935190742,5.754865900532865,5.1307536987383235,5.776266365877425,5.445315725237083,5.835523697573118,5.28239366038314,5.4476404573090775,4.591969069413037,5.6843814779586035,4.933530461263611,5.6270792620014,5.196920606522667,5.631918400319487,4.884681229554279,5.641711598590638,4.958460904635943,5.782184999725549,5.028083846997283,5.347132351455482,4.797256304140616,5.5678917111651804,4.564481701330467,5.574760720733057,5.318517658168467,5.6084352300793086,4.732723170529891,5.551940609596753,4.805771317778408,5.950522297933481,5.590218584073552,5.4542413466822515,4.584521582081734,5.790168309266943,5.238921700154901,5.65670368337831,5.394483514818166,5.656932722931506,4.5850221382364245,5.646397053985047,5.255593766572886,6.090728088964136,5.618172414012692,5.653314075703545,4.876807589204124,5.919651185765551,5.357754236644357,5.7133652821296135,5.298499121684015,5.765133748397055,5.321693603131345,5.756199863885943,5.2884389782808,5.740721133228557,5.266919206510203,5.7009420123095005,4.163017381657391,5.648811685228414,4.8460656071099315,5.730998744758615,5.071542341296826,5.719932398828283,5.048475106164602,5.644735272123282,4.776425714055204,5.782737223375097,5.450739366501416,5.756115257360363,4.895997330850481,5.733846416207244,5.375246308018628,5.693013697251784,5.1444286066101235,5.732439623150554,5.109113036299689,5.724422362107857,5.2047286866856854,5.848917047653535,5.562352097698238,5.875991435589283,4.4867887729870555,5.855974935799496,5.378215818121749,5.719845950487044,5.244536650867636,5.733209662434726,5.0429983274820644,5.714003984655714,5.210861808235866,6.079751894715315,5.913843370835506,6.005966978817446,5.058246264075892,6.076705485927786,5.80164386097134,5.785127468525516,5.4757079143243095,5.7860847079646085,5.231906049535044,5.880349302499685,5.558372442584369,5.393040580803706,4.416223932984723,5.046888638163702,4.253432628144075,5.248178391202218,4.00421565512139,5.457531400125699,4.882722358254898,5.472245195986099,4.286004084232571,5.308407533902767,4.402720637983654,5.166712658582484,4.915800245017911,4.9605942658902125,4.602016221892366,4.894462009626128,4.973357912425108,5.392671133625601,5.012840521677323,5.480398841433207,4.571645540540927,5.28670997401064,4.6748832832341725,5.736441248480841,5.134393305180725,5.466403797729036,4.316357575001464,5.641964379294885,4.594671697761085,5.561885650260112,5.10650770635673,5.597234463459433,4.684095897725442,5.602429837321033,4.562372522758208,6.004721019391127,4.678067124039344,5.742134189695973,4.514555752729508,5.805087148369083,4.331200164707513,5.69505631457645,5.2425578417778995,5.6765075705987575,4.709608185607552,5.728527391014203,4.707058907538865,5.274773444630646,4.45040692627186,5.099634629150237,4.316039500944921,5.130123210338168,4.064681650255677,5.408360310187348,4.9900307058062054,5.532514586662677,4.47175609267923,5.226809706501703,4.336505562803745,5.0059587913944785,4.993155133447196,4.7661996131160524,4.49476360465385,4.748766094792008,5.085805448646267,5.416559119954273,4.917201419795236,5.5021258290730195,4.465337842009958,5.19287299354828,4.450942345846803,5.720438017887232,5.139926351075028,5.419529492768472,4.29484004863914,5.6778327317919475,4.512201392105001,5.5823480092349795,5.194084102979648,5.621119963465559,4.326696358294472,5.6003810958474896,4.588978840135096,5.968743034924424,4.628776300021591,5.7741859029228495,4.448163669684754,5.737658186285577,4.353309818040246,5.681815666450548,5.282964104232366,5.705539069431776,4.747695807857604,5.738217787529876,4.7496581995140295,5.432304646286981,4.558605360628519,5.222280378431757,4.397055840080231,5.3569360381022415,4.205875757029504,5.486596864016916,5.004219572184235,5.581654964462704,4.471516249663048,5.458950135914577,4.477275361364643,5.325555288468782,4.665087673033146,5.210582466317207,4.5891832865254845,5.152164935074894,4.933428715844812,5.536159159715452,5.024766531408627,5.480614891147976,4.641862816653531,5.400539633806658,4.685684184975124,5.853583814408809,5.3253736887215615,5.534347890237497,4.268670267921334,5.745703606182655,4.7799093604841545,5.594189150776253,5.11105427064393,5.540050901338355,4.456920315990555,5.6295021141733494,4.698392101480509,6.032995568997174,5.051957880901273,5.890679532073234,4.450263069255458,5.881452324761666,4.532453771763624,5.6917624964489795,5.316254861764812,5.658690794216878,4.943975471870444,5.75147100832003,4.908170807017446
11_5,2.4854059695212376,2.522571210680596,2.487301317998036,2.4909883656174148,2.512242517214178,2.459893156052858,2.389791643637093,2.461588180527969,2.3703194068899553,2.468725381130424,2.425910366170668,2.3213562606646763,2.5319595798235377,2.4273082363585465,2.508357314677866,2.456583382377181,2.4891249170454786,2.1882089104880436,2.4172408484771806,2.412513229503815,2.376669227290504,2.4357170669011907,2.3829173147096236,2.263979365704223,2.520993370229183,2.572518486708145,2.5831649753833177,2.590496995434006,2.5137548754274968,2.511993854813878,2.418529191942931,2.455473177755843,2.4106677058617043,2.4598337363756846,2.430408400463672,2.4083681596565087,2.5758712236288237,2.6431638358011083,2.6238392591991144,2.480770572505653,2.564793597404122,2.5208800982277695,2.437820576991575,2.4722666909490334,2.4215832346619095,2.4983702360412634,2.4780474670254002,2.489761310565212,2.5583653616019344,2.5228433941365696,2.5522143901284684,2.548598594398147,2.5258261349841646,2.563143853406714,2.4014626482236445,2.429721158757789,2.4201707328284754,2.4812181306995287,2.451902498440474,2.4696399940655236,2.578583644781662,2.56087565693396,2.5729550356459336,2.494751947758941,2.5301510301824433,2.4459908788259908,2.4267201785611023,2.398275909685205,2.4270783320341716,2.4266614836814906,2.430096718976584,2.3890834213715957,2.581320284175076,2.5669974238203035,2.5660846500242402,2.6185485235519397,2.5835146948087973,2.5175672075305893,2.402336596349013,2.4646190765417613,2.436870563330109,2.452046610721476,2.4475359862952892,2.477136316921277,2.5997716406698865,2.613548265632117,2.5926843428947586,2.6227963921308715,2.603754072080672,2.5955843260672475,2.4508618521319336,2.474964935428434,2.4400263423473842,2.4331602318603442,2.438247079232309,2.5139531583328845,2.516139986000977,2.59647870938248,2.551882056927293,2.57034919107221,2.503781359290628,2.544187187092512,2.445123306060625,2.461875061090754,2.4487486588838383,2.4340708130901456,2.4209239738899395,2.448783362100465,2.5144601893965555,2.5251289111525006,2.592338934542545,2.551436905972414,2.501840628709786,2.4514673702845386,2.3713368035204367,2.4346295073486437,2.435769217984406,2.4752113292444595,2.429900553904215,2.3957488401246065,2.565159018267184,2.5797840490670803,2.562393438712809,2.6097342953348277,2.532403317417367,2.5342643402105995,2.4041080825213377,2.4808937036006746,2.4551437662685918,2.4759127860002295,2.4337726406029114,2.4835222867307687,2.607392861763615,2.595007981599637,2.544765605928767,2.546225595391117,2.582034685295505,2.625427634026493,2.4516694244320516,2.509646907931753,2.4680274216329257,2.5075113822348665,2.4469925854873344,2.4564314263364753,2.5591167042559553,2.5945148968201805,2.585389580255953,2.5970077449198294,2.544202031116965,2.5456570868409027,2.4217423262722955,2.5128310697128953,2.4065140133802223,2.47162223535218,2.422065923337123,2.494252499091136,2.51093526582788,2.548993156423826,2.5828042917174354,2.556360879749801,2.5677006108065727,2.442970755796378,2.4124203083686884,2.457925023594584,2.3992963123824262,2.4416041840284657,2.420978893095442,2.4383753033832503,2.614788618827706,2.566169591634405,2.589926913022438,2.5923323923354356,2.5549577383091524,2.557618424485234,2.4442796807429445,2.454206690261422,2.3849637885337733,2.472277991196428,2.463139935540071,2.499539384695914,2.621861210306734,2.6495462433143113,2.597631332626695,2.5991249737642894,2.5708719683376597,2.612554729744939,2.465275171820967,2.4919625985002476,2.445834782243594,2.4621592912704955,2.433447946661056,2.5457485010809386,2.440555658335977,2.473539040314337,2.509693788525629,2.5138924765389,2.4273270987027034,2.304443318612928,2.3515981449686105,2.436966713953078,2.3177672584992464,2.3215069937707495,2.3682210585288286,2.28086270131344,2.4163310964031486,2.343217013864341,2.3786728373182324,2.4073553054301797,2.2194421663578283,2.3114724235240196,2.400408697388833,2.3973685397119606,2.3656916439521924,2.3131106840798608,2.2383899099553726,2.155634417848692,2.5239194745223457,2.5534910966103674,2.457470338900482,2.505352132739665,2.4813843903128023,2.4607198972590747,2.3865550560775586,2.472383319972608,2.365532432049065,2.3753475822008174,2.442093819659841,2.2926711170691827,2.57579146294594,2.5436705666155164,2.493503594770229,2.5091285881926546,2.5826299130714574,2.5316270614708425,2.380153685841084,2.5013081177236924,2.4324559045488012,2.477539025839413,2.4449048621081766,2.5024540630866903,2.51930734380662,2.6347302997516286,2.538729762305041,2.5179692683738795,2.491176227237662,2.510478771090719,2.403583240710746,2.466662920080233,2.3714226755197667,2.4551618183227526,2.399556561180041,2.468739255270487,2.5025364901961074,2.5684301376728094,2.45352420899064,2.427945991248227,2.4409650860115364,2.4411071082946405,2.408157735801444,2.4647863435045156,2.3962336386449126,2.423303860091465,2.359999162383893,2.3628719880138047,2.519110004855924,2.6175486662648946,2.537775598859042,2.610338272764352,2.5917729525620192,2.609848430202636,2.363731663240472,2.4731839294008244,2.441409855813517,2.447900199924826,2.442073299318078,2.426633807178333,2.5571500885364484,2.607806817092894,2.5990858581835883,2.5517838593521662,2.592234339633123,2.550056453474905,2.422738892809108,2.476365480295541,2.442273924811451,2.4987267349407722,2.4409821177816666,2.4608615439791346,2.6122307570563588,2.6179445201622378,2.5646260884815333,2.6130298613295095,2.4958928979369874,2.5596501274327967,2.400952954114479,2.481601571111589,2.3993957902658667,2.472954341946597,2.4526634673366896,2.4283531992369323,2.551850575220569,2.526403015638402,2.4995619921813526,2.5358329916002686,2.447271661938585,2.4509371358068357,2.398959894453909,2.4447501741945707,2.432553740612297,2.4748462857367177,2.413595854845902,2.397602702018796,2.590437076834464,2.604818715885987,2.549648286227554,2.554568565166711,2.5702091206365867,2.6242842144340046,2.3883856056446753,2.4859733317300203,2.4315050786303583,2.487192034106701,2.465384457626477,2.455471252375945,2.5908007632224854,2.609031417687187,2.5405263891576007,2.5572590894077334,2.57113081106309,2.6367878457589593,2.4535981061209093,2.493100610315352,2.43649068689933,2.481937794294598,2.451687131261729,2.5221149789717736,2.4582988008012214,2.533516921120577,2.5496374250969476,2.5332316617019397,2.544714105439405,2.5275598589489983,2.3673443397870653,2.4468243877335345,2.4210790038919514,2.445305983127974,2.405894328471218,2.372089725340173,2.4893887267671406,2.3897590658768832,2.456665648235885,2.423184782842934,2.4448653126515265,2.2931982115742846,2.3776483278331764,2.4389595543490685,2.3968246310546184,2.345447135474953,2.4072990968962293,2.295155246004597,2.5790196367348304,2.5266841003726874,2.534522219993198,2.518824406366798,2.56417544995513,2.57676544715066,2.4106467783511683,2.446050683424661,2.3940097167091063,2.481777228667014,2.4639330281511054,2.4061586436642095,2.569118913761262,2.5937033439479187,2.5506049068915444,2.5242946449029433,2.5588699143698475,2.5056425695367572,2.4521584737957336,2.4688089649107465,2.422749702196209,2.4287042657252282,2.4669021867435816,2.3964252703156452,2.5071921726830926,2.506821781421226,2.4629181965479674,2.3295113848997073,2.4764318687731537,2.3309389489694934,2.4042900485475625,2.405122055042465,2.361017926627767,2.4457257975234863,2.3842906392465255,2.2202682550320163,2.51770395553105,2.4630814471080975,2.4845958567167803,2.4470409205561543,2.4929911087603127,2.4642941650627925,2.3897171132109962,2.4551078054870734,2.3968207179403147,2.4621497557440355,2.4026132544685983,2.439829333461025,2.543093172707209,2.5358619103569717,2.4935842419161554,2.44390507803472,2.4950260698628455,2.4876765715623237,2.374840857827616,2.4529532249827293,2.375236739283891,2.5315122476222034,2.4293569889107243,2.4433400085034838,2.602510319345793,2.610687393617436,2.5773717251334416,2.5094906647085025,2.575530132405415,2.622312049043668,2.4451623439309245,2.5058317111360564,2.4392018805403404,2.4882908472472107,2.442434609268182,2.517522245064999,2.343835838853364,2.392738854596204,2.303807617287675,2.079899787747759,2.3823925236445413,2.2373785393223233,2.341191165504197,2.398065239876145,2.307457585385711,2.0269246836839714,2.2969246884759866,2.098231835811492,2.296398834522514,2.241777384937627,2.277660114534617,2.235225707164622,2.232378950787078,2.1441374330708602,2.3580270431212913,2.3120396663726903,2.3186731558077636,2.0850741180771646,2.263929004374711,2.133957300996495,2.446831669358503,2.447404224129815,2.448252967436736,2.258860185949368,2.477379190299208,2.347431188645227,2.3614298155739486,2.4151176170502344,2.340352831565256,2.1126983667204993,2.4108290349310106,2.2454821400315774,2.5591975125322315,2.477589685837323,2.5166384408740927,2.1746875852419,2.4934975704759808,2.19572023166617,2.396090091535613,2.4739258270974744,2.414056640074628,2.30266345045203,2.3937506788173435,2.2077143258201617,2.3672696564324758,2.357915173411497,2.3083337138919267,2.1491720819183335,2.3224956288053225,2.262021895203624,2.3410029130537304,2.3929472607105846,2.3579974623776105,2.1701697675996727,2.25531820577874,2.1355018052340933,2.2662045907646835,2.268668674725413,2.2407713286378086,2.1277531596836123,2.142852785004005,2.194853623534073,2.326841004873003,2.377354715161074,2.3630958334011973,2.117892580657819,2.1903852889120174,2.149721741634683,2.4512096466852236,2.472192800892643,2.385784595031248,2.2706224381801103,2.4988549127774045,2.413586403315509,2.3375486688872424,2.4847942822504088,2.377331253471157,2.3024139596176383,2.3816184738254313,2.309579463438119,2.5438413522145176,2.5149494752054786,2.4906154194792647,2.1903455733754664,2.508175139967249,2.2731635463823086,2.394237946355422,2.4594037940663416,2.4164014735232886,2.3807394632773557,2.376504860695334,2.1852112409643176,2.3536696255916967,2.39654519975894,2.373958656236801,2.13411647144957,2.352248824563169,2.213364558990147,2.380315708378376,2.4115987855438235,2.373297827900204,2.0849569839907356,2.3609494795119494,2.1815310230805984,2.336228708309972,2.2477163889050313,2.3348394575496565,2.2118930365516203,2.257153927306245,2.1680601691665364,2.357177495623503,2.3951359904852763,2.3495850310371704,2.156775678449925,2.3350753826018225,2.1548432405112665,2.509155309220923,2.473193997465165,2.4615513508228526,2.1933485459348905,2.481775836172682,2.4137694274059722,2.39653249177489,2.4178449377102815,2.340742315087202,2.345046230842271,2.4244512100376707,2.2430636434900695,2.6077419300877165,2.579222271794528,2.564914685544872,2.459772223121707,2.509909634208427,2.2678919847926164,2.442516827645511,2.4595427318076255,2.4376233210222598,2.4139715433980147,2.4189612033248675,2.2169351389809355
12_5,7.228462497254376,1.0541864722613803,7.062218735235765,1.178518669527104,7.332315765298667,0.8674064904925685,7.485559190262115,3.0420262575504258,7.460261623809008,2.751753575901613,7.443190402085128,1.3075799301340596,6.967720286139775,5.977103664616053,6.841471344057026,5.339339583730319,7.151424647291252,6.289918697078076,7.4319782977573094,2.815314114314683,7.521554617075629,2.4959663711498314,7.429011099837648,1.035045413232455,7.689535752821087,3.574778732720436,7.4176191243798835,1.1288462692181362,7.754675213671233,3.6621889927287103,7.596118727750571,3.905399048515066,7.6103204552186225,3.5338848200432436,7.686265621740738,3.5815049407773687,8.101781945245635,7.146898831907542,7.767091308023998,3.1975098788790697,8.111978041260377,6.550352612649654,7.780479982301116,4.912030447739263,7.806079322551923,3.9156211761976922,7.855647611736035,4.618916352129206,7.619117430156179,6.204429221321851,7.485835029786859,3.0318742425184375,7.738714559816296,5.752796625428456,7.615220574463646,4.838960293685137,7.641688205513584,4.071780386005846,7.657875504430794,4.6396793344686,7.658357488854935,1.4762393937909306,7.388325303325331,1.273709228973756,7.751751899346463,2.972372922643683,7.605208019376305,4.483401583810613,7.584098031708634,4.20960061855344,7.648903209581558,4.248595757789911,7.884060272701253,6.596944562638964,7.660287872250469,1.6220472655497746,7.945886324737919,6.531171240247284,7.662877128551784,5.123542893818908,7.600811312771989,4.365524658469343,7.794886379034108,5.468000522932946,8.179264004003283,6.354636077458368,7.798507798658777,2.4824429110205415,8.172654275827213,6.6616978511381175,7.797587140402141,5.451599673355301,7.756486742178371,4.360946167487972,7.895457970867803,5.707547909759014,7.669423281210506,5.696160371097232,7.415335022336763,2.5782406853763113,7.733130057105547,5.781649219789944,7.599330228897629,5.030386716602486,7.605273027402161,3.420022195106175,7.655334182588979,4.786437240132587,7.591024637294032,1.4707180734330576,7.3153451141700225,0.799531950227407,7.718978060057623,3.2137752808782936,7.593185496632036,4.683942974703565,7.580816029793206,3.7126022598647155,7.627713033036641,4.563955690218533,7.876062993211927,6.507991681633611,7.624584084087612,0.9207329575251232,7.920396887890718,6.349741684632094,7.62914606831958,5.1758581169342035,7.684780076971438,4.538860032101211,7.737081613838336,5.251691857120369,8.120259696226764,6.525718426511646,7.801864882879846,2.12019410417764,8.164401461223669,6.704462204591999,7.8295978275101215,5.5768735281874084,7.796441823243615,4.5818142818422185,7.822285106060658,5.636480492689992,7.7379418670304325,5.9953078926711205,7.49762532649545,0.8434494662165447,7.813354431124371,5.929020427687146,7.644228089338632,4.962960487581772,7.601295016319667,3.7622197916485445,7.701275322914902,5.12378599739389,7.701137553548319,2.73054448149579,7.4510554474772155,3.940883324166639,7.8416442022979105,4.127367041080299,7.666044514057567,4.944722996423595,7.665065703036417,3.938705118492956,7.732920969375545,4.673551487033961,7.904057443030904,6.557732004410125,7.657624417411542,0.3674874303652591,7.967808748627135,6.538898836471947,7.718595495878167,5.3099912620013665,7.746066080190719,4.474392464311891,7.827507788763399,5.311988721980781,8.150818750618157,6.613758548866773,7.906249844149873,2.3977427602165866,8.197083914066953,6.856598396459423,7.823524948119376,5.617803432618758,7.811553127375351,4.627098648657578,7.88465625474093,5.951062184328286,5.674687005979604,6.33869320138727,4.746020552037716,4.3540222700343145,6.134603015902289,6.189084300018297,7.070898169744331,1.298443436642887,7.069703282048907,0.5993121921645856,6.878374228838511,1.1943855559502798,3.10373640536339,7.305554967909873,3.4645697087226743,6.838501856354972,4.004122823261915,7.132501839097218,7.007358068537698,0.9398958701498291,7.033681611584395,1.8382483320425274,6.673688406256883,4.87568367037955,7.10446319899184,3.2888403678118414,5.6383097329461735,6.0860484761475355,7.324236830464019,2.2434895411897844,7.386360590975089,3.2275684034443475,7.350273382460138,2.573260200565215,7.453471469176282,2.1797711310987524,7.659058459318838,7.689353301004319,5.988860530261911,4.100931787268666,7.817896301940365,7.763247497775914,7.657899264283268,5.073044831664791,7.658750568314988,2.5366258089858817,7.753620156510202,5.948183007564989,7.076587348753536,6.663775305156262,5.543689717741559,6.14463914078888,7.269423377447104,6.559035346348767,7.352653761699733,4.025307857362426,7.357115726170868,2.010460312351335,7.357381704290766,3.712714740829636,6.422187565521106,2.9233897423238533,4.5715560724136415,5.871531190885988,7.03466000119305,1.4137175230742458,7.36861264360096,4.196071387658839,7.357772206794457,2.0318669263615714,7.367424377123879,3.0582283795598126,7.608509452819139,6.360049027389733,6.070924532289941,6.102610220695577,7.80123847154046,6.2153553644844886,7.590117882694079,4.9079259580739905,7.528251684721475,2.5056385269086063,7.652451402754272,4.862648203827434,7.982768359529049,6.782356959613365,6.257690538400428,6.415351897594856,8.00161032953169,6.553038787189132,7.652616716561775,5.3802317593686535,7.73507781715318,2.99560892000966,7.8551278435678995,5.362980982838509,7.483066311785074,7.118005277304227,6.65053215487714,6.964771335788103,7.6143569779818385,6.873679455742992,7.606137119622019,4.357354815761968,7.4950631128408896,2.6145225659748195,7.651735069216608,4.35664045918011,7.0706810845772265,3.7575449004139294,6.0027587619297895,6.282186979402071,7.472971715385186,5.982759358060136,7.546993947063724,4.674260978068009,7.526581085017609,2.8025917172827004,7.588668323202836,4.38998111698759,7.8182662050702385,6.633468984629108,6.789928554231526,6.4369746041557185,7.917695919617679,6.5005272560823055,7.667644446626267,5.14479380240899,7.665657925864382,2.7421338534337467,7.716583289542471,5.281561506911947,8.112940020380293,7.015871082323836,6.719966734673466,6.622649937134705,8.154445803408088,7.137919942012844,7.821216466827568,5.600718785991182,7.723536204088711,3.5906944776559047,7.8871145063178725,6.00872917212115,7.108271395649192,3.114628674823844,5.5361179101024565,2.843134749174184,7.492894413571917,3.823245087423239,7.417946306347646,3.955336445066347,7.394056582819576,1.2015034850516761,7.435920327218237,3.5364561329330972,6.785558184178367,0.40330462578899307,4.580860990675729,2.999503263170031,7.157668186460571,0.48232425185910927,7.425941536751914,4.060917720272297,7.314213155415373,1.2858906970978143,7.495642199701282,3.23177021599881,7.62501372028831,5.657741607062128,5.83010658119904,2.144242038781079,7.775118970359875,5.7709638606057805,7.526444715323119,4.760466165177816,7.591922037758518,2.0939538302073926,7.635058929485691,4.7549164087142035,8.054291891674113,4.7995561979652654,6.2174274194188435,3.5675802093239315,8.072803939685542,5.079266260023957,7.71516405441451,5.299490042292753,7.676137489498065,2.333941042009395,7.828916039401075,5.229173632740261,7.718206950550311,4.183170923798163,7.723608127819719,3.371684273057289,7.787720941568308,3.609464044868175,7.822621755009165,5.124379036279785,7.876123589116934,5.267162595187783,7.859975009010637,4.7102687415921265,7.843420864096976,6.755152670651116,7.90855134587789,6.020897931762251,7.907404400260671,6.801610122657927,7.886449797784658,5.624711728578212,7.900181111413523,5.888349316012126,7.900808616086084,5.9940217996930745,7.964301114035848,6.352733121676026,7.917940488595048,4.889695824779041,8.02322152432409,5.940359362837291,7.836443747291507,5.511710882408122,7.902238082083809,5.555327429108694,7.851682661915279,5.4533563630488855,8.253671594188756,7.875499096515181,8.134183640175571,6.487339226824923,8.244369421543407,7.686656114027713,7.973422348262442,6.072491966795496,7.968306420543034,6.0586745905944595,7.966447339232355,6.511507463778252,5.164732469038717,0.5171444090560587,5.066915624543405,0.9834583227517869,5.752416834848613,0.7433031886567361,7.196065177214847,1.5884765657626543,7.280099499635155,1.1096848049305765,6.860301309000112,2.0705132783561164,3.8396017843468755,7.2801619677997005,4.291975917214,3.2144743370376117,4.523159136509911,7.367302597938882,7.186472083610226,1.8050496862175698,7.258252154319436,1.2572270617314778,6.811565760161705,5.610025911067823,7.001996126227478,0.7578445285800987,6.5185001444536095,0.5151868609762832,7.257715836140833,0.7191400661739952,7.4063190960032745,3.6225340347026314,7.53553875062598,3.167805309828488,7.476487149400021,2.2132106460830783,7.769037728796489,1.0291343210500081,7.450295132915959,1.155106069500197,7.742684431927148,0.9721722601699212,7.703717843770792,4.306679809175513,7.734896178753547,3.9961891580813713,7.745034621301638,3.26889772112491,4.979130041340031,2.975037914835165,5.15220101695919,1.11305758578464,5.636763820965621,2.8311088354747658,7.183312720781631,1.5114937565921756,7.2617456031524075,0.6215040179948079,6.838478183581558,2.3022160163786647,3.546489903715255,7.414257870581171,4.148451846853286,2.960570576672212,3.9835597545286174,7.385830011304105,7.180450030279529,2.463650060401896,7.251216419161751,1.460640960419034,6.778188538276639,5.780170446755389,6.958846109031122,1.1019604378150458,6.568691094312479,0.8635960343941157,7.296946824058539,1.0534220486457737,7.459568387076953,3.4351378003317623,7.5590603260748574,2.7512189369864926,7.468507283223882,2.581672121404556,7.729381146862448,0.8062834429545038,7.438413858723697,1.129433618820506,7.709007969242334,1.4962308356010985,7.7242039051298,4.38838845458373,7.699660632530385,4.159222919204377,7.6930145477479615,3.2017236688431843,5.636146495720705,1.1139720781695313,5.5521816075708506,-0.027505190104453365,6.300644194308462,0.40757470106757687,7.371613743540229,2.148345701753475,7.419789065999801,1.7827756506087722,7.180107888255532,3.097781512753946,5.530432258854408,7.401870388707929,5.9414992738549985,5.276067361242929,5.919733063677477,7.398761686007522,7.384272476574704,2.7413292184834246,7.443094470528612,2.0600387266145668,7.177115527043917,5.239993221343023,7.248927604468312,0.21414879998137243,6.784653864281753,0.3107696884804985,7.497338914642165,0.8574109697981785,7.536514781357148,3.5998771741194697,7.599402342099128,2.814387901426034,7.606748755592857,2.5108338499520384,7.8734246741520355,1.6663576373517273,7.5558313319039785,1.898034113672881,7.926855593961298,2.2276527869219493,7.753817612465306,4.596865176607562,7.751695206444207,4.08820353413331,7.821495529098234,3.629179066258597
13_5,2.9116983907267895,0.9721028146599802,2.846800646719636,1.059721014919913,2.965495950677016,0.9765738935360395,2.9480127932367246,1.5351748108772432,2.960045453431086,1.5591077672572524,2.9530196804311486,1.1814667763954017,2.797682058999204,2.264156499507131,2.779462003661179,2.183540535855592,2.851616568221854,2.2344080490978007,2.972134564578412,1.6052650716314987,2.971955763866916,1.4566969981622866,2.9202313029259863,1.48302554001185,3.070983595741044,1.727854124090775,2.9886079388247824,0.8551116086153973,3.082636908757593,1.6078300792987292,3.0199572246502964,1.9745219592769696,3.034955342212924,1.814758534433271,3.036417787157392,1.663778503317924,3.2354037898025347,2.7300157230761113,3.101329225475894,1.8527683754050714,3.2493378483464466,2.6286955059050614,3.0955500994634404,2.192526461014487,3.086994307244421,1.9814894679306385,3.1263211203171286,2.1687365359406066,3.082437172398941,2.4967984696071968,2.974082058204411,1.6453374221119024,3.082800801850617,2.338451237776642,3.01970335748662,2.2130637982579366,3.0357521503891904,2.0359192541224393,3.0680419987251697,2.114560277824019,3.054847505547095,1.1764909207973586,2.9694949434967333,1.1540872971097267,3.0862070431479087,1.3404768958558568,3.0369313663046142,2.2113684493381256,3.037457247522673,2.0063657892331412,3.0311234206511237,2.1179887976878153,3.1297285185421946,2.6497250634551253,3.0287489323631056,1.9864868712056085,3.134459363642936,2.610257507875637,3.0617471185893392,2.249064596235622,3.051180549617131,2.097495889940121,3.0982740634699995,2.288306372185399,3.251457269925937,2.698119603283149,3.1293459823645478,1.152997980744601,3.2630438618070206,2.714709515962727,3.1260112645552964,2.363606457564023,3.091192279002631,2.1710076431783727,3.154302396222961,2.4777349957359966,3.0106754931413637,2.470258030718783,2.9480693498761688,2.3834396080148603,3.057674239381516,2.417403716214998,3.0049648626184355,2.2107110320590175,3.0317685185659746,1.9700602928983575,3.058059307100146,2.1757051079034633,3.0346491734790413,1.2476375812686997,2.92757032945323,1.2047724120616825,3.0511531844222484,1.4649959231247676,3.0334672979670643,2.299377125403807,3.0426848094508623,1.9448078988874966,3.0431557686018507,2.022473691197129,3.1230677693293356,2.649258097039814,3.0526816451291885,1.5063936238269986,3.1575049482992057,2.6202288282001778,3.073771567378022,2.2952315578680484,3.074222169666068,2.084610235017901,3.0854058484363045,2.289240248635161,3.242581985988675,2.6707729926804884,3.1422956358831877,1.2524583793834605,3.2547054027062443,2.7219707071720562,3.1063737109191765,2.442276033948795,3.096266541405457,2.27513563626798,3.146209134493854,2.536482699574887,3.0873299431102796,2.5400803327832704,3.0110862878543014,0.9699949232171126,3.105960490804005,2.5037911691527843,3.0449269401622296,2.335873151552009,3.056923811008849,1.9860949481501144,3.065004755257375,2.319129125096675,3.0934399537809507,1.624527416904487,3.0138880141543574,1.538200317351642,3.1251672375172976,1.9457058916865553,3.011855034808964,2.2886060566114623,3.042143994894637,2.1493387769047043,3.073914497150122,2.157828678541687,3.1669363913754025,2.676137440720872,3.0528863016348566,0.799945153491258,3.1602253429018017,2.7468691965250214,3.0696205342830227,2.4018591419368267,3.072030770566375,2.1246654081911553,3.0769887633055477,2.450369620617081,3.2726596811586073,2.722020447626162,3.1359698303981878,1.727542401071355,3.2744761487483056,2.7821506117926633,3.115087582455666,2.4449164620552057,3.1004011567783425,2.1812389983182534,3.1556871153745147,2.5138488340016707,2.260417359124455,2.645052515517953,2.035074316159901,2.598455719254805,2.5115347259700966,2.374211950658161,2.824455428746098,1.2484496956040636,2.8225329709200917,1.1355395592965623,2.745727545930372,1.8350835873633398,1.4978449053511345,2.820308700997741,1.575264621080135,2.7055708959897085,1.7625057665855262,2.75716089213431,2.791093108115249,1.2933924648044242,2.831844825699178,1.7368547271132393,2.6502259213303505,2.0489405411709964,2.820682938148151,2.340131262447735,2.1474650316873163,2.284925499658702,2.9258028043049533,2.0381279857242602,2.959641009047583,1.5431940442444976,2.9439496472848825,1.2287685586331532,2.9479191780818326,1.2284399160876227,3.0981327366429614,2.9861569958653997,2.39597128404551,2.356137207610963,3.1150685424461275,3.0314799406421127,3.0773476564406725,2.080563532469835,3.0335702551128865,1.3747071129858504,3.0731854880348433,2.5504580462701125,2.7652223270141687,2.739298316120683,2.32796042580014,2.7170006982065384,2.874651071988142,2.6829118750311216,2.950582945633376,2.0285386618145616,2.949790090892758,1.2483692552113592,2.929038827536354,1.623925277344797,2.578854408191451,1.7901306536754469,1.8619544903884737,2.3584381397032654,2.7611976212042726,2.428804010326018,2.934208893227467,2.096165945586487,2.918293170513455,1.4284502467220133,2.9398827906214455,1.621682811905885,3.0163986490912786,2.439174515416089,2.4125023238163994,2.4056599984541633,3.019354465653559,2.4300796994492986,3.027035897903731,2.2590890065047633,2.9876154857251813,1.4496433953424692,3.0588088713221215,2.1383120729098692,3.160302293681504,2.6764061495008433,2.4578262029457223,2.49286355295767,3.1732222812252835,2.5615002230063637,3.0860577266369758,2.404881173398123,3.0748287577908657,1.964567026983029,3.1241458466809866,2.325412169903397,2.997811163236815,2.826467617653736,2.5945576373493133,2.7774654262113616,2.9912552578784584,2.63659489314581,3.0092653788557926,2.1577049711696805,2.9921217206250237,1.720516924975217,3.030763523921843,1.980958733432843,2.8326050420973203,2.3543761201529034,2.431074706018601,2.267744815154854,2.954904602325288,2.441569330504776,3.003815520461114,2.2770062899488144,3.01527376419122,1.803501437079373,3.0211422999464257,2.1935377746705496,3.07326812192722,2.761447378868387,2.616059898014428,2.731381111868349,3.0968266676952827,2.706435753108441,3.0499916200805592,2.358084876049643,3.050439893791689,1.765836792723381,3.092050130377223,2.2831094041704723,3.1977231172066722,2.8123379176924743,2.6855004457183207,2.6689801312249863,3.2336364763148118,2.8902421258499515,3.1003672441999166,2.459879380993315,3.0959268185490907,1.949491866445946,3.133999845435336,2.5674728409149883,2.7893961915529837,2.3940380348906345,2.1218867555955656,2.0397086320071307,2.913282295772911,1.6473342148160997,2.959326257796574,2.1128416886402643,2.950086031253124,1.4217475458350053,2.9717255364452613,1.7586893647085553,2.7381480727732965,1.6448761179129698,1.9005877479768118,1.9931816735571286,2.871285777412412,1.007983567277391,2.957727103204999,2.0587800470380593,2.949968650479661,1.5879945534894127,2.960891452871862,1.6917811278331254,3.0483767437097242,2.2714410422273854,2.332509627578775,1.9667406725347831,3.059554290398124,2.37763191397254,3.0164238198005764,2.2343890007198866,3.0145219968378982,1.3313239370088708,3.04770414897352,2.1622635553665175,3.179321306517634,2.2365113050725984,2.432361335579152,1.8008227424615864,3.212863895635155,2.2425101653246573,3.082377199923011,2.3078259306683355,3.0527252549434793,1.3815816249955963,3.109020573264716,2.3483535974523564,3.0708767582145007,1.6808221906385743,3.0708253147192046,1.3618947198383826,3.0744281021584308,1.5211435128037336,3.1313455332164204,2.1852610981140432,3.1502038013965206,2.1978307656333143,3.1128972789035325,1.9504125966883954,3.1074957596740185,2.6657628995122535,3.119425133255203,2.346143109299582,3.1553376511781637,2.6593663764550133,3.130699201773772,2.376368905357323,3.1344602000052646,2.4071723117567823,3.135391316015172,2.430443273526979,3.173272577182511,2.5499397615592145,3.136496428407909,1.8143852536169125,3.1781629645633678,2.3523776106427996,3.122708651831838,2.2777446275772157,3.1595436302298934,2.322091348657507,3.112031223623162,2.180321709287043,3.29190679283827,3.132403408254057,3.227811143034439,2.5479262096537387,3.301739588605928,3.0541791650338825,3.1469702923602556,2.538108705611872,3.173123342749834,2.477875633032058,3.1979189610834493,2.636885967423542,2.0184418335965826,1.179808019206912,1.920408198742249,0.9073032693665738,2.2606344820986988,1.3191381247558507,2.8529967254936683,1.5364641491096351,2.868413729579575,1.2869254510940076,2.709232260156163,1.8207504032725295,1.571439939470225,2.907996577989882,1.7796012962910013,1.9379438781100786,1.7836738507654064,2.910855733112528,2.8527741787317447,1.708008316015585,2.8823164971854682,1.5882320649242345,2.6878510029572995,2.4427536847632183,2.7936409820863304,0.7568334193149242,2.565861996133575,0.6757637480668897,2.8885877888667704,0.8888140153517315,2.919696470952568,1.5786317981939468,2.9626604228935123,1.4815293307107436,2.9785563912370874,1.1597341970511892,3.043759632399923,0.9735591066556506,2.9060218201320778,1.3769513388791186,2.9983347445576967,1.0641777591728558,3.070808641498606,1.9728590161135122,3.061827123724034,1.7481103885920697,3.080874412930219,1.5471103422467372,2.0188764151978846,1.5221279933826668,2.0013080500469256,1.0497707806712668,2.199831490647603,1.3892883179329127,2.820121877748138,1.6591530221807698,2.8772110630417096,1.239789893222122,2.675306152971723,1.8037498409054087,1.590047995253937,2.972711460044282,1.69677337203139,1.9436421629738228,1.7227746657985639,2.899295808862604,2.829991810522851,1.863936710926314,2.891029388135561,1.5751545668435019,2.647451374296985,2.395286763626052,2.776349100026815,0.5883305577088239,2.574491704428326,0.8832383435999177,2.888276766467734,0.37530455393350565,2.963963449099036,1.589107161075224,2.987506208386739,1.5249278449908568,2.9807985775875965,1.176156346119323,3.0708962495566436,1.0286167383470597,2.9254839111052355,1.1282447200209653,2.9833179291615832,1.267064857768921,3.0778098152855993,1.85214354844727,3.089217946186362,1.8067568791249147,3.065272717782603,1.536656063996256,2.301156109899232,1.2321069990787408,2.1721672340928806,0.8184663263196279,2.4971749299224513,1.0390921694346866,2.876550614237296,1.682267202500573,2.9355995255627674,1.4573356688908838,2.8364189842477843,1.835057005356784,2.1848255260223373,2.9343917021289903,2.3518940819007907,2.116794332390643,2.281436994805445,2.9622221502529618,2.892352492156498,2.04160758529294,2.923002492109743,1.7290402938360332,2.830229058980058,2.372936158980217,2.8800063060190304,1.0403754461969104,2.635340396949653,0.9475497089949929,2.9454726782864937,0.7072941187011884,2.988600297876889,1.6174883418095616,3.0027146045849737,1.535253448274554,3.008682276759081,1.316240521088476,3.113892294620561,1.2207698585720141,2.979019103101555,1.6022759182553825,3.1100397195288427,1.3432185679837731,3.091747530662685,1.944606893996468,3.0908277797969257,1.8742994031527933,3.121239592874922,1.8577521676035935
14_5,1.0120532456182671,-0.13213605147673926,1.001539620291403,-2.2380865769391938,0.9939559960583944,-1.7938456899511657,1.1035961478012077,-1.461218274372854,1.1092979976732658,-1.4477403843819168,1.0814830322230793,-1.791200644674644,0.9539968299102062,-0.12926107909397158,0.8890952741024417,-0.4713232762581842,0.9809175080738474,-0.20512486254874626,1.0878828949922164,-1.4934355348768187,1.0903924948794672,-1.4546650877208906,1.1124951297184882,-1.7096827092901667,1.2649100550700103,-1.0278214473713998,1.1908754379544917,-2.1629201228291643,1.266633405090976,-1.279519456127492,1.1465169413157341,-1.240029219363338,1.2064648173809556,-1.2750864055681643,1.2036350298980771,-1.3589881756971833,1.5187538296183005,0.8487660526842218,1.3668754506280132,-1.2421109052046448,1.5048862308598199,0.7282087868837338,1.2608038182838444,-0.6369943680336841,1.269219769937255,-0.9882427858762269,1.3236594252645464,-0.33653885811095435,1.2207264220487322,0.19822429974500985,1.1263748419866408,-0.19048407209801801,1.2165579706875853,0.09076122180024314,1.1139874241053205,-0.46355086025206693,1.1926733375761365,-0.8272285699764296,1.2223224317560202,-0.6663890616864437,1.2273787084860326,-1.3983741650550718,1.1066645010169025,-1.9853753249551866,1.2117705283524633,-1.1387495940848813,1.1015338637523262,-0.5285516837399857,1.1753750160779413,-1.0349167676568083,1.1686884026213429,-0.9959663883063482,1.3581822535573225,0.642396320582975,1.2656454774577932,-0.11761172925557321,1.3009699069308247,0.368986633240875,1.2118249983481897,-0.27283681293640727,1.2323435130562255,-0.6860201026314242,1.26815573703605,-0.3780042818674569,1.5094654291884158,0.756188971584543,1.419092169498116,-1.7011009028167474,1.5006055023758922,0.6814372627427165,1.2598831870786056,0.038921353016664766,1.2691704805664143,-0.3307715662801214,1.308000486564243,0.34776097726609645,1.1447070179799261,0.44006300722655195,1.1436877021023888,0.10575534697215636,1.1632569765629404,0.6560532478873466,1.1234669703479692,-0.5342607476130372,1.1630758211654904,-0.8356695582562218,1.161923178811008,-0.7423407810594465,1.2045431203740826,-1.3651376375839204,1.1317092906548334,-1.849690103172872,1.2283349416608693,-1.10550017490782,1.1352685838270287,-0.4860184490502042,1.1721657762668913,-1.0290547658941225,1.194320282348243,-0.9242085425342215,1.3296394342118272,0.5231213799942545,1.2067500972103558,-0.21932209780106862,1.2594735186755466,0.3704624478447624,1.1762130265149562,-0.06754383041498062,1.2333482360088797,-0.6860200703839407,1.2624061784707223,-0.2557739466575425,1.5069208359986044,0.7125871128122984,1.3889736659658296,-0.5458870476383875,1.4540093617774432,0.7937807248093215,1.227407348334944,0.20528383175505324,1.2683923444712337,-0.5923057492315634,1.3059320189811223,0.23215396950017428,1.2810639748804178,0.2913728868847487,1.1966591679758816,-0.5659576672512342,1.3153580308504744,0.21637000540862103,1.2010880171466995,-0.3323902458918394,1.1528384329391883,-0.75549890126811,1.2385542943941614,-0.3678646372905391,1.3026615836015274,-1.0940429658591513,1.2236288801068966,-1.6375184300299388,1.3156476826170063,-0.8974326496081485,1.2229347396142347,-0.3096861109724191,1.163320751648919,-1.0046642945884239,1.210340074831628,-0.6138551930253248,1.4179205743553052,0.638382402615602,1.3422975926296958,-1.7474634144329888,1.366593789153362,0.5246102894426469,1.2299584169129332,-0.08515398126944497,1.178070118589431,-0.7331046096364037,1.264756933659598,0.06483490068512397,1.5379260482816217,0.7582646532470186,1.46136340042392,-1.525348913020106,1.498479417234568,0.7706434035966107,1.2615907158026682,0.17806471543620503,1.3239068417126232,-0.4167937296970671,1.3314474556979943,0.442746654141058,-0.17950601599769572,0.6795728886987303,-0.6830376008434808,0.8614986729624219,0.11529482721604327,0.42354362599529394,0.9086583896218994,-1.6020816831418696,0.8921454825896263,-1.882460171271173,0.6912760835554773,-1.830255167751485,-1.5013486064336947,0.866345901536831,-1.3775689368966797,0.43864689751791003,-1.3195641548437251,0.9148852412376579,0.8844577422749531,-1.6931976422902517,0.9303759235505331,-1.6294530665423759,0.5615393700221522,-0.3919579813097427,0.7842547303103743,0.035947819430082115,-0.08238253165786656,0.1135818767906152,0.8455916092338907,0.3221632516193771,1.0569875230374404,-1.4363474163902579,1.0707838995192893,-1.885558428657799,1.0636023026150854,-1.6618341227116702,1.2287021414199064,1.1129820821107521,0.3885913516666281,0.7248885301824327,1.2756717909694861,1.2406995541009003,1.1787165003300413,-0.5263830027298977,1.1626848620665922,-1.554961826987047,1.2522187836960657,0.46527211085900155,0.8013555831278363,0.7256250396150331,-0.09680956726240535,0.5143665815255699,0.8845102387518136,0.8107648541145623,1.0135672991484992,-0.8564055868840718,0.9659078688163351,-1.4687834358150937,1.011576240928982,-0.445118224325854,0.41936355662070346,-0.11554464522824201,-0.9916522716067028,0.7378629555070864,0.7093699813578168,-0.09243965780757288,1.0814924573208928,-0.6264590472571979,1.0266596456093529,-1.328926177991461,1.0154769889878827,-1.3849582880856826,1.0459772353138936,0.6453540938104068,0.35182480301175073,0.6394581340331701,1.0788072146618157,0.7106066885462572,1.1088667713967686,-0.34215181681876056,1.122680037243642,-1.3229421819498672,1.175064405438863,-0.6194480268236376,1.3120175065864055,0.9624409689219698,0.4151552175861056,0.4720937380334572,1.3082011222652075,0.8837948865895092,1.1878117341813044,0.0871786628147755,1.2491013708360184,-1.122598792515352,1.2904850369819396,0.20180184564791387,0.9814023475927388,1.06382496597192,0.7182500400746821,1.0130942043977529,1.0392748922352644,0.9871307855621192,1.1590771073932082,-0.1398732227270149,1.169386866507874,-1.4758498809261578,1.117950549375301,-0.39309468850786494,0.9439664327588906,0.6351236797809491,0.2974748286287877,0.4738612817342961,0.9446599918260971,0.4136611912438694,1.1077665406963173,-0.5044841378423216,1.125764695528225,-1.426754454201129,1.117480888674236,-0.5079159547215685,1.1882855395884326,0.8178225725870066,0.6604137866303353,0.7431966293685832,1.1905917111761068,0.7315302240699949,1.1528284575248768,-0.17679664836338524,1.1807776825215894,-1.4250248277814435,1.18109977893451,-0.10039491226132784,1.3708104031059387,1.0950633875739062,0.8063238426249093,0.7749312748284555,1.4176599789778344,1.1299035702872828,1.2555193531975612,0.31945365197417064,1.2544028543753705,-0.6149619010316906,1.3324984158698285,0.4290346886794453,0.8875211431037681,0.38432592553666184,-0.04273320811523041,0.04629026745600513,0.8881967641068536,-0.11129575628738275,1.107082550790297,-0.7992047765097335,1.064960582979341,-1.9961736362811737,1.019391355290481,-1.2601304656766081,0.6997129100328755,-2.062387967556106,-0.7791051296135773,-1.3485422708375392,0.822786616838892,-1.7535563656096642,1.0716241505304878,-0.891384522905623,0.9723889081537371,-1.5146893697566803,1.0175606320448907,-1.3570028905243274,1.0762007617235994,0.11095003847953423,0.1549380947278472,-0.3269849064626241,1.1220493938910143,0.23747611564042867,1.1250143750958157,-0.2514016704102015,1.1576842432146255,-1.6296688655336207,1.1709495446354445,-0.5984403475323989,1.3560230291472122,-0.28514084141126084,0.396978547400847,-1.113070209951786,1.3716181797724891,0.4788623351379591,1.2401873336603957,-0.025280849696730584,1.2284254281109492,-1.5091985612317136,1.250223011535439,-0.0023490964076757887,1.135103858096496,-1.3013958904182061,1.2019467876859222,-1.7113131045439907,1.174362495992474,-1.4726962729982613,1.2911934398732932,-0.5362803217011963,1.3471199210497413,-0.3376407611789672,1.27928721873431,-0.8550803717924496,1.2451154269883706,0.47814255975730297,1.2060540170176226,0.05416662139738483,1.2478098211038078,0.5173503067241257,1.3613480071054644,-0.12600186333861635,1.3012869017953297,0.14644983728748032,1.3096903594330966,-0.05165620022027868,1.3053871893479572,0.2853759668542675,1.288140350094411,-1.0766003146995455,1.3606971751604402,-0.027656344789541595,1.2634425937741995,-0.40314444864797583,1.260089602623577,-0.2327515422944278,1.3198042972474688,-0.37984913338952536,1.5366612837528255,1.3271549204814543,1.4741319274572666,0.33331561659002695,1.5561292042876298,1.2439649186458905,1.3010861671473561,0.4032608955679652,1.3161362640648404,0.3942821119621644,1.4128224812526813,0.693815615780673,-0.7259972952659276,-2.1970912267039187,-0.8391255197934483,-2.551960447319761,-0.30886940096956494,-2.5478364598522654,0.9339297674127778,-1.6963392660533112,0.9276118956076275,-2.2675079238186884,0.6372717887303969,-1.975112959629988,-1.3814079078017887,0.9240583546874533,-1.104713759830169,-1.3081075275824,-1.1026896633537935,0.8981331515833932,0.9136733104857778,-1.6381978398978938,0.9465809081575208,-1.9311126439459891,0.6134108385499073,-0.011661150039255483,0.7453069748851266,-2.1172447439199598,0.3298640492696868,-2.657059524528463,0.8481487882428528,-2.245329816915039,1.0525004910341267,-1.5725332747304508,1.1483192488235088,-1.7930216769482832,1.0465498082554041,-1.899618432214755,1.2090888972092617,-2.022885700510656,1.0048791366195382,-1.8919729872553666,1.1417396574006133,-2.077678369319017,1.1902952420636699,-1.1479302228268948,1.270825737562122,-1.273112308483966,1.2000703541960764,-1.589781432856722,-0.7512042204716031,-1.3771935465203033,-0.7550192854872775,-2.3530482812025633,-0.37291810215430515,-2.3750230321358887,0.9102693572633037,-1.7212401475373864,0.9547481958517566,-1.9177010641631904,0.5796022466010621,-1.459878876329431,-1.5164868596179817,0.9477236530454572,-1.2823363625655388,-1.3340535623370635,-1.324136413036612,0.9568977635506112,0.9201312146485283,-1.4666392822282366,0.9751163657427835,-1.855318696746711,0.609851010049266,0.07997577005857723,0.6765360202649344,-2.1534693142464194,0.35838148645646206,-2.609365065848777,0.8213894519777091,-2.2001079573326123,1.0372291132635911,-1.552137464068294,1.1306755269903748,-1.7274164420984175,1.0255818506698,-1.8674240712495662,1.1460106233651866,-2.1132733957281076,0.929311399203119,-1.9654773187909562,1.1197273516810733,-2.114235811070891,1.2345551077329824,-1.1976232856894211,1.2273424580858425,-1.2357029678109503,1.1191394561895593,-1.5814631172787417,-0.28013469966588705,-2.0266375382946524,-0.3692821463506623,-2.347446144248802,0.18720168023088296,-2.668669899133868,1.0471756687388396,-1.2579225503219544,1.0431160016453283,-1.8968974986252536,0.8594300831978297,-1.1975722538315563,0.01518021267563061,0.860488992076442,0.2075334632439467,-0.23032283385306293,0.027829117963607795,0.9070159808616822,1.0257055205830279,-1.505273193676346,1.1015447898088468,-1.6608823433541005,0.9097132845625545,-0.15321905543483985,0.9151091981817775,-2.0268524211004952,0.5817912584863919,-2.433403085584918,1.0027016972897682,-2.0372536524974088,1.11916675795274,-1.5496981796918656,1.13192769752752,-1.778557707379461,1.1347033659575445,-1.7939408108052959,1.353487668976228,-1.7792375571116883,1.159576245213759,-1.6748018396320208,1.340177547975221,-1.7603347749402234,1.2329379114042556,-1.1486954218705432,1.2988156107894309,-1.2598100898435112,1.2949745784262847,-1.3049500730968202
15_5,2.538800622742077,2.4034155471495082,2.529285547595866,2.327126042797245,2.5485134919966765,2.40554624456807,2.653893019030449,2.4567580316315314,2.636751936530631,2.3576283902858406,2.624621542780142,2.342347322565899,2.5019714138555558,2.3741687962928943,2.5056581668129034,2.264606006025731,2.5168487249820637,2.214882531585917,2.643663973248308,2.4590624108089334,2.6404835656179677,2.396519260102638,2.6263267662343623,2.284910528554852,2.638087919421582,2.4317483277331733,2.581870557178301,2.313757261647088,2.6655757829045985,2.423007963046533,2.6644339222645934,2.481493246531973,2.671581626806,2.5100396423987363,2.6934304299152645,2.403846146369427,2.795698130358856,2.484527348469354,2.685529445376819,2.20761011225672,2.81548342512561,2.3813007073176866,2.731185762408088,2.5121888716003324,2.7413754017340493,2.4844051863937135,2.7722934791387583,2.4834642963592017,2.628645240790729,2.5172718025395335,2.5873261631163302,2.2973743835160594,2.651095276036908,2.487694833451252,2.679188731687685,2.5026161730758147,2.6673477497980898,2.4817068450177535,2.6914468428425478,2.5085068621698805,2.613808600283227,2.4248059534930646,2.5881470561826907,2.3387654595316554,2.6668382090598137,2.4202242734819315,2.6550274820527027,2.518590998219231,2.6450384910477918,2.4932492534273383,2.6689845171060704,2.4835998719495067,2.6889205328967956,2.5249084447711234,2.6358474025294925,2.403626146597661,2.700536101037582,2.5290171782080026,2.7040327499809362,2.5491958400264734,2.7019799879286803,2.517581910568219,2.706608755449238,2.5119173700249675,2.7883707809597573,2.5209746045460646,2.6912062898291733,2.332114974681026,2.775768754623771,2.556805714728744,2.730321614530031,2.564491208711509,2.7172982734083826,2.5221341950622334,2.7575949603454646,2.5351185448516587,2.620441973964607,2.4853901404553973,2.573703770123367,2.3893351703455594,2.6300132649734236,2.4877657010512446,2.667776322404406,2.4973379872706403,2.663148254324061,2.4782220600277247,2.664535056736926,2.4452295393516303,2.616381907950597,2.403754230463593,2.5561526711606817,2.2985952575382727,2.6439638265548178,2.4179496077266216,2.651098946036546,2.4739780602287826,2.667064599262569,2.4814686116573283,2.679108332778023,2.4700556740583193,2.6718187675704543,2.522257749352108,2.6413965453824564,2.3914545609816553,2.6961890163154556,2.498870318310693,2.6834633986944154,2.54357327730564,2.6747673802653487,2.5216777981423295,2.7259042393129143,2.5102948869478485,2.7931405605715622,2.5328414195901487,2.685648166959596,2.3543570685918556,2.786547081694857,2.56610711110952,2.7513749475303517,2.5818283259108283,2.712940020966317,2.4975352075237507,2.7695222023535426,2.546147207213442,2.620220589614862,2.489764239240002,2.5838807165514988,2.3047238985477145,2.657462914507768,2.4844764145636264,2.673317713368736,2.4978986642947585,2.674355462637138,2.503534547535381,2.6919395110784685,2.505683399319589,2.657503615867246,2.429442420848829,2.6005111595695842,2.352518701130095,2.670970702849091,2.4300673189500777,2.6717263263217212,2.521909621310492,2.680151380531983,2.477432353259425,2.6912014144096386,2.501100026609792,2.6840889364687555,2.5326375268066172,2.649234979554851,2.2829066061503567,2.7150515964003965,2.5274254283267448,2.7039434554019994,2.553836343272115,2.696984566505151,2.4919455500772765,2.7252882223885484,2.5171677581288927,2.816266991069587,2.5361816107227555,2.6899240234711566,2.3308952195670596,2.831078912997972,2.5571578642712804,2.7346890740870062,2.5551758831121107,2.7537034641255116,2.5531744196322816,2.7566366638474364,2.557816260921594,2.4536405358520628,2.567441133952684,2.4581388411488323,2.4266652722224724,2.472762805659788,2.4276207181292757,2.5949276213711467,2.4493407468391393,2.584284900805066,2.233728110435161,2.4909475515634814,2.299861519675577,2.4079336517128715,2.475741520928191,2.4113818400609706,2.4549181941492,2.4021453173707012,2.499498258904979,2.5784037042395016,2.4376047160055174,2.5732649649500474,2.331052044522383,2.4800816153170495,2.359210817531547,2.517265967063044,2.546911670495006,2.460319721064658,2.386107934436653,2.5420507421013374,2.4579931388671703,2.6240889945599055,2.4112761884169496,2.6179229867082165,2.251437301852903,2.6346970868037163,2.3574563467091765,2.659634990796984,2.5371411911012296,2.4894299227248897,2.3172197056197876,2.683367919535072,2.6521111636951202,2.6901312251817306,2.5037195257158364,2.7037437106533644,2.300453872172595,2.7287299813326356,2.4807284078841043,2.5325852298260902,2.5489102010070757,2.4778375766423135,2.3838314678540513,2.559532744801519,2.5618425200830903,2.6171141500384767,2.481122945226343,2.6227770078265262,2.325335601063173,2.6165948024854235,2.4281920733273368,2.4961764821764563,2.4877594620783072,2.4259359618899534,2.223343147716268,2.5273924325312818,2.4618139850331873,2.6379145650376614,2.467876868439278,2.599074991494218,2.3934368340149104,2.5955694153590314,2.419331971647532,2.6254553728206824,2.5263975932881086,2.4786534642387115,2.3022924116718477,2.620144783840919,2.5766807692982563,2.6630990227512528,2.5610721217905654,2.6449126212579896,2.282999525542823,2.6887178263301315,2.498271684181244,2.718960634545559,2.5764170298271796,2.4775554215327538,2.3273532360540257,2.7105988162627055,2.554278940654875,2.69516117017157,2.55732751334033,2.7020409915413492,2.2634502839598514,2.733129959664217,2.5455730533518843,2.6273118737551155,2.660406251889922,2.551686854870575,2.5007089386592436,2.618965554746941,2.544318772432523,2.67291190258818,2.48181597556406,2.651220713742938,2.42208602469425,2.6609722631755823,2.4860742126858724,2.5689643460156777,2.530003254838135,2.4920747959939247,2.3095251203227725,2.596617743005665,2.4831165558415513,2.6621609838399167,2.5254999829733387,2.6647139861501876,2.480592721591494,2.676509686557098,2.47940695037902,2.6489129836094394,2.607915901914536,2.534692857169604,2.3870099021367706,2.6761063948141843,2.6270429532741,2.6848786049811584,2.520368148042301,2.710496057055194,2.4493463376354208,2.697259917478582,2.538003425720586,2.7588710447339477,2.609466093606324,2.516792156507435,2.335276054193427,2.773788922144121,2.6451746966496983,2.735200014074405,2.584750511599393,2.69521375827998,2.487203875769689,2.75588446463256,2.5904292605845316,2.5351032679201837,2.48701041651815,2.4614087795127886,2.30019106487008,2.5837826128729233,2.534698643673054,2.6270915870446307,2.486622402223785,2.590027825863009,2.198872416465602,2.5959208443827526,2.4318573415320177,2.4879853651178974,2.3930001865799286,2.4064414309169737,2.222972435965531,2.5389348943761996,2.3719280186846388,2.6255303487356763,2.4453804599951576,2.618392771831989,2.3281010264229525,2.631254883486473,2.4083929553943597,2.6060008087884747,2.5087705085431145,2.4562910551865467,2.279468410304044,2.6429739373544536,2.4891210900035383,2.677952793057324,2.505873218553619,2.665478595439993,2.381905533347537,2.6661110348739157,2.5109811534090736,2.7536973766981863,2.481620725556332,2.4736458121270752,2.1488566100289384,2.6950861716139842,2.4866480091404193,2.702816144908092,2.5239665898948735,2.708817740489218,2.3309076123966594,2.725163022993624,2.5435678408335707,2.6374865596624715,2.4591159434111103,2.6533183412718295,2.3033067857820315,2.654512240955084,2.3757512437101136,2.780523142343978,2.5666178094630654,2.769190552468882,2.4818223451273806,2.7528077877506156,2.464546127940693,2.707383402733896,2.526924166469545,2.6914908790755776,2.530677865574025,2.730941986503715,2.541302262980248,2.785714621062521,2.605420092869563,2.822592555007198,2.6257323686789458,2.8142706357972562,2.5970224018419916,2.727010990048225,2.4992290341373646,2.726647872523158,2.371412001183421,2.7451449834230552,2.4745129753599624,2.749496325891264,2.5770939419434025,2.7809214545471126,2.546763933554488,2.794656029079704,2.5154488910476878,2.8550933793689874,2.7069779603257444,2.8323181227909022,2.5588223684450817,2.8730851649312465,2.7072873087071234,2.776321206837032,2.6282959461610496,2.8154298810065206,2.6171072428509095,2.8204994555173744,2.6362299273701213,2.386094537829672,2.4237753396017,2.367744665137813,2.210715143335653,2.3780607148100477,2.3427939100856134,2.5706117116107943,2.4192006787956077,2.5959075047221,2.3034279547493846,2.469204341088513,2.295605764548161,2.3461095260481524,2.391344899569639,2.3570041891291273,2.2466160230522605,2.3596046180079573,2.469228644327397,2.5756644779755677,2.4095485495114337,2.6022408868955327,2.319385507400224,2.4905599238955474,2.3871938740773824,2.4885390141764443,2.4084963369261114,2.4578995658860023,2.235174833149982,2.5107467452319474,2.358647552254725,2.628744152570116,2.454495415280653,2.6573799264837756,2.370571677880978,2.645633918885067,2.3596597280744653,2.6375329307876045,2.3872593086935625,2.5665043181277065,2.193821638164685,2.6133060192171964,2.379981103074129,2.7206050231433494,2.5461381522599806,2.7237691506597423,2.4361796648528595,2.661563170690705,2.4005480432475688,2.3911870809765223,2.4871164674285904,2.3955389883565683,2.3554185648145394,2.409194941670576,2.4158751693085008,2.5596064915664196,2.432707069769878,2.604727394370222,2.2528730298780886,2.4919638347426547,2.3441208691106277,2.385976380276551,2.4186053614245013,2.3858203029489475,2.2841407947796855,2.3776780255715813,2.4695769662600195,2.5728607893749635,2.461362156683886,2.588018778059665,2.376902267087267,2.462876788275336,2.3904002842623058,2.4987680431846653,2.408549414670682,2.4723727786337135,2.288533414112593,2.538282716981341,2.3804704193215227,2.632287520711519,2.4176250945946656,2.6267423472112608,2.3533989438453182,2.605798390271487,2.3292203281081503,2.6111590636649655,2.3986910097747365,2.5578788757751156,2.198434544597382,2.628968676537736,2.3753406568961566,2.7181032122625544,2.5038561869074316,2.712993170427438,2.4579259971784535,2.6711098144047383,2.4021317567990472,2.3941945436338044,2.4048308054233867,2.3936736374932592,2.227544226709799,2.4250321158167956,2.3714036504835447,2.6214145259936754,2.436550553373325,2.651067856048996,2.3469293365057418,2.5484494195533927,2.361586935878,2.4134142814481008,2.4649307204786592,2.39499641595415,2.292371380138893,2.3923527280872707,2.4118074086076713,2.6189862434263755,2.481310601224314,2.6487198451215916,2.3866710856176243,2.5563348528905183,2.3348109356101925,2.5365153643179856,2.3999160931703614,2.4640484569638206,2.211193803479545,2.5825599682786593,2.373212612410145,2.6532674826711946,2.4636473868332898,2.6812401411666613,2.4173366423766365,2.662841728383743,2.3617439804285096,2.7076247820171804,2.383388336843499,2.616698507601342,2.2472531339639987,2.692969391597127,2.3511820470626605,2.738663827038523,2.5121457287175057,2.7162799182991546,2.4509763452033115,2.7207280229660316,2.3961580556995163
16_5,1.4691437005330883,1.4667594156543797,1.5052408028220088,1.4661049437677478,1.4533691834375901,1.4133616091812364,1.3979141363667629,1.2916582603590996,1.3917540899267578,1.2991530821421786,1.4029540246894343,1.2638996787062597,1.454586630088032,1.488044279899279,1.4936598306826863,1.480754712542794,1.445042819079163,1.374407764272668,1.378079336284262,1.246714500251366,1.3720385083367928,1.2672188183737485,1.3973967973797117,1.211240448861262,1.4614552886964292,1.4810729224822181,1.4874870697915512,1.456425523427434,1.4472520616885203,1.4421831172086808,1.3954041679826505,1.272580643338775,1.3721862883305367,1.2622255760961136,1.368649460167284,1.3035912348753798,1.4596288410417273,1.4718349961126787,1.4471522206828171,1.461477210120275,1.4691005525965573,1.2125709069855848,1.391072102993912,1.3110710022394787,1.364205890242968,1.2847218942443988,1.423043679724359,1.2155831232213223,1.4505739832332916,1.475355381270971,1.45782981948349,1.4399279114917853,1.496303058022359,1.4281855475015386,1.416706345416992,1.2928081950087595,1.4089981287334936,1.326503570855066,1.4130258083152651,1.2835152879205416,1.4501998902233868,1.4705628054677184,1.4699800466051707,1.4811465405426596,1.4501726952913843,1.44111462616859,1.408901015177307,1.3299932699160677,1.3938133109701725,1.2751518284278376,1.4104965492083614,1.2772182373646912,1.450594611239747,1.4769649243208225,1.461884412366329,1.4694274147007096,1.483696605098837,1.4294318753279676,1.4001470110047656,1.2904957903770187,1.4175630350871047,1.3013830686629566,1.396786925841525,1.3089179493972534,1.4651572500204615,1.46673239719214,1.4798103340457527,1.4502238845249236,1.4968409951745845,1.4382907241442842,1.397190260017075,1.2934760849300453,1.432239086457777,1.3272763395654252,1.4105041457857506,1.3119471659019195,1.4744992264156835,1.4496950741991,1.4924665637310335,1.4387894425847,1.4687287803388522,1.4383820570633763,1.3956711781930569,1.3070883080645845,1.3991325206383223,1.3439767590027882,1.400717448394008,1.2885103736077286,1.4641681968409808,1.4651860493894282,1.4658653772728736,1.4639683516915676,1.4519004705947751,1.461386017427391,1.3768067858191797,1.316041106214408,1.4063108311178485,1.3111092096001276,1.3884224517584716,1.2666289090223208,1.4568193957216822,1.4671375135967637,1.4646790197037898,1.4783008204794927,1.4590242550004666,1.4424712875906025,1.3810466198414681,1.2902746304379962,1.414101617597367,1.2919017067101621,1.3991505382381733,1.297984807258916,1.4622419268279898,1.4906884869230512,1.4691077022130519,1.4881738738085002,1.4771868104620405,1.4187830568448576,1.3989651585316394,1.2890054023861353,1.4039489278400794,1.2909895690697917,1.4074918374087024,1.2850330933993694,1.471893307526065,1.4432655450027607,1.4943618424061533,1.4648920510872119,1.4854245540085345,1.4578975586926706,1.4173987867868918,1.3367241508467502,1.4018983030977592,1.2715908216822716,1.3898802835694475,1.3018708496104623,1.4832008058566277,1.474344174419935,1.4668269456469294,1.4674559685791904,1.4913940828707208,1.4568410697432845,1.4190691522301075,1.2787912452527246,1.3951276407867557,1.306567771968494,1.4106270725762748,1.2750195532907347,1.4636668176887624,1.4784117296810788,1.4588416765192223,1.4745116428210465,1.4728638092298825,1.461803651135166,1.4007065451682894,1.2847284941236987,1.4083703311425961,1.2977485505278539,1.4129796254313893,1.3154898724568593,1.474696729737097,1.4678768646545286,1.4740908061372413,1.497359569374497,1.466835706598269,1.4640357318411765,1.3983781572208966,1.329524867380161,1.4161652519624266,1.319448845602321,1.4373608787721457,1.3276396120125749,1.4540162418078473,1.439922242399201,1.4382645517157522,1.303277646035177,1.4330289988067548,1.1561043806305837,1.378722614592843,1.2427980161340957,1.3444010343560047,1.1845163841509698,1.3861257416609722,0.9982476737342603,1.4732098471056656,1.390718271503676,1.4694319691593627,1.2351467052898224,1.4511870880174107,1.3111579752225235,1.3640213517425206,1.2428143595735053,1.3487775395871369,1.2626937921134853,1.380561694979809,1.1499032801704945,1.4548356701082301,1.4697642809703635,1.45652238410548,1.3875217477851842,1.4397672211123753,1.3965220508359537,1.3518294797617623,1.221228804220177,1.4038399574507128,1.2042107671305535,1.3914864464458268,1.2100225591972427,1.4588560687904981,1.4931737902842335,1.4560144446751957,1.3952431407299042,1.4442635525810452,1.4217980693392642,1.4083081660974393,1.2924812312951575,1.3553772473811072,1.2779752044459005,1.3784845281314275,1.2707246191119064,1.4910882734365598,1.4598391253686098,1.4668566777480516,1.4031951581810655,1.4550751031791123,1.3798390780133856,1.3871166658080227,1.2919232522307076,1.3683109218320268,1.2388959419949643,1.4111581320601203,1.2749948466565328,1.476926266381744,1.4371931505593132,1.471826706067951,1.3757717022032887,1.4628720898979917,1.3844731781645963,1.3870870169568301,1.266157342783653,1.354351328999417,1.2892588586383884,1.4141707258726952,1.305091013687346,1.4562711649449374,1.4681544537734301,1.4691956065287166,1.400755052744215,1.471633981348075,1.4023997116332274,1.4012392155040452,1.2562477509513092,1.3805468709308868,1.2947664072955907,1.3946118886507293,1.3059888851816228,1.4557674336995554,1.4734805411097842,1.487217537958255,1.4504042297223567,1.4511745211515203,1.41381150321487,1.3993163117889518,1.2699274799302813,1.3983920656601072,1.3034580690738424,1.4015498691721735,1.2695973034910786,1.461645807786217,1.4653353462828604,1.4713716171383808,1.208163948575282,1.4366301627064135,1.3994063003318762,1.3540079840370811,1.236418921579789,1.3872029561219306,1.2467011448188725,1.3872372337911694,1.228572755916492,1.4968944900395154,1.439271188413786,1.487890456136389,1.2534790099231081,1.466283657399501,1.3652625876665028,1.3843291435368605,1.2575726817947057,1.3804403811714225,1.2559615415657517,1.3923731761314357,1.1920977157420354,1.455725795352463,1.4683488086010774,1.4742014222022193,1.4148095538376284,1.44789420145053,1.4235640147222484,1.4140620774297206,1.2483396008183791,1.3663747294130553,1.2677002222471485,1.4092594072317675,1.2973944969030253,1.486607353740251,1.4744233160001146,1.4586773434352551,1.4374651758425219,1.4774815898046834,1.3996252624269965,1.4039878079223838,1.3235311342605085,1.3483660604026877,1.3132938662283387,1.3788295539331092,1.3277651562149584,1.4601703674370663,1.4907100375120454,1.4812848886527503,1.408765284657194,1.480322857894658,1.4106938821042316,1.4015598804153286,1.3133853595058886,1.4020436756789234,1.2526887388183612,1.40252129592634,1.2576196150433383,1.4767483210403898,1.4607972228932498,1.4773238239861122,1.4417150504581009,1.4651309224149183,1.408272264782328,1.376997187376264,1.29242304213071,1.3649845907286,1.2033707215020273,1.4066621109780122,1.2706751817450237,1.473132524470651,1.467804258707592,1.4820352519455415,1.4354669785719805,1.472619744055441,1.420430814012587,1.3828475991003666,1.3001141558450275,1.3959379652588841,1.2718731342761775,1.386331639683523,1.2737656453672135,1.4942377076067672,1.490227937352775,1.4689775992569156,1.407348219995644,1.473764042987089,1.4114779039886152,1.4110512895793332,1.3164488945283481,1.3589579788281034,1.2375256562989818,1.411438225811215,1.3016103546874405,1.459738367857407,1.4106493709553825,1.442946801418246,1.22893534533118,1.4411993517544615,1.3260819844226899,1.2989183226447243,1.202124202394161,1.3144477769918355,1.106329526838726,1.3358903868922811,1.2234315997808232,1.4682630462472894,1.4854325697971444,1.4380498148029859,1.2041985172462333,1.4507442060096687,1.3880428319989497,1.3277635327800041,1.2256880852988437,1.3436725928415303,1.1501870657962416,1.3336064192588615,1.2219197311667362,1.4777436858398834,1.4847185472635456,1.4610948362644425,1.2698150715799739,1.4835068878963664,1.4262356877577844,1.3100511789226874,1.223768618288087,1.3495942122389948,1.155765951628243,1.3658222467674022,1.2737655411440891,1.4818784384738375,1.4752678752320878,1.4365337299338523,1.3743888563616438,1.457263303698842,1.438102054793984,1.3658921464031861,1.2742468530555846,1.350681573353946,1.2276509929001211,1.3723467578907,1.281088561661661,1.4639982924437105,1.4358768063286345,1.4550320221946766,1.179458729890026,1.4162760168117512,1.3099814767291789,1.3570826677709187,1.1828946168505599,1.3281500802187547,1.1535396878474704,1.358890331094244,1.2610339416033858,1.4806089528399742,1.470010693727085,1.4341881188940595,1.2335976377801001,1.446337991583316,1.3422176318959773,1.3102213344235587,1.1898805336820226,1.341286381832989,1.1803472556419545,1.3525823246399218,1.2398553832763897,1.4819013067134787,1.4750693843990357,1.4507719950509788,1.2749678798879687,1.4475477916399315,1.3789400708598107,1.3730055666763736,1.2460301457359158,1.347226820530711,1.206411262564953,1.406195066310204,1.2303517626112885,1.481260489828725,1.483653937491781,1.444398669358603,1.364786865945438,1.4610449423670202,1.4128572167308875,1.3585680373187297,1.2433269436807164,1.3693169782606782,1.1894396710430706,1.3962199501171757,1.2593742591034471,1.4765564036541443,1.4620470874303253,1.4730462744799515,1.1891692028905387,1.418303623543642,1.3293131638206221,1.3274610545366732,1.2207667943482516,1.374522502379803,1.165496349747136,1.322273564064555,1.2408660180414324,1.4495546809834643,1.4543156720070667,1.4543290508584574,1.1773965730331462,1.443900708703677,1.3841527122311164,1.2872153030585858,1.2203531450008083,1.3355894311359366,1.098517297181354,1.35457939926244,1.199453197010472,1.467149457313051,1.4711031094044362,1.4200372388405884,1.2620676554116819,1.4555845097875537,1.4053330612730557,1.3099951811628754,1.2614621957449534,1.3599971767832213,1.1633697554878315,1.3609199920518544,1.2364248538132052,1.4819863005998122,1.466076246212221,1.460065070338431,1.3153531883027203,1.4524374120205619,1.416090399696461,1.3843115017987762,1.2877595482659754,1.3659732613759914,1.2036295575536733,1.3946827633307721,1.2734955640646353,1.465187464498596,1.4512553827597625,1.4504147907419649,1.3003337954411744,1.4469765827212222,1.4202557906627225,1.3651453255996269,1.230722059386787,1.3221549338956722,1.208300088902907,1.3631618251568103,1.2066580635875666,1.4426505926724094,1.4466198905095278,1.4549488867774683,1.3283670673302581,1.4599607018514382,1.3896185128909235,1.318874292377787,1.241586615563139,1.3426564746502958,1.1163479546478752,1.3734526536113327,1.2342020895207286,1.4739516713838314,1.467753044272412,1.4654905651795371,1.3234248030367932,1.4605820756340442,1.3825315540558933,1.341910678547873,1.2308309193030744,1.3609658088380607,1.2018116185174652,1.3644093551790402,1.2621759065962899,1.4799430338180841,1.4849458207138309,1.4732040665157726,1.3949546040981688,1.4710595940727211,1.4377758013580975,1.390845316852842,1.2409354490707605,1.3217249937603464,1.1391902669179068,1.3513535954522178,1.263848791395682
17_5,0.6402005283186508,0.38162242396002644,0.6408701464718715,0.24069951621557942,0.6745068852757461,0.2836897468914482,0.9140552402555691,0.6865385078029826,0.8516903447562415,0.6653633941882288,0.8629342998569132,0.47298055547737317,0.6182316437468882,0.1335087907120527,0.6125645114095413,0.06469990768827993,0.653698276477481,0.2588611393909772,0.889949142597991,0.7079247883545774,0.9043031374553916,0.5297825989982435,0.8621704804137791,0.4942385099994236,0.7795595206153675,0.4067154850669009,0.7607191711383492,0.14736819145615132,0.7955910861382431,0.3623575002491418,0.91698823541085,0.7628864113402347,0.891855904161009,0.7090416975028466,0.8912137156686825,0.6165163727859967,0.8857623039904359,0.5110811693922858,0.8437109677216115,0.1612090680705615,0.9478003985238128,0.6105184443535653,0.9712078174014125,0.8200457738516371,0.9327681268034608,0.7276443184010769,0.9713873714463012,0.769288340206166,0.7174860439819963,0.6226991841099432,0.7133423669338251,0.4523104939783505,0.7746895123702756,0.5981240512229441,0.9072614747031081,0.7359752482210613,0.9009746614648008,0.7107591126180666,0.843232378347513,0.6687018351311518,0.7417588427663352,0.2891738913408701,0.7224336793290279,0.1065464299666145,0.7455640424014508,0.3239041119428936,0.8477550462699824,0.6989901104586814,0.8800241223655769,0.7009432555261642,0.8509170804864261,0.6249448240642692,0.7978077002004873,0.6458620643228508,0.7787587500115475,0.3384707417560374,0.8163522170595165,0.6386617563785417,0.9003065849575564,0.7431466066996953,0.8789491953436372,0.7030743594849919,0.8886877829383903,0.6963326047399684,0.9176267519449511,0.6614548472700362,0.8491241582727571,0.34739397098091895,0.9239931679643937,0.6876318566669439,0.910163961250918,0.7739015363018005,0.9075920566868749,0.7407225041249957,0.9340439031442965,0.7678079812016275,0.7461750454908229,0.6131258005895333,0.7091411268762484,0.5189251915998886,0.7505968779158814,0.589732659330717,0.8285338672009145,0.720235803013809,0.8539159825531157,0.6257388644465374,0.8468044994827014,0.6657308902887737,0.7189082549622184,0.2528137631363264,0.6838912200014514,0.0015645489640747645,0.7545303342515127,0.25490102241393897,0.851407853282747,0.7604210937088058,0.8773515430270122,0.7095949004459096,0.8301054654507684,0.6316058404164867,0.7984173828776949,0.6267617674773697,0.7693561782857394,0.33275081589637695,0.8247928516728781,0.6539544913708073,0.859960395396109,0.7424794574046261,0.9064971777179709,0.7735793746349631,0.8671144989974484,0.746222170869842,0.9084921397994444,0.6775043705732762,0.8269820755257067,0.1716681708448395,0.918248700144751,0.7057183601629534,0.9058481886893112,0.7755270516185814,0.9051502514421161,0.771277762884971,0.9122595186257836,0.7802423955921461,0.7815349605950325,0.6285587958470816,0.7308315953712913,0.29919119074894474,0.8039060254605616,0.5728298559420685,0.9125375841372924,0.7173573703232992,0.8756093689151285,0.7035383622079434,0.8631364586088168,0.6656813735500338,0.7807430189392024,0.22666574655369845,0.7496016447510166,-0.029278246728371666,0.803567003729514,0.4164612374434315,0.8931600172184399,0.7406158408600195,0.9018644635424453,0.7122845191757167,0.8970363870012444,0.7187529091694276,0.8238387325035555,0.6260186658812337,0.7787906679643453,0.22640716698901556,0.8617450686989422,0.6645366689388084,0.9037565887986087,0.7751561891072356,0.9327423998393496,0.7701479940318935,0.9098961143328327,0.7464521037775146,0.9233059126418212,0.6016963537980409,0.8675606950655838,0.005156838968456705,0.9397664295084581,0.6781680476405915,0.9249056046183868,0.782086006931616,0.9253386180541026,0.7788316023406714,0.9253180657774714,0.7776104874596741,0.5652167237836092,0.6654266641370582,0.47628152776284355,0.583463930996742,0.5126335914352154,0.6497871557277057,0.8293644076180977,0.6715873860548188,0.7926855147653692,0.5824592737953279,0.6562948483973408,0.5847470674997836,0.2926863576521682,0.6471869714263905,0.22899509954988012,0.6966986156663388,0.32408663566134205,0.7201261892615031,0.7930983367136109,0.6343313864390726,0.8078444971217651,0.5898944865678322,0.635283143873544,0.6353857345269613,0.627684146093282,0.6093152097084634,0.5370126395621168,0.545212258264798,0.7002123464162526,0.562795301471297,0.8329253039661586,0.7069481260584692,0.8361454638641252,0.5563733620737799,0.7960704699373575,0.5228128552665618,0.8300379286704613,0.7440439546414609,0.5534751422256275,0.505555536139866,0.840943463594098,0.747848716331995,0.8997097555600808,0.7452042545472672,0.8475953367878852,0.5883759990767568,0.9028813387607133,0.7446124777192678,0.6308130487209334,0.7169282919086406,0.521557360416394,0.6657478541627239,0.650050207986644,0.7612410291251803,0.8177269097716099,0.7394928051823086,0.8036872876002227,0.523888016135963,0.750175840335036,0.618791826483839,0.5361463849033258,0.5733832866982952,0.3532407292642785,0.5932437947323157,0.6049935080245713,0.6971289048732026,0.8199205694253728,0.7422922023941485,0.8218531093203618,0.6934105873316694,0.7355425078483858,0.6276062436755178,0.7519780205749894,0.691820504024486,0.5678485803034196,0.5571154885947832,0.7519305183709928,0.7189727456122637,0.851596894942685,0.7334372695461953,0.8660540942114464,0.555417563480218,0.8325224178635214,0.6992502785875196,0.8223714555934903,0.7340596142290766,0.6491238911812683,0.5024055464028444,0.8462690918579098,0.7421136819879499,0.895816265763979,0.7815423215463112,0.8930895053008859,0.6755634251543534,0.8830384571993104,0.7098732098394072,0.7580388815849753,0.7974638437269633,0.7263405430548912,0.7042673385811734,0.7904268869531629,0.8246773518110221,0.848328867649049,0.7205544901877128,0.821941177759518,0.5670258454408413,0.819291371408477,0.7101827041738571,0.7576336300704419,0.771825719612294,0.6991612582924909,0.560713763165487,0.7389391649260731,0.7812207112924338,0.8546808015980064,0.7796597947786343,0.873167816964235,0.6802767892718518,0.8308359575575932,0.7697787954662438,0.8047332974201975,0.7677827619579906,0.7736967732449733,0.725695193075673,0.773832569610354,0.7311662113098233,0.8573826708797642,0.7633729509132402,0.8761912026258735,0.7405570066624081,0.8297789027398188,0.725702179486326,0.8892454151654045,0.7714956445567107,0.703262276386192,0.5619524678255099,0.8893716762854174,0.7726218822908418,0.9019050450724552,0.8078587881417915,0.8974829931423115,0.6614850871910531,0.9296636906198237,0.7874836452431234,0.640581029772202,0.5586929282719145,0.4936204982618712,0.5796940563681097,0.6731772912106162,0.6520853327878102,0.7959965525012488,0.7130657951315507,0.810577607532094,0.5032445375749399,0.7940547505307693,0.6517150367467666,0.5727337386024511,0.3958821974494555,0.28196378076272893,0.3718577628591416,0.6564045413980735,0.21613658866326932,0.8214980638134519,0.6426137657881688,0.8304840141233639,0.5134512476261006,0.7712806874128315,0.5998821431626277,0.7161112243847072,0.5919597011891538,0.5810067039334822,0.5234953933581056,0.7675823704509096,0.6181599129048034,0.8548541254836322,0.7037577521028909,0.8353945297988131,0.5721178871388899,0.8414191174097427,0.6680440562109331,0.8664297031230238,0.5509495035249636,0.6394605798565725,0.45678600495611127,0.8770906191448424,0.6696872114287578,0.8899723050445936,0.7550138790713647,0.887001061136959,0.5350919730922525,0.9213317852822235,0.7674178799103201,0.8646965403714311,0.596428159838874,0.8498512005873512,0.5701716791553528,0.8644118814208143,0.5590843412851265,1.0580245173872767,1.0422450901233253,1.0507621115696415,0.9631084293565143,1.0224031729381688,0.8252181757599802,0.8895093313053472,0.7639504742027041,0.9110456529817503,0.7214817631505219,0.9198358237697819,0.7855762464020153,1.047990328739025,0.9881236204796321,1.0591159137794433,1.010977527311106,1.0224609464567789,1.0017986290819394,0.8841084853226336,0.6746362442378282,0.9209674770858415,0.6274444802786926,0.9380379119529024,0.66438692958207,1.046516913969856,0.9644510284837778,0.9814832500505026,0.9965225770269386,1.0123589695475594,0.7947641380949372,1.0100417147814995,0.9111855110829136,1.001980576435688,0.8081846404563753,1.018734469482657,0.8726207424430211,1.022538073972816,0.972753527620949,1.024196346277035,0.8975294465800469,1.02383890000531,0.9072423034452065,0.12257135375658645,0.4161369553279751,0.14342353485176507,0.4137835092535894,0.2237888548201165,0.48155715936419846,0.8878849820705722,0.7681670872011721,0.8902976474606438,0.6135497154969309,0.6598482371833587,0.5846990034655674,-0.1382621828700632,0.44961550024951,-0.05127874680311592,0.3505832038651584,-0.04124221977604084,0.5759599890067609,0.8799055495866591,0.704994111230399,0.8978565749529055,0.789459789718293,0.6464021205265437,0.5811610346836323,0.5795658976061766,0.2556485648296245,0.5120165344332961,0.2666159983610149,0.6622717790303397,0.21695872284327797,0.9002135656525766,0.7781451733054888,0.9016380089523821,0.8021373386714141,0.8286728580250232,0.49563317026519826,0.784787510463005,0.03671087922827058,0.7019572712841472,0.23432297729591525,0.7777629299718818,0.27063983222222315,0.9456482209502053,0.8133773899868347,0.9467435143864763,0.6578772820034395,0.8844078448123945,0.537931025281341,0.15347102191372827,0.4655245205133323,0.2671055053595506,0.4053253040936431,0.2591382057096526,0.5657848434968445,0.8334828518855093,0.6795535704458555,0.8591522951429647,0.6695455951650296,0.6986830952564542,0.6219018353026142,0.10134685864852395,0.5386060086923578,0.07183554581910806,0.5244446431871298,0.11587489989779678,0.5843123226573643,0.8405259029129933,0.7679433875514581,0.8675723358371791,0.7788877324620131,0.6439520487977217,0.6609872047097053,0.6027576672183442,0.3125222447425372,0.5249917303049401,0.21543352801676363,0.6435045460248755,0.32874952706592664,0.8860186059206591,0.7929132524330935,0.9133744415390633,0.7828803145113444,0.8385532313981846,0.5600527074832657,0.7742992028333223,0.19349378813190765,0.7494920759244805,0.31195788094320026,0.7639463517082772,0.4252658835826787,0.9626024418047349,0.8150425591318297,0.9455716513742668,0.7726884156409567,0.8830191553069768,0.5755445450343221,0.327113922145766,0.36697130119054266,0.3213131185054065,0.26842202369733015,0.4154189294959428,0.3949049162320607,0.9318531080111386,0.8149136240889507,0.9503192079949273,0.7097603728232007,0.8187571858353211,0.5217691747491824,0.27248182467722004,0.5780480663817165,0.4120162412981837,0.4816823828202416,0.37787637424438203,0.5840321926092416,0.9148457481204034,0.7861965310190443,0.9519138070137099,0.7746345427755649,0.8367100217273075,0.668047219364308,0.6693150081111816,0.15962237878129054,0.626937586547179,0.3190417323254995,0.694006401105252,0.23439267309280432,0.9386099617468193,0.826092234432373,0.9463996413103082,0.7842758100732415,0.8719249189828686,0.6058265658899468,0.8881242616967717,0.023402883232986265,0.8215121977126512,0.35520441742247644,0.9029406379221433,0.20739556968218018,0.9441397134980256,0.806665728204908,0.9699489316698887,0.7702032972398095,0.9802391619575366,0.6949355905826134
18_5,1.2296053271600798,0.9299130718351784,1.212096781868184,0.6620498820052453,1.2425215385494832,0.7583116314314804,1.4635391358418357,1.2971268259845699,1.4445235906388272,1.1647056925968524,1.4100134119232242,1.0855972639034324,1.2144758882932423,0.6549661949961254,1.2231725194640644,0.6420956715545865,1.2421071065666474,0.7513810366859371,1.4401582240217388,1.2652930798285977,1.4475477577403353,1.2167947361582712,1.4328056251196035,1.0547983553010263,1.3293497836634178,1.0081187018762683,1.3033606717447637,0.7076956283861534,1.3530367662847733,1.0016240660656408,1.4766440946681265,1.3071027993201654,1.495187578518931,1.2513300242287215,1.4764891039715817,1.1356567553422257,1.4622286532655295,1.1705623280192228,1.4235190558626272,0.5594842814197315,1.5062873199866078,1.1585446483349433,1.5177849066107343,1.3668042524392177,1.536454228249713,1.3802385888002555,1.542248345491895,1.2813681238762586,1.3282375269245041,1.1640167887381434,1.287574934002762,0.8714219804878321,1.35433468568791,1.1745657489066121,1.4352103069080402,1.296455204915833,1.4566279150826797,1.1988327564532344,1.4011315462028644,1.1584735287719805,1.3307300488947105,0.9488170648239604,1.2860001055065204,0.6248675478453555,1.3555284594481387,0.9965779852989273,1.4151746255317768,1.3289186692536152,1.443287465602041,1.2795490050314517,1.3840353521588686,1.194513160523556,1.3797135020981834,1.1529290794452955,1.334974568509694,0.8741221021990382,1.3819010794454543,1.1824034171152322,1.4711325483409783,1.3162992792573365,1.4545968027635245,1.2355849389977387,1.4402196087336911,1.2750375621423986,1.4834153311614706,1.24803321219792,1.3819655099502257,0.67797216064078,1.5053663448880226,1.244884455390683,1.4805099280488219,1.3542534800010952,1.474743999481743,1.305181046965007,1.5155909648256578,1.326637595159114,1.3274645969721428,1.1735124426916435,1.319169858515003,0.8553423681053363,1.3183910650232233,1.1549789086006308,1.4646763179895674,1.2701025644105035,1.4442485342292017,1.2092360196329934,1.3908386953088319,1.213070217075173,1.2945859805047033,1.0119425617257436,1.2942796847516511,0.7064004543349751,1.3362587284066647,0.9605658554795259,1.411532909160386,1.2828183713021089,1.438171318139776,1.198176662388329,1.4064985668577317,1.1846609703228332,1.3548954183150361,1.1892568019983591,1.3388880510429677,0.8528815579563441,1.3847553467242857,1.1719893813889406,1.4674854765709702,1.274360367759239,1.4533771427516784,1.2781217099409559,1.3948164404790218,1.2453325023930364,1.4661393300193692,1.2269016900666883,1.422466333416294,0.8242720641868124,1.486219109470249,1.2665825496330654,1.4931295759576875,1.3193710100131522,1.5121835610160343,1.3280956167388565,1.4891917002496438,1.345715319457629,1.3437007765126083,1.1614753631765873,1.333438329567667,0.7695702134884431,1.3602434962945205,1.1607465171240938,1.448919985308738,1.2795239453856153,1.4320408105464437,1.2514492018213168,1.460809825721869,1.282511024050583,1.3563942106007376,0.9878291479535876,1.336110066570636,0.5541901693877529,1.4013271788060553,0.9856811011713716,1.4518348856765904,1.340951759613608,1.456922946348853,1.286976478230007,1.4446754055130866,1.2331429554859774,1.4018781296509206,1.244618865989571,1.3626354308140787,0.9219027063771745,1.4450686938165067,1.1761007123392235,1.4839884510491916,1.3431987612189622,1.500869662668258,1.3110059941380694,1.4493526508424868,1.2910286702583897,1.5013906006775737,1.2513002168477385,1.4368489984592194,0.7650452984752466,1.5328762218487089,1.236243501859997,1.5051437362018525,1.3718998528641513,1.5505708525161408,1.3384265399725341,1.5017426118031703,1.3340810318175769,1.055246525879551,1.217820976490418,1.0496314977369339,1.209800380557873,1.1563510697313486,1.169631981330647,1.3845027240143972,1.32155235631899,1.3432950307506952,1.112284143700635,1.212580814747065,1.1352846711842566,0.8713469907328117,1.2641127578829559,0.845301341981427,1.1194040406741532,0.9314940105643478,1.3301573110668794,1.3244582689573454,1.2192695805839444,1.3402445141093045,1.108307438698857,1.2087053509080985,1.239428677502013,1.2097037649931937,1.1850335559191179,1.1235706656771587,0.9848118048067482,1.2152700575111028,1.0597572002551552,1.4103682936180464,1.2284039801468996,1.411680399333233,0.973188066115635,1.2896016498512795,1.1788575920420366,1.3923617982398004,1.225365090624023,1.1606579566766786,1.0939988779589964,1.378980947130667,1.369447619417313,1.4133437243800016,1.299746340735116,1.4704518781066946,1.2353133932944143,1.469013663269376,1.3130930554010727,1.1949621223907514,1.2553823620887088,1.1054254124855551,1.194257295923169,1.248505694349748,1.211341085313774,1.3791549884686174,1.2778087332691248,1.3515149352649167,1.029122976974111,1.3151984159951546,1.2303936758479177,1.1286640646752448,1.1756022201022722,0.9957889246467732,1.0846279572163497,1.204237322680062,1.040770472957568,1.3707189134440572,1.3250341443468245,1.358139430398359,1.134243223127847,1.273742870870982,1.1399290279725225,1.3156689238672827,1.3160048491521044,1.1794365832825933,1.0726618440609552,1.325015519313594,1.292507215930645,1.4341979367811322,1.2993893186137284,1.3883713324274314,1.1530460983145663,1.3696999750378047,1.2250615421917304,1.4281097628616612,1.2419411223652106,1.1564918823941992,1.0729851415648288,1.4131671963141683,1.223611859255597,1.4394631790623589,1.3159923086106557,1.441966800462402,1.1164642787357244,1.4620630262085754,1.2925427403295582,1.3627060401965811,1.2913641607241648,1.2330414652975612,1.287612511726368,1.325081076927053,1.357794288082727,1.417500825590199,1.2977029697490174,1.4003760625479995,1.1934019271312315,1.3822199722940745,1.2948970586200264,1.254955281308822,1.2141277264018824,1.1195777240682894,1.153653654439303,1.3312454079580283,1.2434270487832024,1.4464257069870177,1.3045783214832842,1.4051552302157628,1.2519107559112248,1.389704638412247,1.270150844992127,1.3426362200717255,1.2822453232397961,1.2771051086795047,1.2552744069301713,1.3980631681586422,1.2871690181330744,1.4273516315159491,1.3033993099487224,1.4224890090821982,1.2683185876401128,1.413916306572723,1.2651865844006744,1.4692866479102822,1.3170617608700153,1.3150638047844518,1.0358039306361484,1.4809371662068949,1.3528368375561641,1.468061200104282,1.3514037520834905,1.461759598916391,1.307207845863074,1.4658608775055268,1.3105476032083119,1.1778144176220984,1.1412616046290593,1.0826244173603627,1.0498419346947843,1.224509358417579,1.1710372463678258,1.3928635115582046,1.1771313989062806,1.387152283485579,1.141161181956697,1.3454109892637234,1.221935831865467,1.1693589030458267,0.7822502478344318,0.8665515275461492,0.9131240314079659,1.1892555297871061,0.8709420306291658,1.4130191601193254,1.2432603564140998,1.387995990646268,1.0708538142126907,1.3471573516997883,1.1894740073535388,1.3075715699702237,1.1909493846763586,1.1417844175453546,0.9721653265548527,1.3426299320542003,1.1712330932975683,1.39032898864553,1.291058698968169,1.3870692886199851,1.035393421333811,1.3749832184350468,1.1838150448715608,1.4480017704749488,1.1771868259705063,1.1996330188437572,0.9686500009355418,1.4521363105536944,1.2428568042964196,1.462312620071023,1.3329220072831944,1.4586973658859526,1.1707848328881185,1.4395017529657614,1.2812845670009658,1.412873658470497,1.1135600053392363,1.4317655107876703,1.1702130538558717,1.4181090325289625,1.0982858163943245,1.6476527993898589,1.5138141410594643,1.643830486383377,1.5064145386171144,1.545496648082632,1.41480487416591,1.470244257441672,1.2696341635562276,1.4899842555047196,1.3198169638042,1.5141750597156283,1.383951195535417,1.6601697107375246,1.4757096948895172,1.6481593857219863,1.5545652167410031,1.6151531822383598,1.4875937656464855,1.458685229983302,1.2552190717147136,1.4614723652637442,1.1956800113332637,1.5090092094026313,1.2626278242977278,1.6212958238247472,1.5147895737065038,1.6399723925209444,1.4800277363698637,1.5654076487963962,1.3855334374036565,1.5551652552530655,1.468103376088675,1.5507116843733677,1.3778696176846998,1.6129853256922184,1.4400370886591616,1.5901916074805245,1.4523370103949353,1.630657713643469,1.5000297240800606,1.5903567562994498,1.544243681306556,0.76296786487325,0.8133031449803596,0.8056016611977864,0.948689027320853,0.8611025143112078,0.829800028045694,1.4079266101300547,1.3057869661173942,1.4018661808537467,1.223942494991808,1.2172944681192148,1.0677432069123525,0.5915981492677891,1.0664102086740246,0.6591653560273522,0.9558782665401832,0.6400998767910123,1.0545822795720885,1.4626330525143332,1.3431252527107478,1.431831772461992,1.2902515587918961,1.230256890815222,1.2297788357188408,1.149763080841567,0.8603901133975465,1.0840032192049243,0.8136079129707616,1.2190064370016513,0.7878348361257869,1.4500253058660035,1.2715588688830255,1.4619365946410892,1.2963944267389746,1.3718933303455192,1.1379945367924995,1.36596447010338,0.5480394088995509,1.3022792659507312,0.8170610215318916,1.366589001987236,0.7536827112830827,1.4877709425008663,1.3306738244609806,1.4577493427981272,1.321753118646127,1.4847428582209472,1.064996827024784,0.8820921607045902,0.8970420489930319,0.9223746378240856,0.9304618971348416,0.95285275954111,0.9970016579634899,1.4578855815943037,1.252751972611196,1.393719472850107,1.2991034554953675,1.2069421330107901,1.120975449316329,0.6090966072737044,0.9799664598956174,0.7347593967180435,1.0923224395600308,0.6389076980301175,1.1752684433458656,1.4148956206373027,1.295070118917087,1.459029705998613,1.2811651040552148,1.196824799944633,1.2048458052589617,1.1945990389002563,0.8817412957224278,1.1160073929241041,0.8924899459054455,1.2018433386040999,0.9387924561540817,1.4663356880127179,1.2817140518499217,1.465616545291859,1.2302706134856638,1.3717749818502059,1.0828954259650123,1.3528034683533696,0.6789461079870253,1.2902418442705645,0.8082963598367757,1.3396072369426597,0.8868271389115305,1.5033682395895036,1.3158407388448365,1.5132589248039918,1.3133601981089638,1.4420783784783857,1.13450218272793,0.9385690500529569,0.7897517817441819,0.9444792608671246,0.9171546766823979,1.0278408850567355,0.8135371619008572,1.5059521256843833,1.3245017295683998,1.4939034190615343,1.2526195947634684,1.3997677509790296,1.1826260959490849,0.967470344215117,1.0365810542380138,0.9820921671000992,1.1047522261952543,1.0000044895915454,1.1101512466974028,1.4656667924190108,1.3158872690209715,1.524469770853875,1.339405907410496,1.432955947093251,1.1764338416964988,1.2508298482829237,0.7872516876006893,1.2019978626346541,0.7753112145926145,1.2919264572413693,0.7440709115458641,1.489224489635735,1.3110916504985821,1.5400313289923562,1.31796919637285,1.4195182177323729,1.1487204449769186,1.4565110451210794,0.668840145671101,1.3924127613462436,0.8533729376955027,1.4724510333148393,0.6921431836196626,1.51628627933412,1.4417690199572106,1.489705865352049,1.3645220220192118,1.5182257324282245,1.207487084133206
19_5,0.9270478380569929,0.8197438699323731,0.8949174894435512,0.7965076393622338,0.9750605310581517,0.81928256443501,0.9797928061712053,0.8587188948276012,1.0010269779298848,0.8642799462219859,1.0005762729874244,0.8295972834360189,0.9008750995988569,0.7901500459479297,0.8769532413080392,0.7839318105429434,0.9182802864728277,0.7852891264390641,0.9818180014426544,0.8525048858292303,0.9811831434791923,0.8565539469907669,0.9377444064956804,0.788211468744263,1.1031306471685038,0.887077094102829,0.9704414582023746,0.796928614731311,1.1148887941647652,0.8469482080023866,1.0223716698384713,0.8903542365023037,1.0054183395844514,0.8912745340044979,1.0056692679992996,0.8727318161420884,1.2971382366441022,0.8394926906856383,1.0265910088889134,0.7865910320375042,1.2398413176924896,0.8541932932542694,1.0474836028311512,0.9344215369908281,1.088800942987865,0.8561484252519237,1.1100339596905853,0.8700861851796479,1.1162109630283483,0.9109963631456542,0.9846448518757197,0.7995090962568309,1.1270560145230892,0.9128981940590839,1.06245157517938,0.9001243509747683,1.0404201685621686,0.9117190218256164,1.0512735348091873,0.9322779118940973,1.1124786419329877,0.8368218205190034,0.9558210632508216,0.8195147948093744,1.1047666859168612,0.8520326603917919,1.034033973512019,0.9074466101993978,1.044442324062369,0.8795595164335342,1.0694214615388167,0.9067061636366844,1.2379706315364112,0.9507636206587015,1.0272703801029908,0.801267863819108,1.2132509607749848,0.9233906721167179,1.085957836242567,0.9090693571785435,1.0531983562224723,0.8958210062273312,1.0979456431370516,0.9383287724973957,1.31730338439707,0.927844574663747,1.063246989044427,0.7878899860684351,1.2940418066744523,0.9769983856445185,1.0833393230266575,0.9377283348772453,1.059453800075769,0.8890882627785812,1.112293358421435,0.9618768221162634,1.1155849505220232,0.9054618393766684,0.9805621106027667,0.8318950608906089,1.111888166519631,0.9096593517938609,1.0256749857385226,0.8987741493179787,1.0334361710990734,0.9161157168209245,1.0456782376815075,0.897572653826241,1.0696355232857775,0.8479795278672998,0.957549557988367,0.7911788768584156,1.0856728969104363,0.8451738472888876,1.030049839730294,0.9019541456529327,1.0254989002739328,0.9061633120576583,1.0509865039165163,0.900560514729372,1.226184112509737,0.9356210042324402,1.0277802420573545,0.8252240526909134,1.224195264362078,0.925175072278353,1.0565898799590596,0.9287823122552645,1.0652849890801748,0.9109734371284924,1.1147248535877536,0.9438984281089586,1.3361850171925513,0.9375389547814288,1.03371339539757,0.8142632161476026,1.276008016163328,0.9468031726037798,1.095996649024207,0.9311550721609719,1.1081489584817803,0.8949459962391624,1.1415877715376683,0.9310362044183376,1.122816405149892,0.918546406697398,0.99180336722997,0.8210831640882721,1.1527514807477965,0.9265260446053087,1.0473715249194355,0.920465127089729,1.0318767251417775,0.9017236482242921,1.0476579086182094,0.9411424165517965,1.1168999481156503,0.8409966754617487,0.9679065452387622,0.7932283649215458,1.1384400518740587,0.8670634081900168,1.0329376517034592,0.9084109852862511,1.0439938083774445,0.8893455736743764,1.0496598036890628,0.9269319250078594,1.2489319865153987,0.9638890488230151,1.0257494345550353,0.8050718362074493,1.20988898755214,0.9551071800435079,1.0659930364221535,0.9122754392301912,1.0612165826127882,0.9067933570525456,1.1058507815445708,0.9239415489433193,1.3032263509655104,0.9331965059572841,1.0514256414686476,0.8274024219453529,1.3098057857588072,0.9819638503726039,1.0846194228728592,0.9506801363225422,1.1003768299336616,0.9040423785151502,1.1248496900202525,0.9741576030376617,0.8538773800991348,0.8385708448089737,0.8468644480377888,0.8563713919955962,0.88048910355676,0.8244924430990046,0.9683557471785273,0.837789307225565,0.9528780656250856,0.8392523657805134,0.9049220683203273,0.7988984163990444,0.812894312285323,0.8385837504127308,0.8343962137070279,0.8431274945950039,0.808465177614859,0.8634254868195632,0.9530469907332447,0.8581352707458665,0.9221308942038756,0.7961610517032477,0.8497961894998688,0.8083408078418385,0.9801492657536248,0.837162366558652,0.8604736016254521,0.8296135865602527,0.9930856131921899,0.847129531270769,1.007789374973793,0.8570231638065042,0.9820695320159745,0.8588876024006045,1.0041999475766068,0.8261019267819422,1.0556942445053694,0.9129437257907659,0.8689958446094336,0.8270524367351823,1.0719011894673351,1.0468121801221835,1.0437488400275627,0.9174548231133337,1.029987737546497,0.845622867057613,1.071588886989605,0.9354818245395607,0.9517945007628036,0.9044881730791869,0.8619231652958075,0.8251137962007317,0.9842812831756393,0.8629001057454933,0.9888961191963117,0.9011613535181081,0.9885649271515962,0.8641594704916709,1.0001231651039133,0.8844914389313324,0.8863322644671201,0.8169255402970217,0.8324282821395592,0.829255084587085,0.9486127640156792,0.8397488228063678,1.0005222923479142,0.9123055614031279,1.0029775988034584,0.8466167129895475,0.9828232533393151,0.8726939534701413,1.0665562227786662,0.9193845759873526,0.8748437572182398,0.8177643644091993,1.143541320422887,0.8969628532138855,1.0244026531598298,0.915127949962687,1.0362875999922032,0.8748366061281803,1.0668552757595584,0.8956133772889184,1.2183543916732493,0.9097957634046887,0.8642470962214767,0.8347212509706502,1.2399956720329655,0.920792350142029,1.063141640161406,0.932911594710252,1.0096048934970452,0.8510452415733153,1.1295994178628745,0.9546979384465455,1.0446586505170379,0.9183731795153167,0.8923288193880878,0.8502066954760253,1.1040603769622965,0.9193710376454636,1.040243242295668,0.9354016266499198,1.0250770508193376,0.8643641285970485,1.0520532038933177,0.9097055656832674,0.9998931310683495,0.8706917730992628,0.8657474948417114,0.8514750677089721,0.9847597442233607,0.8691609309542819,1.0676300439186328,0.9330225672416255,1.0242249181564773,0.8769664850693557,1.0609935982722543,0.9089796856841496,1.1981067856576018,0.9618661712597222,0.8949177873311204,0.8530545799768066,1.2136469090168336,0.9491472122553868,1.0628498528988573,0.9221067817460702,1.0626669475441188,0.8995516599354563,1.1053911126041727,0.9428940075893325,1.308867513516471,0.9244227745636375,0.8921061789868975,0.834263504535434,1.2660042784301018,1.0018497184579418,1.099519283391786,0.9482851332279751,1.085555159973816,0.9208358788719644,1.1568019348325018,0.9730892802071295,0.9588241562028956,0.873018276383179,0.846652775344929,0.8048219755000857,0.9984541884126851,0.8623080982758139,1.014814930879997,0.9029055264718409,1.0066571145335115,0.8314476572469252,1.0075712908934407,0.8729966219561655,0.9276891229032458,0.8265052393813898,0.8128868446276611,0.805605453961638,0.9695735684561938,0.8244728547004584,1.02463267855168,0.8793201585047139,1.0176685371024972,0.8398496963467593,1.0095394723604083,0.8578124402999541,1.1194080008774636,0.8796348221079087,0.8483296947808078,0.8121695415532981,1.1485849355274143,0.9156515343418838,1.0457667517954456,0.9114283936449917,1.0231899041164145,0.8529717240448549,1.0566832753864535,0.8924692858904253,1.2475695344460158,0.864658991605781,0.8626195733493873,0.8152954760167493,1.2374946465440997,0.8957426056499836,1.090505998325292,0.9525704083808059,1.0629133917900064,0.8752770977285153,1.109137923014211,0.9109043217983485,1.042321153270499,0.8647774979341438,1.0244425425399561,0.8463986195710297,1.011873392527313,0.8601540116238043,1.114744211994951,0.953924240218649,1.0913609393714956,0.9200478350687138,1.0407947413754988,0.8532054075093112,1.0821333434538145,0.9639460575390504,1.0708990297355827,0.9694960196506581,1.0952349173444809,0.9794658736194235,1.0891274338044938,0.9852397196394618,1.1005906331828177,1.005372996392376,1.1048785948582693,0.9769547475038929,1.1779925064818928,0.9171874185359854,1.083016834443841,0.8628329244076461,1.2037260795100708,0.9122342049771944,1.0901974614881453,0.9380202303296347,1.090400531559273,0.9532491465441355,1.0831186750092652,0.9029175763049633,1.3402828809651415,1.1624620571417525,1.203393308350048,0.9691276310046427,1.283462920055296,1.1071221012028236,1.098491315400148,0.9694995687586894,1.1353865129282483,0.9988441754174284,1.1274075817929659,0.9739697715578287,0.812852253605382,0.7956197497851777,0.8066475934679834,0.8002068006478943,0.8259477448877887,0.7797126095006457,0.9166667122226203,0.8570492330302253,0.9264200000332498,0.8412542332589092,0.87666118467822,0.8072822427704583,0.7940200400768611,0.7649932415868049,0.7812364098045592,0.7643388587769587,0.7800368375923026,0.7798625080590265,0.9160599205353586,0.8440392811899414,0.9450322855351703,0.8280462324495226,0.8849470856687424,0.8027962615439541,0.9181085581378284,0.8248623902354834,0.8434561499208136,0.8009666905593625,0.9722722239661858,0.8263499471567569,0.9969841568986874,0.8699668355144728,1.0049463262425,0.8615408797257358,0.9714735845669479,0.829509025629763,1.0716603048471023,0.8121403540346298,0.9400835356134042,0.7935215468918965,0.9755232329801206,0.8131550125916395,1.055343031020129,0.8983550161472301,1.060666394559418,0.8607416356768576,0.9916726913237115,0.8232440576370609,0.8418800493827433,0.8286742789544627,0.8063111659874951,0.8040217246705875,0.8563883213690149,0.8432152396023992,0.9165561562432245,0.825339033389734,0.93171194013805,0.8090670463193687,0.8742219799518268,0.805393406661407,0.8029939432345813,0.7715540194767462,0.8011520277280012,0.7859372351757112,0.7980495458612458,0.7914226628234774,0.9174832553629004,0.8422537222394122,0.9427282058964672,0.8153888243666838,0.8656717394689356,0.7899146611470593,0.9390800823213522,0.8328914175951403,0.8734058776843621,0.8132562198360207,0.9728723629898353,0.8439194372982034,0.9673662726743262,0.8766792508107595,0.9979273181509853,0.8676993962454134,0.9951245540478765,0.8405681255414751,1.024934270037641,0.8147298724847876,0.92976165255037,0.795770056582291,0.9782882456083325,0.8046013663182756,1.0544062790295077,0.8988612185818259,1.0622985536178167,0.8992427343231885,0.9974652255948444,0.8236001865109871,0.8316453942470355,0.7932398645591033,0.810471997820211,0.7852099185572238,0.8339019989000606,0.8047785215000306,0.9313211345088207,0.8451025002608265,0.9412710896992784,0.8194543386659754,0.90334089980215,0.7925401965752077,0.798198667254963,0.7628170699110167,0.7812135121312995,0.7643750609074933,0.8052534026144361,0.7668269780565098,0.9314658793410462,0.840298405529261,0.9618799332901848,0.8556478607493122,0.9050810093021608,0.7906594530948052,0.9528640819938164,0.8122526290999105,0.8723110145444118,0.7961148053311436,0.9863377035982633,0.8231973392776806,0.9893687056671051,0.854495319444582,1.021910419968407,0.8340329653861511,0.9734967771479984,0.8535648469072221,1.0561014244173743,0.8287367881965213,0.8998787842324042,0.7894985825451357,1.038009677638699,0.8006249608660951,1.0587485147986346,0.875650702519158,1.0869875829388929,0.8837250872223837,1.0227267576647345,0.8130829475555431
20_5,3.0193000634987137,0.41458361316243697,1.9500221539985454,0.0600434923267414,3.225281902893713,0.29890141445998336,2.2790012790935212,0.008548694596430439,2.491083012719485,-0.09515680366937204,2.5889010279158953,0.0470241965256348,0.7860698290962538,0.13394350803952818,0.5960477299103178,0.24670975735553272,1.5130880395028377,0.1382926931064055,2.0905168130362384,-0.03513351019131056,2.3628319060121523,-0.13457508709638538,2.483994096510218,-0.15499401488924858,4.00179695259706,0.47045175297519154,3.3169558295763437,0.010116651012015976,4.069240519761772,0.4065610490938126,3.100544903385962,0.1345787741079061,3.20562473057569,0.05431099438781844,3.434662851618235,0.17365173180717938,4.510566784695672,2.8436211167092975,3.8288302124176288,0.1780011330801534,4.497610049629336,0.2544015272155752,3.7945105533106247,0.01726067585613467,3.703782404124374,0.0311736437664292,3.9488317065168337,0.03587452379180099,4.042798713196365,0.5466957528606199,3.2486165002050047,0.09822990186313431,4.117349159814647,0.4869768123480633,3.242139909360499,0.1735874147238497,3.249006119776882,0.03445033151369798,3.5235551494354813,0.18258925520355748,3.84038589539341,0.45759941482520766,3.103632966585751,0.08673581451016169,4.013889959285675,0.41308956960975074,3.171922160084452,0.13706334327493863,3.185735078852494,0.10763608244085093,3.636858280440571,0.18911741963281778,4.373239036039131,0.6384625890020492,3.7354716815801194,0.08098141854407429,4.37113137939313,0.5273215642330804,3.3838878951283804,0.20293221104217382,3.600357793811192,0.10938389390664718,3.8626970645708503,0.21831054872280276,4.653095847250514,0.5896223017629626,3.8666456932878246,0.12163811820486539,4.60880128344751,0.5994600167760875,3.879068914650952,0.19304777846643828,3.8812122044511614,0.12880295461761693,4.114653069164508,0.24784522230830633,4.016834731779958,0.5342030001752152,3.3061275675144475,0.08257808001386914,4.00819422976057,0.4701314257694272,3.1463538352261047,0.14311247479932632,3.2679096080865127,0.05070277034552096,3.542913423158519,0.2242145793597709,3.849969937652054,0.45659490088422033,3.1969380812734047,0.08590622357047754,3.919362735950232,0.40002152238350863,3.1623723196593168,0.12992205003805096,2.894100617356093,0.05052949121306897,3.3272303028657526,0.1918533781713618,4.354092484309219,0.6367919746506391,3.7577550116016054,0.07833588029175702,4.297652658998356,0.5499604003759219,3.440205879756506,0.17936909062180809,3.411370880520346,0.12540062363593127,3.7839273851851614,0.2389207764202375,4.646462394715947,0.6551197593243608,3.926263815351444,0.1475425603857678,4.619851710931136,1.1576177862970247,3.760914757988159,0.1836664237864317,3.827610674790287,0.12363177912312667,4.097545385652339,0.2360024731921966,4.093051621938856,0.5533857860002775,3.337521372826463,0.06625732426779106,4.19729966255413,0.488707594486783,3.3782424402881857,0.17513852477682657,3.2413228818792215,0.030918091944329432,3.5764501245592917,0.19955972816731438,3.947974600041142,0.48948543293683394,3.2842215367545617,0.13437113391524083,4.194149944955871,0.4334458598249626,3.2816373188460055,0.18387269799683242,3.3135260249983696,0.08268841024953694,3.442245020752191,0.20259011398603285,4.40502569737422,1.2826900347519052,3.8574638784771125,0.08635441643052533,4.3688686275628195,0.6000016684130182,3.542233449675322,0.19870345322149952,3.5897552411881795,0.11348079374096506,3.881170205275514,0.24396078815297298,4.678467860018235,0.670347802663564,3.990437803420723,0.0685951961539781,4.641761567623466,2.3446158652251365,3.8638795119238414,0.25418980769036703,3.802939771454862,0.14794876829190687,4.07830848323097,0.29965265214167086,0.49807351703344965,3.2122608518184257,0.3217812915113643,0.2058522691090863,0.505869556208369,0.17262999293993392,0.5475024078593466,-0.25863954410545714,0.555493583753322,-0.17194318078835913,0.5289222907487869,-0.0046366323274234745,0.2584329533377982,2.4195246438465325,0.17290101696799876,0.4747274718778181,0.351812600671204,0.7943388743006491,0.5186958976018435,-0.13919839878163826,0.5345025048242992,-0.049282661012484026,0.47895111091694753,0.12035120164797238,2.8489490377278206,0.3410013560261832,0.4584958930437314,0.18806537947829313,3.386073533496806,0.2325893201355115,2.5890769401754885,0.0717568585465171,1.997518287687374,-0.0549714532833592,2.877985752917408,0.11144482377539004,4.023063823005534,3.609606258323974,0.4703378264454403,3.0975954174525193,3.983776622159968,4.107025057879075,3.578569709114223,0.042072886066872824,3.335792402804685,-0.10701166662082269,3.7938909956060183,0.761655746578684,2.1426580451970514,2.9844388249967895,0.4393952776384149,3.0316295784290173,2.979855752515276,0.4219840679340962,2.5982392922865825,0.13142008290078716,2.232770227415993,0.003617442663214075,2.762016475014252,0.17333129072711273,0.5725736592945005,0.2522465742380216,0.38993022838452424,0.22532860291538948,2.246122410682689,0.334459428187166,2.1645366018958163,0.15918054711410184,2.235260076805686,-0.005104107891470504,2.6149785663187233,0.1933786068338524,4.022391997588609,0.5287855401669974,0.48662523701194516,0.20145131549613213,4.019908877169318,0.48449540717318723,3.1626350515426096,0.195134512512389,3.0134436472620267,-0.029856408927949975,3.527421104117927,0.2202784429611617,4.420914876781465,2.6350533603314195,0.49231339137781577,2.6333138744401525,4.49748351055636,3.098005240791967,3.704646460635682,0.23202947937328755,3.529516894609815,0.026223532471161735,3.900205853633332,0.2628331100615875,3.717567961119095,3.46266289265699,0.49647421672956477,0.265304438622012,3.776065789034471,0.4709071223115565,3.176170791600408,0.17641965939749424,2.9924482190435224,-0.028450705082543087,3.268283641221595,0.21170094585080296,3.129283435722642,0.445305807777141,0.45867772752795916,0.2688680186556854,3.7411200997049314,0.41541972394806037,3.2540760945172305,0.20485478778772007,2.8058746555541725,-0.02174372624447235,3.409788136192293,0.18832737034464195,4.159684309905433,2.206268515025898,0.5719585202657876,3.3451379568753508,4.311303778913328,0.6242570977138536,3.5549389497934367,0.20852294138044708,3.3905384446191036,0.04194595847733221,3.6718755673745025,0.274601263311669,4.595655416453648,3.357621447531739,0.5548916803103248,2.878661918749632,4.565993344649276,2.793994531663941,3.833347714768792,0.2495052797577384,3.7816855032585215,0.07808591663832656,4.168345323416032,0.29367913878767293,2.9948555898003755,0.46099414080299883,0.44028203491141876,0.19954439033178542,3.3550320215873364,0.38773500967769825,2.4980751944850366,0.14740925588392143,2.1011883796356257,0.004394664230339879,2.9065200879787443,0.18726651077231793,0.6151008366340162,0.31764524572515673,0.4068496096163807,0.23895107544037492,2.8291688317273906,0.36353972456716044,2.0733759470491218,0.15251935626870103,1.9580308905424775,0.019984860064686506,2.8781371127723396,0.1602629591676652,4.026774395870337,0.508257433762581,0.46338573587394133,0.22586103815466865,4.108572796597422,0.4665163921811453,3.1107511550077254,0.1776981349008058,3.0999787380994652,0.04072410868731349,3.633627099622071,0.22226731813678002,4.505535499458502,0.499077231387898,0.4674515413210517,0.17302458651045333,4.486751760832587,0.4698674193136442,3.591119756495391,0.21703907632888353,3.5904405312044645,0.028883574822088615,3.8827729178152115,0.2754059486682696,3.796557155534875,0.4487817443641074,3.779447459715546,0.26882312268189285,3.6629430558965574,0.35075367076804004,3.8969288273727622,0.21618231920474418,3.9005339023618752,0.19973336610240802,3.9985585829317354,0.20915487110870734,3.944882383198935,0.904591013797302,4.0267136318648955,0.35636762379636483,4.003614320489475,0.5231574585293378,3.960391534314105,0.23463076122294424,3.7878660452666644,0.2580296436552495,4.019624071371746,0.2492512393114851,4.267706776066715,0.5320440521925703,4.122876326937495,0.29407892638168504,4.283137258345371,0.4811846394248344,3.8017400937544994,0.2164045757463219,3.9041636729078,0.23224008229563042,3.9155515323346877,0.25303889966345255,4.651064355170264,4.101494746918377,4.421856475134501,0.4357743853645321,4.647981751353833,3.720368182270637,3.885788717603328,0.2697187987330572,4.170884158585786,0.25054419807749934,4.260754688255968,0.3269822694032212,0.48315964046351023,0.17815159425708468,0.4822552227158135,0.14082801214574647,0.48483956731463335,0.12580044992962425,0.5475833651798079,0.10405344678103709,0.778810108361064,0.11623559414546422,0.5100953542087626,0.09546550087546714,0.47451391465602616,0.3883978959225341,0.4795188883100754,0.2665906133817908,0.4694744524607686,0.4163490989573417,0.5536029280342702,0.1385517888860657,0.7391551109140926,0.061093210157002226,0.5003790799496521,0.14262342478321008,1.9815856342786533,0.3400263396395766,0.5309972131297179,0.13138813841195224,3.1321040183528317,0.327488108800059,2.340659584989884,0.12170081033294324,2.7221020804948624,0.1314338931281024,2.9378916276063687,0.15178993001549856,3.745459184420313,0.39147024988675144,2.319622716424436,0.21018180034711847,3.2640733361759247,0.3120122383994027,3.3973980407565167,0.19496774295920494,3.613523936151945,0.16427409405340795,3.493385608683351,0.1971515522099848,0.47185209303592796,0.14180712410597046,0.47380953906376955,0.12599637592517005,0.49002589099711075,0.14686058838102245,0.544167265922851,0.11538304867123758,0.5658321128730845,0.0727157044459974,0.5033972028149705,0.08075356514910532,0.4264281884924559,1.5144421681206448,0.41658478062789467,0.2498269252388504,0.4317336962165842,0.5595578041806503,0.5170453433765155,0.1472836746868196,0.6052406582081974,0.06361763799444001,0.5006621975485988,0.12714392758816076,1.716828978837557,0.356078696453573,0.5409162606369232,0.11652436462588153,2.837019387182819,0.3224586994680568,2.3908845036871877,0.11995463221473933,2.9624261866493358,0.13619584620793587,2.7436151437568728,0.1497943109722117,3.7187202445736136,0.375508703602692,2.8421016017502754,0.18407406062446702,3.420605392661242,0.3426247205861176,3.4542964166073613,0.17790874830207076,3.5550104305110564,0.16621570007964515,3.5297929790838154,0.18131300870934058,0.49640818723619506,0.17828920790473415,0.4876042365426846,0.19490077050721508,0.5016388156552359,0.17178540027382797,0.5794843352771748,0.1344214879287588,1.1456977101260617,0.15851307276895168,0.5618237584840097,0.14979280706974196,0.4953289076942874,0.46244293001783937,0.4924685362101432,0.23381596982738512,0.4882944794732047,0.3296091641654269,0.8173907263896991,0.18128380258017926,1.2313681792775186,0.1370567864506896,0.5277132355136848,0.17333739183940078,2.601018163403302,0.4147940029805034,0.555909559415454,0.2330589345702904,3.2928860388133807,0.36021926118779946,2.4450991615545647,0.13796229979504457,3.025216790977313,0.13391368822377758,2.8799153571408502,0.18005467763410857,4.054027898477364,0.46466477538778184,2.950827884673325,0.27210666145440254,3.9754440421764343,0.38084556139583753,3.654761705118067,0.20324507155236043,3.6536209650711227,0.16184080633153827,3.796098355553457,0.22682249475025348
21_5,1.6280321013876269,0.6871101249039094,1.7211203244075408,0.5286764690183741,1.6978699904357353,1.196098706624237,1.5311693623414684,0.6760260204150453,1.5588052281276301,0.4909984604422383,1.6298802930153662,0.49542623050535406,1.64186287296251,0.7005806814420747,1.6498597584177144,0.5621556935566432,1.4038997169709777,0.5141113934294309,1.5605392752460312,0.6212592021144832,1.5668919021058787,0.6503873382874436,1.517957034340901,0.3337124924591648,1.8215065443778282,0.9373282738607043,1.7862022535110336,0.41971633022830923,1.8123166335817764,0.5049979506402331,1.5735090333538628,0.8835760867098663,1.5935234632457744,0.6647293652281395,1.6638431595925265,0.6017249839902736,1.8656244366400934,1.3504051487174584,1.8379281398588847,0.3431126686912557,1.8546245290935828,1.0799520070142812,1.712052405730947,0.8415444837097255,1.7142054084711962,0.7481759317907403,1.7447463621622947,0.5362443398077691,1.7924882069839994,0.7423946213980859,1.4919825086730936,0.5187000062867962,1.797337137693828,0.5810885919876642,1.6951713383610172,0.885965387346307,1.602308533457488,0.7357222195175841,1.659793757549632,0.8959421834857529,1.71550279959041,0.4591406071184028,1.666479984851621,0.15092090240118824,1.7748717340389866,0.8511019659348432,1.6739025660642248,0.8321599114560378,1.663036268950936,0.7107980455005947,1.7410532000289194,0.7216532594413527,1.8484765899259945,0.5328000017021672,1.7025906066037197,0.49709307747748754,1.8271624924845273,1.010112304833049,1.6337432151251143,0.9457307244208231,1.6878945884478873,0.6308549455886235,1.66732496587153,0.8596165782168628,1.868920626132647,0.895631439735986,1.8588487048371294,0.5252416983978322,1.8696599751085274,0.910015255278941,1.6874044762636096,0.8916250969653069,1.7085248529510477,0.8308414038228429,1.735207402831485,0.9168505236620214,1.377534901497179,0.9226471108774714,1.362670862811339,0.6013323221560785,1.438853765729726,0.8919207830891663,1.623412095948745,0.7577043916066465,1.6368197544513785,0.8592195187153477,1.6001705864555906,0.7474593329241431,1.6063224447798992,0.560851948969595,1.3857542236696392,0.6483990692212979,1.6312847018259153,0.9368444127695412,1.5840790801002762,0.769828842255143,1.6332453382131282,0.4604275702422585,1.6190687632585676,0.832464240839127,1.8075076138882133,0.7191992274818274,1.7667107256534262,0.4195511647162377,1.7414137444789064,0.7592329358413303,1.6357980998694992,0.8025504151797599,1.617807441867142,0.8276783968215923,1.7030851308515578,0.8949528015126545,1.8610701989708716,1.0653867271648518,1.8379467364222317,0.5608800637181472,1.842838685226765,0.7843875695375192,1.7101803404939622,0.9121980135768859,1.6874425569272196,0.7498003366058417,1.737683822380256,0.8962762877358424,1.8203982884016185,0.9343425092382168,1.7881235953124015,0.36159168264572344,1.813400903945457,0.4427308093503941,1.6598204471899576,0.989050786335538,1.6205933351180515,0.8803024914841908,1.6691489666705648,0.8557971868003774,1.832585608261571,0.6560380890853097,1.768386554096991,0.5145597063052982,1.8310813232297978,0.45551064747165637,1.6473762823668023,0.9012096854411636,1.6591967120287614,0.8643076036783591,1.697301823147509,0.8850881535941514,1.86913264696814,0.5102956065463307,1.8393912690501577,0.3492988545924936,1.8345239313024782,0.705743552261864,1.6953064019233888,0.896476508280056,1.6433587392565283,0.8983060471257588,1.736962544525713,0.9278531037095339,1.8754908965744437,1.0465340139238828,1.8547737498666397,0.6369209420998794,1.8651217132624143,1.0486117564620085,1.7169573388163137,0.9740671812419112,1.6980350209662904,0.8743915579410511,1.757733213816761,0.9172804079545054,0.6128044207121428,0.921796931885668,0.2591724206526869,0.8920629779743519,0.8193351147874133,0.8019461996333922,1.3897188187378495,0.3887085521282445,1.4532436296877789,0.30262534761630155,0.9130943990857904,0.40484935247010506,0.5651849703512032,1.273982576262524,0.32668179516066487,1.0859592227017958,0.3908825774567343,1.3081105626423792,1.3514142152673596,0.7718667671853998,1.3374706449682585,0.5433816531424936,0.7727838591337863,0.31477909435898777,0.9226899117638063,0.7287227223039477,0.3249662927474258,0.8806807796141399,1.1240945430059561,0.5702970549127778,1.491834705473782,0.5740748425920157,1.5583382933904868,0.5959815049102573,1.4880832196412583,0.47187766003599557,1.6481447099066475,1.4623584978275082,0.6699262351101835,1.1354467214680322,1.5688618930035472,1.6692606746617713,1.6736772069868548,0.7575837461251407,1.6147686267731602,0.3675716650399522,1.6712036575595373,0.9305050417371534,0.926192333385438,0.9578170903296519,0.3508377796208212,0.9363921734771972,1.0390820562085346,1.24319941740404,1.3520605338765699,0.5852490916974388,1.462536868741882,0.4235756679621295,1.4282413872932775,0.5083992564175595,0.8709812871381776,0.9238057623583864,0.3288802375023834,0.9342284687370295,0.9789376468584535,0.9134300012250253,1.4659884521653739,0.8339360480807595,1.3264037996873896,0.4898766830735779,1.2776754531591918,0.3261057778146895,1.3638862367218074,0.5993823306444857,0.40128148645835704,0.7240738609306985,1.418867351165003,0.5906087304615081,1.5656474694948768,0.3971143258466142,1.5204175008574679,0.31854650291580194,1.5529915332949449,0.6757590159184546,1.728226956897198,1.045415615200997,0.7041158568860469,0.8539433599118736,1.7924217392975352,0.945301048915709,1.6383685325896664,0.8660941648761762,1.6535950242031503,0.7618006145957728,1.6946021691482647,0.8853291728757022,1.3246749797631798,0.987914349457687,1.0306716078599216,1.174293975437455,1.315874177171686,1.3029228260554404,1.4684090180162577,0.6267040652258177,1.5672177390006259,0.6013336285437784,1.4804723654255825,0.4715056287723938,1.0863935872455377,0.8931744827479706,0.847351571729283,1.1660957035827288,1.2570426832986163,0.843880245517471,1.526857105793561,0.45359356913971294,1.5506252795405346,0.5152049136474268,1.4987335548856962,0.9363064273606153,1.6278159219985395,1.009485904954379,0.9561869070882105,0.8500336736001455,1.646167587125124,1.2622216487436415,1.6570494831763265,0.5381243839405541,1.5062948704051284,0.6003154923657867,1.6800522885475169,0.5791704886448379,1.8081123074993926,1.1510313786480257,0.9327166053002196,0.7364741946578193,1.77517375817195,1.1343253767560886,1.6809253299208302,0.8269728277519616,1.6860876221761305,0.6215762736187853,1.750458538116958,0.9920918832053162,1.27555322134918,0.857107176546107,0.7946586547654736,0.8188250388645324,1.1166125523270294,0.9481406357368519,1.4485548586252879,0.8747437795737144,1.5041608052480688,0.4531408123611846,1.4939590500273772,0.5091395214042128,0.7530169352750896,-0.08965328775896485,0.45350436964751284,0.35644030062116905,0.92628068108679,0.5352562026053747,1.4702092476608342,0.8692088798300904,1.4696738856093419,0.47247481457157026,1.419299017743955,0.5611614925507632,1.3922536231622387,0.6470823164083556,0.5180136076035831,0.648393912832007,1.4720873645083223,0.5807568357624069,1.5789624603425028,0.7815879850240133,1.5776267230286498,0.32857533814453366,1.6943534602543469,0.7865511574659755,1.6258815356181875,0.6223124013517819,0.1730982376764537,0.625741679923815,1.7299406400965194,0.735898995701495,1.6824400957697847,0.809005611754945,1.6352540512650544,0.3404808219009962,1.7440345866792504,0.6649833118354678,1.7337572126095766,0.9706487138549295,1.7171474656634218,0.3296663779566688,1.7560165723342847,0.880229365430051,1.6262073717421024,0.3193836175795672,1.6237437182399033,0.34067763806614676,1.6693086711757004,0.34921945575124774,1.7210486476586178,1.3297515845890995,1.7227236585390615,0.7097276759324699,1.7411706142073646,1.252056475941964,1.6739716852867883,0.3112533061152047,1.6524303551324864,0.2728054139862878,1.6366409464939413,0.360621474168795,1.8022485396318972,1.5523249170885087,1.74356673552138,0.5611308569805427,1.80890615652624,1.0972274881982826,1.629562122935154,0.32677954885682226,1.6457071620790937,0.31705845176567415,1.6929738650704975,0.4381987408339251,1.8623138590443054,1.7735045497388617,1.8111012239060942,0.7346252969759848,1.8467879681266897,1.6535917819648256,1.7163051539618257,0.8900144397128059,1.6783984668315057,0.4788253238999708,1.729115469524706,0.9364554401335385,0.6368728129686456,0.5062226208242648,0.5504301736610206,0.5062224665223312,0.5250994795723739,0.5062300318013753,1.4136033765448637,0.39618259090651087,1.4344116707553827,0.3637257707996273,1.1913059369967156,0.3183177067422858,0.3195790408058612,1.1476250533524337,0.16289310269065924,1.08043374038119,0.6633331989324832,1.2957586628140347,1.4124442527288072,0.6164141203018589,1.4652303903777948,0.4084117867001778,1.1832200640810984,0.43516459732256735,1.3794216457850712,0.4192457950957395,0.9543341561450192,0.41926171826167674,1.2834107799637617,0.5608433531090128,1.500204062595773,0.46226274670412576,1.5001806621515628,0.28758092588635653,1.6056001369956623,0.487111915272751,1.7844171333582246,0.358975728520744,1.5910943108623719,0.561435773720668,1.7353463637164548,0.5608731886380293,1.6282053378206665,0.7919482774955225,1.6374329444040328,0.27823248923609806,1.6967848845873883,0.5371986751533419,0.45727782499711245,0.4700569108372047,0.522212739838282,0.5608432926715778,0.5499467542191048,0.5063197445870793,1.387554495476645,0.31402690145629636,1.4535628776613498,0.3280010879428389,1.171457956393931,0.1482610380478547,0.3105762830536706,1.416983557367767,0.5107135921746375,0.9120014397055451,0.3809409809869434,1.1986107177818996,1.3505099162719618,0.33862868911959804,1.505004248296262,0.3096781989741922,1.1674335575329782,0.5936441743725385,1.2235269532316095,0.8517371781005719,1.02949230938025,0.5608430482893658,1.1125761166365942,0.32605623743967965,1.4322905561759725,0.5143105743233193,1.5121089646818977,0.2956648274669472,1.5598548662386695,0.44813392735525187,1.6363907730052965,0.4196242590871942,1.5993289470914909,0.45345220395418656,1.4816876977091642,0.32606286723865163,1.6190288142652332,0.5069414208751616,1.6266817868135068,0.30995835707536595,1.7098532070259536,0.35765602236349736,1.5346460459604423,0.599275804779388,1.4128170276261414,0.7798532386568486,1.3549605896395396,0.45913660859380945,1.5113421864944274,0.4127099192583169,1.4667119211512862,0.3054939553594517,1.5068161400689513,0.4950355121159954,1.3644175690897127,1.0105218794088997,1.4402588960618723,0.7961336315289007,1.2705649710278855,1.1407547621344185,1.4410699552880757,0.3246166419383122,1.465865060182764,0.36151024172961554,1.5345946388052534,0.26929970322848257,1.7576231309555423,0.6304659212420033,1.5110299804400886,0.27212088615559765,1.7245483731338647,0.21603193088363498,1.5387249429719008,0.46793975956867556,1.5302913520202461,0.2448574539501625,1.621222535316358,0.5650460843758356,1.8186162395286425,0.8593930254528103,1.6962207665581353,0.742578350045642,1.8263559775057985,-0.1392163765474805,1.6446226040146157,0.7228821880616914,1.6852507266892007,0.29889621805184186,1.7037283123511477,0.6583893698312977
22_5,1.5697079031964,0.9416482819708507,1.3687103947506054,0.941954521588285,1.364508305293758,0.9398778551829906,1.6241900903101332,0.8917505206990359,1.5765502608931254,0.6277077339637466,1.5347912612631736,0.861636029774294,1.4679771214444524,0.9561256663661154,1.5985113385291911,0.9214300976983286,1.3320495583188372,0.8647127315014386,1.5901703961247253,0.8787453994312503,1.6256872210577074,0.3374505242361089,1.6139508734194945,0.7950568712890085,1.7621186649591467,1.002136390351086,1.6261323056653212,0.941648103536489,1.6877937175056739,0.861737208506289,1.653121119465711,0.9218678006547983,1.5617178480046565,0.8254677677047,1.6509449537358556,0.8759296077348637,1.8496658354513376,1.277021812683606,1.797307073948963,0.9420859102267142,1.839301659468132,1.0659293119553905,1.7027229595583235,0.9191933556621796,1.701472258087546,0.8244973102251257,1.7677519352097577,0.8743902743844107,1.463395452349744,0.951822932713222,1.281224429203031,0.8701851735230118,1.4082433947852673,0.9527452258163231,1.6665734838563062,1.0341090871257095,1.7052727241466419,0.8980772925791598,1.6577717967618986,0.9683129886895504,1.4740942443804779,0.7980011063554945,1.3521227345030178,1.1675251477867057,1.4847841345022352,0.8622943814692859,1.6574215463462731,0.9084300815701184,1.6887860191761745,0.596011436159693,1.6942742380252584,0.9039830757811765,1.7047554030135137,0.9167824305523349,1.6611321241121784,0.9223931542911332,1.5660673014383815,0.9628415256901653,1.7053204697804043,1.0013664846648793,1.7287236937165062,0.9073539036785911,1.7513393440331184,0.8225803725708443,1.8401801223682883,0.9895786278800502,1.7902289447590525,0.9226012328652488,1.8251701785637104,1.1495056821521532,1.7364248402137308,0.9632124598768271,1.743885649164615,0.9254791451575707,1.766171333465118,0.9466379095539091,1.29334512158877,1.0256189127788828,1.334019538332642,0.945195045288047,1.44765987007787,1.0537453278466418,1.670311262401088,0.8691576695132923,1.706440807347289,0.9674646132011975,1.6231430006637522,0.9460812009544579,1.4154218806711942,0.903482335265084,1.1398355277013752,0.966442972929273,1.459973962529244,0.9416893232371701,1.6772850286645928,0.9062808039983302,1.658842611161164,0.8693098486449747,1.4857134304029223,0.9451269349533946,1.5687454580874867,1.0145486185795118,1.3659456686404623,1.0891846384458765,1.623662113113055,0.9708443089016777,1.6721048491755774,0.9385247467624651,1.6577655159307798,0.8740375712310012,1.6933371348055954,0.8693787328893862,1.757534544240327,1.2456231503338724,1.6946684390033562,0.9338004280593875,1.8191815857795086,1.1437060653886462,1.7037206252173966,1.024584958062667,1.7188189138106127,0.9049547189469391,1.7513433959286484,0.9091342506516692,1.774661819158097,0.9515389572768901,1.6696165216811791,0.9034801608883809,1.6261350301719038,0.8659466040531472,1.7302757525778816,1.0705623592352316,1.6920427585887332,0.8122850683107129,1.7348867287763963,0.860206309587234,1.732596435952958,0.9035168565086903,1.6412565848272385,0.8617061778370788,1.7100693336322728,0.903567562406102,1.6766797008763312,1.0285525386600778,1.6699070521304196,0.9249212297582302,1.7212016086425677,0.8319303815100223,1.8347319101404178,0.9429416767809186,1.6899221766024914,0.861631726184894,1.7488805058046215,0.8815561860310154,1.6917751565880872,1.0119631424981315,1.7478931833181566,0.8718805209459745,1.7282660375208194,0.9219023427779585,1.8686780685541309,1.0402768539474345,1.830980823437146,0.8616506143069642,1.850867198132846,0.9230174616737153,1.7387697859297442,0.9878217134505626,1.716589237312161,0.9244860402663805,1.7678271021645893,0.9857039597651932,0.9166107706304215,0.8955071708372856,0.9444487295255968,1.0334879055058557,0.8458477820850911,1.179254837569157,1.3355565299422074,0.8747876703887347,1.362851127719394,0.5333653051805507,0.9854609224416151,0.6035031910006566,0.8236587931388611,1.2376724148086615,0.8616889302366837,1.075655292795354,0.9070932015023457,1.2781016907577194,1.181649686637315,0.8660451155536885,1.3784212300614296,0.8475508973557919,1.0699132401419758,0.9003697487690273,1.1447664443052146,0.950289898656657,0.8703392378647139,0.9034802050327361,1.0603512020589148,1.1152977299401023,1.440403739493236,0.897838812161187,1.4482611359052442,0.9038748242706005,1.3176505223558614,0.8621499283650155,1.316644751409034,1.309623059474321,0.8715290277390859,0.9087177072686902,1.4812654221948338,1.370342727933176,1.5811216136679915,0.9256088236629242,1.6315630991009722,0.721103621140686,1.5175348750573674,0.9854459962815129,1.09661910528759,1.2478032831127885,0.8407206131382718,0.9949468427099997,1.001724852827865,1.0689216144878033,1.3451301489730614,0.9443379795606711,1.3842760558072666,0.8550480907994388,1.1577409476064118,0.9419444970877022,0.8965232640400478,0.98668721143795,1.0465432618102652,1.0903673223343664,1.1261429621350039,1.1355058817458898,1.3526010206011394,0.8723697833053949,1.4082193192833756,0.8624223363249923,1.2252777829756227,0.8397591538660985,1.3681916012025181,1.0278816711534406,1.0229882893864914,1.1082685673378703,1.468048853479085,0.9075526846414135,1.6324043591226622,0.9253885730803675,1.5418773252927438,1.0005644765164468,1.5645418789489465,0.8636580657118306,1.5376654427067886,1.232362388968662,0.8736568573578996,0.9237109642733168,1.647953387737299,1.345126366202098,1.6679337769790616,0.8883393820992757,1.6466464636237517,0.9054525006884855,1.593085377679699,0.8703001349557756,1.2525200932786555,1.3002218201242688,1.0559237828558894,1.403160978428765,1.2986753780337554,0.9795387266334794,1.502138712101391,0.8651321260508612,1.3599506324861508,0.8613863802067554,1.478891561126558,0.9435096454557207,1.0937347268489304,1.0401289371053084,0.8257009786605757,1.1193796677132224,1.0062256791931588,0.9810010252795657,1.4964580801351421,0.890664288127824,1.4872342821050177,0.8655635193059042,1.256776581539393,0.8703975618642852,1.500655103048081,1.3658487751139283,0.9851570248264384,1.2259391180511117,1.4694630598431615,1.0684229423745748,1.5428708741283612,0.988259696882567,1.6230313284123783,0.8934568889758944,1.4313630659729448,0.9109891280829988,1.6220290073986992,1.2610540961473233,0.8978111285816042,1.1071243435093159,1.7170683117322374,1.2942897820072659,1.5883824983192978,0.984897649664561,1.6491339674588303,0.8685847121354946,1.73829207904359,0.9561653824356235,1.1140994623728082,0.9063560954628798,0.9485072123292543,0.9198774614828963,1.14606884128023,0.9917772819547434,1.4848062779595939,0.9258497715001588,1.4459101732442807,0.8775838240474999,1.425213146441856,0.942299191713679,0.8956378856085975,0.9971322221627409,0.8622078055890993,0.9052122107767018,1.0367794181708405,1.1319612544864976,1.5415403636744027,0.983801968727815,1.4969930550111852,0.8747329211418737,1.4689998914516835,0.8616319828837424,1.2557521769206184,0.9199136172241147,0.8735436270894428,1.0546519387397655,1.4311634047862682,1.0117667263856271,1.5927437005475058,0.9919714377609378,1.4991740778339868,0.869559473994564,1.4739834268850027,0.8429517837767168,1.7676327473127664,0.8698295805142312,0.9205499273720102,0.8616319974804034,1.672017352719937,0.971038105820934,1.7205419045725654,0.924920008894221,1.633967728796283,0.8780094767440847,1.677644491313311,0.8739532878211498,1.6409759322072877,0.9726511628951879,1.695571294929997,0.5061570739519343,1.6606674047542767,0.8166774726584738,1.5859692404247454,0.3634145865792939,1.7180045030462776,0.5448281831888369,1.7128855819741855,0.3279224143213989,1.7278835611330432,1.255454567182209,1.69584023507284,0.615999140673203,1.717848631087686,1.103620378057166,1.7639955342253624,0.37561227485930015,1.7164009148487667,0.34644473867188263,1.7161226546699289,0.565421518100622,1.7960437353650356,1.295726381828044,1.75235844656584,0.7658406005682515,1.7801195204667652,1.1265965821374537,1.7103748876589326,0.3956735317262628,1.7421370755168852,0.32248489574542794,1.7522705405725176,0.6448566039985238,1.840079007160068,1.6848582795910063,1.8168504161268697,0.7908778669242246,1.8466670398869283,1.494787663557368,1.7110731424029193,0.7543207523605403,1.7286090768665732,0.3962935652428389,1.7771560048948347,0.9594049217115961,0.9450845496622519,0.7908914419805172,0.9065610038798687,0.86163172456636,0.9548860081848863,0.9034801370616004,1.4894455960369308,0.8537593368770627,1.5035282695288557,0.8616322189894523,1.2187364939044072,0.6056482329220704,0.9353151754984078,1.3873063050401475,0.943073835445557,0.9420441882718792,0.8659780533087581,1.4018975952265413,1.4046256743925434,0.8373724338562527,1.464985629421355,0.8621506756918107,1.206077369570408,0.8685711821760117,1.2627782148201239,0.7353997634567242,0.9676180697279331,0.8616317245574012,1.1569577406728924,0.6000736162707115,1.5756886484967116,0.5677547074855513,1.6293947948270504,0.5175994729080883,1.5893597252424996,0.9035972208062273,1.624348288394143,0.8616320331388976,1.5007566808816317,0.8616421240137533,1.467758576628779,0.9034803224960757,1.6442723775747634,0.32169861052274623,1.6783255649823001,0.2784186624075673,1.6733160266298748,0.868897416106378,0.9054587588528399,0.863816455694912,0.8096918530519902,0.8616317246619192,0.9501955100781111,0.9416481231381683,1.4497035229806468,0.6293975181773213,1.532084087556324,0.8277359960673643,1.038643732176213,0.7162781384320704,0.7955183524699458,1.429366353702879,0.46447658088235355,0.9423658862349986,0.9041833680938721,1.4381272310717856,1.4303517880692966,0.8098377632846796,1.3068841354783625,0.7734632447195552,1.1315511462356163,0.9073294153007898,0.9790518430356252,1.046324162321732,0.8607654558033037,0.8616317245633737,1.1578927628037714,0.8616317448816512,1.5219748414228198,0.5289540240616349,1.5772376305537765,0.7798218576528947,1.4939494431138087,0.9034813296383648,1.5029045824004585,0.7134406159230333,1.3431364488475648,0.7147164499904364,1.5063567371928386,0.9034803876332452,1.6928956292058888,0.7203766175178508,1.6944014641807095,0.38296836411353663,1.6948395881864966,0.3273851217992878,1.3316365848419556,0.9034932451433456,1.2220460762027534,0.9034801563784862,1.0639508252094554,0.7906184131980661,1.565244270729709,0.8548652098039186,1.6325286002944464,0.7804474263598438,1.5137537189964925,0.8616748528491627,1.2407076620125113,1.4286228369098872,1.258296641890856,0.9546064198683515,1.0799275820682883,1.3412886364043792,1.6017509255402682,0.4463394870828928,1.6184565514447908,0.7761848770919387,1.538741303584469,0.49561320910185286,1.6410290071408047,0.7917331706335374,1.5030099587028816,0.7900930718919996,1.6044228833413514,0.9055362652531583,1.6152355291107507,0.6843139427820295,1.5956995078848115,0.38581863774443065,1.6102417394589355,0.8750373458146183,1.8212035328120966,0.645259223493268,1.6639769462984644,0.8655133620058356,1.7821968790130829,0.9147817852153166,1.668242354684765,0.7780967719695929,1.6829143480657884,0.2804353415665995,1.6965227999221992,0.6594026374523079
23_5,0.5379488606000649,0.5900796150342609,0.5579467932317296,0.5823257818510565,0.544412357997098,0.555402593091676,0.564726776814509,0.5094035247556421,0.5256137458687141,0.511955053358531,0.5543590317106576,0.5078805474521603,0.5061978985183573,0.5566393542641976,0.5258788576021026,0.568306239346235,0.5756688785362266,0.5357676667298091,0.5491281486206582,0.5199541472944513,0.5245417250010562,0.49152817135838506,0.5281317926933686,0.4587311407165086,0.5379394050687493,0.5656879488319156,0.5546421508870217,0.546512668572536,0.5510559481090593,0.5694878710167083,0.5077498845309648,0.5257910094813226,0.556623427083509,0.5244331057612353,0.5068954674018513,0.5100597759356578,0.5517192724418233,0.5671007526263281,0.5465139450342601,0.5315556084067495,0.5624047673456908,0.5047352340008094,0.564778435740902,0.5377782867961963,0.5197369249627694,0.5404225295476323,0.55495832238041,0.4554305679993451,0.5622463839463422,0.5323078747352724,0.5583747770739936,0.5784832402458907,0.5580265626908453,0.5381882389978108,0.5573542971565572,0.4941259834607517,0.5608926027456315,0.5379962332668344,0.5475428414943792,0.4817393614733357,0.543219782358896,0.5283730945168827,0.5859671748034222,0.5914253360598162,0.5550429921042248,0.5828848258909869,0.5608694546212686,0.5072843309517903,0.5365229165495217,0.5287377287663118,0.5368312928208601,0.5067390441962856,0.553078579003588,0.5685519927066724,0.5296134097801609,0.5561660047095074,0.5768968926498189,0.5490983464043808,0.49868715342567027,0.5049059133413271,0.5219463973180039,0.5384139371547526,0.5379511670469073,0.5249611829993224,0.537392698968855,0.5197986091583238,0.5354008136409163,0.5413719334296246,0.5594627382254693,0.5014516680335378,0.5472891661161594,0.5174140394620501,0.5655499036656164,0.5227857840721061,0.5720790474221789,0.5238662698838685,0.538196846723992,0.5757251197770853,0.549467952072823,0.5916198398591762,0.5804414931967755,0.5356716471919393,0.5476599663991654,0.5063608940137103,0.5589761346299958,0.5167543537199536,0.5343951393295461,0.549098619765939,0.5288120582164155,0.5668172410574062,0.5487315265204501,0.5598489028714857,0.5691276609602361,0.5456614535927368,0.5434446813963145,0.5358111991687119,0.5240966412402549,0.534029099122119,0.5065803369292378,0.55395939971116,0.5344413875000734,0.5645140819100398,0.5685842319453398,0.5658999636062535,0.5416679988907127,0.5458478964144967,0.5279168802658932,0.5169745742020667,0.5655690117164841,0.5174331008225542,0.5317594161335284,0.5334353072684045,0.5353006758837411,0.5648285723228237,0.5589752589736453,0.5179809814155912,0.5351303034005065,0.5766815372679142,0.5796753932116075,0.5202039527913646,0.5071366151498219,0.5387433438230647,0.584949590227937,0.5118963762954839,0.5590007905423744,0.5183388758878492,0.5611082346441607,0.5739973792294153,0.5681396831280969,0.5590433765424806,0.5215147666020544,0.5234875658327823,0.5583430290221273,0.556286006878569,0.5682547601336869,0.5175357784254389,0.5339530959314353,0.5451567256038288,0.5263135885832777,0.567225934353751,0.5538595483710429,0.5373198992562143,0.556186650509773,0.5489281188627596,0.546858824436444,0.4571800978020867,0.5624338621064826,0.5091476602728264,0.5822353474122686,0.5773045934859475,0.5356373930942399,0.5760771351609445,0.538995044134596,0.5509640093473579,0.5171501761025443,0.5226621474772505,0.5485088457710726,0.5572049799912928,0.5496580480164635,0.526969902815784,0.5256056719080626,0.5433970960442019,0.5950495207299271,0.5675815173360221,0.5432360853533486,0.571674883469463,0.5324660230159437,0.5040288233358854,0.5663176501959113,0.5146315909144645,0.5592147160855688,0.541897089099892,0.5510631283013193,0.5388242476224623,0.5117645198994086,0.5445656256732598,0.5477521816275679,0.5398496984817387,0.5519303715554236,0.4955744247728138,0.5514127471389343,0.48889934631784443,0.5462299593062244,0.4893182041794209,0.5415102803324087,0.5270401437651621,0.5253328963955983,0.5566536394425335,0.5520828057062471,0.6342258249271935,0.5351984945336621,0.5054237768711143,0.5680502372439354,0.5119216186064338,0.5593996762690384,0.5673675504769501,0.550276762453522,0.5663183385976834,0.4941634087358803,0.5160564614408789,0.5250520802482346,0.54866217164023,0.5394987773437796,0.4969674105910753,0.5639792217595231,0.492691446616358,0.5320602110282446,0.5489748172286959,0.5844967015489941,0.5342617429031395,0.531181951900383,0.5695684278616349,0.5670347704350994,0.6081162751572253,0.5527059026920285,0.5399368523239833,0.5450451920564744,0.4990508629517065,0.5203498771834758,0.5527207914480687,0.5321862669483556,0.5199376474754726,0.5491956953700075,0.5491105564229767,0.5844655765020886,0.5465254947376297,0.6076696760806843,0.5335305629233902,0.5685430913729295,0.5410634383594497,0.557835004073691,0.5218953835854698,0.565698605400811,0.5574646636735074,0.551180583090358,0.5365437392198277,0.5605690690766486,0.5653111392714547,0.4979082702288713,0.49887433919828333,0.5779695257483294,0.5231499449727757,0.5137365801897148,0.550170495016622,0.5623209969573901,0.5217754625943575,0.5194216902241199,0.5870472406713106,0.5472601852629478,0.5410144881039803,0.5642160531634093,0.4689400883608253,0.5385061921125963,0.4890384504128599,0.5672795606104528,0.5046924836383924,0.5560528017055326,0.5565729144986375,0.5748785992351675,0.5339571552545457,0.5195759187226566,0.5013498367301263,0.5385856498746869,0.5136707629028318,0.5261909863435408,0.5338751687138701,0.5677506331785822,0.5268173378126177,0.5591974655868301,0.5566561632806446,0.551008702227062,0.5352897303416287,0.5709491605341115,0.5224619280897771,0.517215526362944,0.5121454078565508,0.5491905051518513,0.5101197373497935,0.549927964599688,0.5587646610759869,0.5616317403494215,0.5809720518712791,0.5056428988776808,0.5646002047959615,0.549078374900485,0.565307424228985,0.5608242770192615,0.4891873090177664,0.5647814283101844,0.5297637498261799,0.5670755827288643,0.5270554757654411,0.5620242892219904,0.5443567782268781,0.5879757723479765,0.5102253613883629,0.5550468017793232,0.5538488000088961,0.5525577977588807,0.5238046086702348,0.5363870829101776,0.4999845490479018,0.5426630704912628,0.5617102999615469,0.554590762584317,0.5456742987585703,0.5557176355771349,0.5550829657650966,0.5495796906120691,0.5662863092769469,0.5456939399788487,0.5383571110375327,0.5392461477741534,0.5467350314414664,0.5645569400605358,0.5247164344706184,0.5666006980007667,0.5534464200285975,0.5836731705773994,0.5752500705201521,0.580387587963248,0.5338319907313137,0.5273392859987908,0.4984630607720026,0.5149588169986467,0.5205947655745911,0.5335904770901647,0.5090303294363696,0.5343280022586707,0.5586173943932692,0.5677574315158059,0.5640896295899416,0.5443700573130724,0.5284847866395614,0.5304961499012939,0.5307150990488021,0.5236256876308399,0.5368551142569736,0.5439082076748794,0.49107878901071245,0.5553136089150225,0.5122566965871116,0.5249385464342471,0.5335045813213093,0.5659739336220789,0.5542574594864438,0.5323857791295944,0.559780835138897,0.5435898827377723,0.5293122009952624,0.560955031502311,0.532659463343439,0.5410133379987697,0.5571276991546519,0.5506602684671195,0.5684480179077215,0.5686448148485598,0.5323690876130254,0.5405213771870201,0.5171553488853688,0.5269120802008878,0.49292480698243546,0.5061057992881751,0.558481742447106,0.5432678168673892,0.5282068747398538,0.5416057294739917,0.5612072501465256,0.5428128190953688,0.571597784284478,0.5516724598219425,0.5112588560675322,0.4680229309839781,0.4538850450860439,0.5204745396731971,0.44988783925798354,0.5077348341754359,0.5476542017195785,0.542149417224233,0.5339446795414285,0.5554660701584768,0.5595589501171743,0.5121243425324769,0.49753756226605106,0.5417031443080473,0.432120325516156,0.5171341543235929,0.48474477673377114,0.5596449960256189,0.5669972506695261,0.5421865576492888,0.5343775092150967,0.5087891027360877,0.49272826281047394,0.5315858951084126,0.4917893983301524,0.5098964753151174,0.4661645253388038,0.5330190527811142,0.508020886751029,0.5349295700564481,0.5393270516533546,0.5741090038774685,0.5494210595728944,0.5028533245138981,0.5141592801048034,0.5203657794594021,0.5431339159474405,0.5266869500981501,0.504359889074461,0.5665359357550476,0.5491222035898914,0.5838985121819209,0.5547609768195124,0.5745402495963712,0.5586725980390842,0.5453887517196225,0.534732462327785,0.5100225169265361,0.43725007357665624,0.5454040711531338,0.4613354822845155,0.5243218473910484,0.5032608753947574,0.5446999696352972,0.5209295273440767,0.5521780744025391,0.5710091491264161,0.5502741728896677,0.5517459004669334,0.5025332796564665,0.48773958452082644,0.4924354666126808,0.47747010805807705,0.5352917898440374,0.5149183213370094,0.5616228415925011,0.5455892728532217,0.5438759659871282,0.5239562870412587,0.5693177730039082,0.5409808940814099,0.5538110528136133,0.5177014739147087,0.47149945772998136,0.5315208919448717,0.5270440822793969,0.5255865099338207,0.6010953425448364,0.5490475994318037,0.5415879236032188,0.5417761301188017,0.5789074219594433,0.5446329678244015,0.590388376324637,0.5185468049418245,0.531039822820985,0.5095547983991152,0.4907010999628031,0.5090119678596292,0.5387818350531143,0.555578499351673,0.5261773153836614,0.501561692692434,0.5349132144484218,0.5070219749051538,0.5149807181481016,0.5008801093967342,0.5216123111023413,0.4161429901785267,0.5756263293123424,0.4956794300767707,0.5614771135338117,0.5545886026418992,0.547965280651008,0.5112998622904122,0.5501629234000917,0.540700453418211,0.5183282666627976,0.4842983035079122,0.542757807494918,0.46004138836564273,0.5397693042451143,0.4885738192807457,0.535036300663537,0.5606752871836415,0.5490361696887356,0.5641066325116129,0.5635446912914511,0.585688375474193,0.5563699781136596,0.5355523943117486,0.5440034344619699,0.4834929079750216,0.570511289757601,0.4967261720450054,0.5798582320929617,0.5521948269018647,0.5782407807222376,0.5182845868766929,0.5331830042345794,0.5503293657637771,0.5378384305472389,0.5360548849711572,0.5594852122520856,0.5378882452363857,0.5382180773247823,0.5172885163342594,0.5685539501314184,0.5410089823840978,0.558608147075928,0.531860852261568,0.5344338112526714,0.5385174720815475,0.5440335113607233,0.5042612701276054,0.5319515045606431,0.4592983243553322,0.5438106813304882,0.5257269975816241,0.555472492691413,0.5597612553930167,0.5644515970196016,0.5914495692013614,0.5301900907854575,0.5635537779995944,0.5264010945446589,0.525621804311412,0.5421122499963873,0.4524282733246928,0.5621908580915869,0.4745541968637659,0.5451175597874983,0.5635549262715135,0.540638136127824,0.49782487128325215,0.5301038800034329,0.5566037931342442,0.5192691713548883,0.48366142006866636,0.5350562327626343,0.4715414407211681,0.5207127886218115,0.5250470458385749,0.5477160795375536,0.5961167378011022,0.5791059438987449,0.4983080782350625,0.5670356049756077,0.5813892810855165,0.5297264453656272,0.5038006861121307,0.5305387302254175,0.5196092014873456,0.5190895973583287,0.5252298902373875
24_5,2.5707749264698077,2.4330235072005224,2.536633481348047,2.4134202919680043,2.6034215530467244,2.4014355911357548,2.648653917387051,2.5265267654057753,2.6770268992427573,2.5046046274001914,2.657957348750624,2.438243780005665,2.5075492512074042,2.380736885964504,2.5004313774121285,2.392218617812824,2.5450589491835394,2.3781948288534602,2.6511144602027175,2.520444044922601,2.664853034629302,2.490787857322106,2.6549993144602233,2.3934212838763775,2.7046312561901313,2.4505051948450873,2.5984065285345395,2.400295164477855,2.7077891443751905,2.4394409886735002,2.692228075951402,2.5360272761123275,2.6853034666170847,2.509609114781069,2.708639381095,2.507847881409261,2.81979690336261,2.496167848546918,2.6452348173085287,2.417036509436892,2.8187358317912463,2.3720636232991232,2.725615945978503,2.557815078242686,2.717786922986363,2.462353419537172,2.758743849217865,2.552383720868977,2.6947066220947313,2.4994126076270775,2.5743903748019976,2.386198753943498,2.7110631984845774,2.527252048781292,2.7058872470490978,2.5635696724559263,2.692060798436937,2.5179874156309516,2.724389255575058,2.540951881046465,2.6659056817240794,2.426546237225478,2.573172130555461,2.400589465484785,2.692334973045491,2.438109391834408,2.6887684077277987,2.5631492362707626,2.699482140032504,2.5365995650657758,2.7002862872975406,2.5151216704125012,2.7477739398482934,2.5343130882290446,2.6250440689340104,2.4235934081564383,2.782962753082772,2.558705028488149,2.721934697633016,2.5794669815670157,2.7060048204556653,2.5380120950880483,2.7300975154987928,2.5525842372556933,2.8373489776737695,2.5207266272298745,2.6636739387277637,2.3882881365087822,2.8436643444461986,2.5599715649311316,2.754842545915455,2.558850980273835,2.7551150021355855,2.5678664012784505,2.776982463306815,2.6143992643479,2.6879413383564876,2.500305186044026,2.5849221780140486,2.393799728329087,2.7236868899202964,2.505353737840393,2.7022442705076664,2.547654187845557,2.6824649351702083,2.5399106402432654,2.708617652562507,2.5456243268769496,2.6609555165238703,2.454300290394201,2.573756870208841,2.3884813757984933,2.6919903181758036,2.4358087407579396,2.6729935952387645,2.5194557283891132,2.692956453244184,2.5187866558295604,2.7027086274412553,2.5489502728731934,2.770088180894861,2.5424910171548767,2.6286867314132056,2.393828997073074,2.789574751039863,2.5383754203727715,2.707021526225608,2.579697217469453,2.7216089670381707,2.554085345856659,2.7372381818713793,2.591234264992002,2.8619562800485134,2.541844604128305,2.6530882512094776,2.404222856354511,2.8424897146464523,2.5630936684181362,2.755495628452486,2.6079116650376455,2.7453532106764604,2.5443144907239628,2.7641074970666093,2.5984183485197074,2.7204521953125593,2.528438787437222,2.608106635559089,2.413054382118405,2.7336710162004847,2.527167093229835,2.712719922446903,2.5791218225790393,2.6987821461699726,2.5306104064061676,2.708289591150958,2.582510573033877,2.667062572659318,2.440799611088689,2.5842972694415933,2.3936517598890674,2.735104487318633,2.4709536685508366,2.716399976617676,2.543449192456319,2.6960238991793712,2.547386085877785,2.7033477340304257,2.5323219522745295,2.777168199340764,2.5352838226948924,2.630363995857801,2.4106954793674893,2.7936689588049908,2.5862347275301416,2.7388996783475843,2.5896446452057362,2.7093103346764376,2.5496935973510593,2.7393272455653914,2.5709160898030365,2.8710070824735014,2.524137384088733,2.649363892457053,2.3874605615745135,2.8438750369223853,2.588431561283714,2.7455785863990236,2.6005557394714973,2.746260689921468,2.5480606821837997,2.7668525016140335,2.6204310385465948,2.476572070234271,2.484263180017065,2.486228008409128,2.460667308614761,2.4893087507600278,2.4594904030804075,2.619635529155612,2.4808930116539956,2.5941447977773135,2.297982683175594,2.5579226866585176,2.2912599260067563,2.4143246482677845,2.505227616395685,2.4085027189166013,2.4798161310049838,2.4380214114378513,2.4848183805737816,2.624696646936413,2.480535031668049,2.5922003634319375,2.3473529599712575,2.5212064196363957,2.396181145767473,2.569736921856618,2.451294335948823,2.4733095277626185,2.4456598612859484,2.6184191662771865,2.4641172342508524,2.655245925364842,2.5042142699902006,2.634339353275142,2.469787417268936,2.659629153653148,2.4566022292737535,2.683225186869659,2.5516941865797844,2.455649291125433,2.419175468607321,2.71673934242695,2.613045314734246,2.711467889881065,2.543470956361534,2.6919737325330138,2.442889054110397,2.739435351267432,2.541640054493215,2.5656732056431313,2.506681155468196,2.482020231043082,2.3958704122135868,2.618317458534839,2.476844203904189,2.6567941090311162,2.5719282134737504,2.664173416847991,2.4482708827479955,2.6672875371741225,2.500568567324056,2.507630995724242,2.4631967598490974,2.4536939029057514,2.440537278246237,2.5603157043401468,2.4631923746505233,2.6853139997256754,2.5343831949073836,2.6686091125117413,2.403797725555051,2.6638574486033835,2.5199065890158785,2.687658776163146,2.5345818174542183,2.4866028007583894,2.4401798010966527,2.714330284625094,2.540092966584958,2.6948261226721932,2.548179873701421,2.695554072395822,2.455651170205023,2.7016518597356667,2.5720466435497173,2.785844935492108,2.5103286867460572,2.485413469293222,2.438739428459922,2.785936888996181,2.5362087966461075,2.7224355578176436,2.6031909935103035,2.7069324842317966,2.4768387986081057,2.7661306169508144,2.582747128676504,2.675296767782568,2.508536384990229,2.5575845088645677,2.4917645312428767,2.680125704288368,2.5263506801628592,2.6896220666559314,2.581614772719533,2.6938736502950507,2.360970934329166,2.69256478466539,2.565381742626126,2.590865140478829,2.485631453919664,2.4774008334631277,2.4557337233148955,2.6088516585043355,2.500320146231317,2.692040102368174,2.5912388949240066,2.6594117642290613,2.452238531280572,2.7065383947870316,2.546415905013635,2.751515047299981,2.58062430876572,2.5360846623655253,2.4869496984697683,2.778695705364337,2.591948452818836,2.7043473171301087,2.5927692111526324,2.728958361669555,2.472982271461609,2.744062934588607,2.5880910963821244,2.8566493458179467,2.5396949286644626,2.541455501720964,2.4350958575637045,2.840301489504487,2.5957142749979165,2.7309558057027608,2.5966491270263146,2.7233882866512884,2.450456101720486,2.7695866175035473,2.646568494907772,2.5577276262016477,2.4492628633881384,2.490902201922266,2.463866741019273,2.6217719010361678,2.472009688460038,2.6571001350508325,2.5261443418913303,2.6789383337822708,2.362260685892247,2.6633755800060865,2.5126229547684997,2.5281893363626473,2.4269788660619427,2.4206254086396695,2.368882661358683,2.6104722632598887,2.433782388078836,2.6683467374815266,2.542260098334372,2.6593823528405705,2.4204550915157608,2.6550457442133024,2.5017587059238093,2.708410747517892,2.501146887618445,2.4764274695054667,2.4280595985315077,2.7469616789593627,2.5056621392149596,2.673445130022579,2.593902275572078,2.6859659518809407,2.3977028145983708,2.724532183349305,2.569810828078972,2.806300240486972,2.4814259730643027,2.4462509192008977,2.377058830625153,2.8215061672662993,2.468599487676554,2.738859368242223,2.613789580377252,2.7126243909637067,2.430442080542895,2.7728898870211007,2.579898207208261,2.6896775419536887,2.504979673978602,2.6908836121557793,2.4653943309509825,2.6780260936595144,2.4911250710073074,2.7684770495860516,2.6166499779942747,2.7717451165638964,2.55272346924607,2.705109077001999,2.5156302362450544,2.721836791332056,2.5971773113790464,2.7243478324022687,2.6141604853920133,2.7395018025620077,2.6216331785508005,2.7727161301337047,2.6376736914406482,2.783108692415694,2.677448405806344,2.7600170862322093,2.6133418639654664,2.7738463741943398,2.587335959830245,2.7484222270552867,2.521388858619471,2.77512261780139,2.565123830374858,2.7666357105330897,2.5651812296483545,2.7781985739460158,2.5922703498356947,2.7337446161761148,2.5835665723871575,2.864581051836358,2.781069949840971,2.797217076445702,2.635280701676308,2.8488062472962072,2.745492716757735,2.7571095619484827,2.642654561880793,2.7758104880165573,2.647832503519554,2.798952456014547,2.6463771130219125,2.435209094720393,2.4359287614090706,2.4230787520662984,2.3780262183683942,2.444163295609327,2.4231719845766664,2.609072762428982,2.5261978965368135,2.6323819193622593,2.4035027619066605,2.5343718970198355,2.4043845272014672,2.401593647438622,2.4080368559283927,2.4054284963861847,2.3948786442193533,2.4012856779285774,2.41296672266518,2.622304161673484,2.5053117061735835,2.64029541854343,2.3505507018861707,2.526001753127055,2.397186415144683,2.557086243326037,2.45655700343037,2.489808261991221,2.40841477833467,2.6123139307108048,2.44113462098784,2.662647050355533,2.534536555525484,2.6595358790301287,2.477058306489606,2.6755913267640694,2.4430692028964778,2.6554016372201317,2.417320912949305,2.58524631604176,2.3953119286368665,2.638472929692022,2.4385674949447997,2.725499230435513,2.5502872473600298,2.737069118374754,2.550906453352789,2.672439795637666,2.412538456655417,2.444092303378708,2.452906534575289,2.4194416367012996,2.4372167035944616,2.45772530439457,2.4359501863458117,2.6017452295076273,2.4670396992756443,2.645677246000115,2.36603327239147,2.5244607296689177,2.3950290050431726,2.397036512956051,2.4209236933796,2.405844709605383,2.3529439183163667,2.4032763556583014,2.4511667011235683,2.6216943717269836,2.4915889743483612,2.6397009814140726,2.396239411885634,2.525476326454492,2.418567628293477,2.5650822144156695,2.4454437550164183,2.5016954906985447,2.3977488367795656,2.602964823951298,2.4380703755876394,2.653745103039251,2.508822595779368,2.6829081636599126,2.498611660025715,2.6734332936262986,2.44686435926409,2.6832108813011617,2.4187179156373433,2.5828002002745603,2.355556437581588,2.642056845936916,2.4411607891305285,2.73206219549189,2.5687308341459585,2.7275085421509555,2.4993250510884053,2.6755919711988443,2.4492863539080614,2.4458328718487414,2.438062965773187,2.4486903624087444,2.3386135405407686,2.4805057860749793,2.400828561364459,2.629091841213626,2.4746234990562277,2.625178976456746,2.450298850972834,2.5790570034308367,2.385905717970786,2.4215399951853405,2.4412337618393773,2.439998839197127,2.406792471205899,2.449222412478859,2.419533124998129,2.624528441783722,2.5163752509772985,2.6428184987865,2.4488376108743175,2.5653070710025085,2.426924636014115,2.58252053986183,2.424964923061377,2.511357564577459,2.3915957868969997,2.6295712040105803,2.4246617652393887,2.6710091811872263,2.510164349758529,2.6684600993884042,2.4293655623255224,2.6458565016508584,2.492010661727911,2.7251193434696632,2.42800326941715,2.5945737310829573,2.422649370592612,2.7075040777808432,2.4176458955831013,2.7151073939357744,2.5483563974190164,2.694814509294078,2.5561077022819343,2.7106845519941536,2.4678388970393366
